123
123
123
123
123
123
124
124
124
124
124
124
124
124
124
124
125
125
125
125
125
126
126
126
126
126
127
127
127
127
127
128
128
128
128
129
255
255
255
255
255
35
35
34
34
34
34
33
33
33
33
33
32
32
32
32
32
32
31
31
31
31
31
31
31
31
31
31
31
31
30
30
30
30
30
30
30
30
30
30
30
30
30
30
30
30
30
30
30
30
30
30
30
30
30
30
30
30
30
30
30
30
30
30
30
30
30
30
30
30
30
30
30
30
30
31
31
31
31
31
31
31
31
31
31
32
32
32
32
33
33
33
33
33
33
33
34
35
35
91
91
91
91
91
90
90
90
90
90
90
90
90
90
91
91
91
91
86
86
86
86
85
85
85
85
85
85
85
85
85
84
84
84
84
84
84
84
84
84
84
84
84
84
84
84
84
84
84
84
84
84
84
84
84
84
84
84
84
84
85
85
85
85
85
85
86
86
86
86
87
255
255
255
255
255
255
255
255
255
255
255
164
163
163
164
255
255
255
255
255
255
162
163
162
162
162
162
162
162
162
162
162
162
162
162
162
162
162
162
162
162
163
163
255
255
255
255
255
255
255
255
255
255
255
255
255
255
255
255
255
255
255
255
255
255
255
255
255
255
255
255
255
255
255
255
255
255
255
255
255
255
255
255
255
255
255
245
244
245
245
245
244
244
244
244
244
244
244
243
243
243
243
243
243
243
243
243
243
243
243
243
244
244
244
244
244
244
244
244
244
245
245
245
255
255
255
255
255
255
126
125
125
125
125
124
124
124
124
124
124
124
124
124
124
123
123
123
123
123
123
