29
29
29
29
29
29
29
29
30
30
30
30
30
30
30
30
30
30
30
30
31
31
31
31
31
32
31
32
32
32
33
34
255
255
255
255
255
255
255
255
255
255
255
255
255
255
255
255
255
255
255
255
255
255
255
255
255
255
255
255
255
255
255
255
255
255
255
255
255
255
255
255
255
255
255
255
255
255
255
255
255
255
255
255
255
255
255
255
255
255
255
255
255
255
255
255
255
255
255
255
255
255
255
255
255
255
255
255
255
255
255
255
255
255
255
255
255
255
255
255
255
255
255
255
255
255
255
218
217
217
217
217
217
216
216
216
216
216
216
216
216
216
217
217
217
218
218
218
255
56
56
56
55
55
55
55
54
54
54
54
53
54
54
53
53
53
53
53
53
53
53
53
53
53
53
52
52
52
52
52
52
52
52
52
52
52
52
52
52
52
52
52
52
52
53
53
53
53
53
53
53
53
53
53
53
53
53
53
54
54
54
54
54
54
54
55
55
55
56
56
57
67
67
67
67
67
67
67
67
67
67
67
67
67
67
67
67
67
67
43
43
42
42
42
42
41
41
41
41
41
41
41
40
40
40
40
40
40
40
40
40
40
40
40
40
40
39
39
39
39
39
39
39
39
39
39
39
39
39
39
39
39
39
39
39
39
39
40
40
39
40
40
40
40
40
40
40
40
40
40
41
40
40
41
41
41
41
41
42
42
42
42
42
49
48
49
33
33
33
33
33
32
32
32
32
31
31
31
31
31
31
31
30
31
30
30
30
30
30
30
30
30
30
29
29
29
29
29
29
29
29
29
29
29
29
29
29
29
29
29
