69
69
69
69
69
69
70
69
70
70
70
70
70
70
70
70
71
71
71
72
72
72
89
89
89
89
89
89
89
89
89
89
89
89
89
89
89
89
89
89
89
89
89
89
89
89
89
90
90
90
90
57
57
57
57
57
56
56
56
56
56
56
56
56
55
55
55
55
55
55
55
55
54
55
54
54
54
54
54
54
54
54
54
54
54
54
54
54
54
54
54
54
54
54
54
54
54
54
54
54
54
54
54
54
54
54
54
54
55
55
55
55
55
55
55
55
56
56
56
56
57
57
57
58
58
58
255
255
255
255
255
255
255
255
255
255
255
255
255
255
255
255
255
255
255
255
255
255
255
255
255
255
255
255
255
255
141
140
139
139
139
139
139
139
139
139
139
139
138
139
138
138
138
138
138
138
138
138
138
138
138
138
138
138
138
138
138
138
138
138
138
138
138
138
138
138
139
139
139
139
139
139
140
140
181
255
255
255
181
180
180
180
180
180
180
179
179
180
179
180
179
179
180
180
180
180
180
180
167
179
166
166
165
165
165
165
165
165
164
164
164
164
163
163
164
163
164
163
163
164
163
164
164
164
164
164
165
165
165
165
165
165
165
164
165
156
155
155
155
155
155
155
155
154
154
154
154
154
154
155
155
155
155
156
156
155
156
255
155
255
255
255
255
255
255
255
255
255
255
255
255
255
255
255
255
255
255
255
255
255
255
255
255
255
255
255
255
255
255
255
255
255
255
255
255
255
255
80
74
73
73
72
72
72
71
71
71
70
70
70
70
70
70
70
70
69
69
69
69
69
69
69
69
69
69
69
69
69
69
69
