0.03540732	1675.62953	1675.62953	1678.81475	1678.81475	
0.04022522	1675.63057	1675.62953	1678.8158	1678.81475	
0.05041103	1675.63671	1675.62953	1678.82193	1678.81475	
0.06055983	1675.64591	1675.62953	1678.83113	1678.81475	
0.07069563	1675.65817	1675.62953	1678.8434	1678.81475	
0.08085644	1675.67358	1675.63825	1678.85881	1678.81475	
0.09104024	1675.69212	1675.63825	1678.87735	1678.81475	
0.101216	1675.71376	1675.64698	1678.89899	1678.81475	
0.1113658	1675.73845	1675.66443	1678.92367	1678.83221	
0.1217256	1675.76687	1675.68189	1678.9521	1678.84966	
0.1332784	1675.80282	1675.70807	1678.98804	1678.88457	
0.1419493	1675.83163	1675.7517	1679.01686	1678.91947	
0.1520991	1675.8687	1675.79533	1679.05392	1678.97183	
0.1623149	1675.90916	1675.83897	1679.09439	1679.02419	
0.1724187	1675.95222	1675.89133	1679.13744	1679.08528	
0.1826085	1675.99878	1675.94369	1679.184	1679.14637	
0.1927633	1676.04826	1676.00477	1679.23349	1679.21618	
0.2030151	1676.10139	1676.06586	1679.28662	1679.28599	
0.2131809	1676.15713	1676.12695	1679.34235	1679.35581	
0.2232447	1676.21536	1676.18803	1679.40059	1679.42562	
0.2349285	1676.28741	1676.25785	1679.47263	1679.50416	
0.2437293	1676.34352	1676.32766	1679.52874	1679.57397	
0.2538001	1676.41101	1676.39747	1679.59623	1679.65251	
0.2639319	1676.482	1676.47601	1679.66722	1679.72233	
0.2742317	1676.55739	1676.55455	1679.74262	1679.80087	
0.2847935	1676.64316	1676.63309	1679.82839	1679.87941	
0.2952063	1676.72089	1676.72909	1679.90612	1679.95794	
0.3052431	1676.80366	1676.81635	1679.98889	1680.03648	
0.3153889	1676.89042	1676.90362	1680.07565	1680.11502	
0.3254927	1676.97984	1676.99961	1680.16507	1680.19356	
0.3365025	1677.08125	1677.0956	1680.26647	1680.28083	
0.3458813	1677.16984	1677.1916	1680.35506	1680.3681	
0.3560571	1677.26926	1677.29632	1680.45448	1680.46409	
0.3662059	1677.3715	1677.40104	1680.55672	1680.56008	
0.3763407	1677.47286	1677.51448	1680.65808	1680.6648	
0.3868035	1677.5775	1677.6192	1680.76272	1680.77825	
0.3968023	1677.67749	1677.73265	1680.86271	1680.8917	
0.4068211	1677.77765	1677.8461	1680.96287	1680.99642	
0.4169089	1677.87855	1677.95954	1681.06377	1681.12732	
0.4270277	1677.97979	1678.08172	1681.16501	1681.24076	
0.4380915	1678.09044	1678.19516	1681.27566	1681.37166	
0.4473864	1678.18334	1678.30861	1681.36856	1681.49383	
0.4576832	1678.28628	1678.42206	1681.4715	1681.62473	
0.467773	1678.38718	1678.5355	1681.5724	1681.72945	
0.4779428	1678.48886	1678.64022	1681.67408	1681.85163	
0.4884496	1678.59395	1678.75367	1681.77917	1681.96507	
0.4985304	1678.69481	1678.85839	1681.88003	1682.06979	
0.5086902	1678.79634	1678.95438	1681.98156	1682.16579	
0.518709	1678.89655	1679.05037	1682.08177	1682.25305	
0.5288218	1678.99765	1679.14637	1682.18287	1682.34905	
0.5396546	1679.10607	1679.24236	1682.29129	1682.43631	
0.5493244	1679.2027	1679.33835	1682.38792	1682.51485	
0.5593682	1679.30313	1679.42562	1682.48835	1682.60212	
0.569544	1679.40489	1679.51289	1682.59011	1682.67193	
0.5798668	1679.50809	1679.60015	1682.69331	1682.7592	
0.5898506	1679.60795	1679.68742	1682.79317	1682.84646	
0.5999954	1679.70939	1679.77469	1682.89461	1682.93373	
0.6102352	1679.8118	1679.86195	1682.99702	1683.021	
0.620498	1679.91441	1679.95794	1683.09963	1683.12572	
0.6304648	1680.0141	1680.05394	1683.19932	1683.23044	
0.6413006	1680.12257	1680.14993	1683.30779	1683.33516	
0.6508544	1680.218	1680.24592	1683.40322	1683.43988	
0.6629742	1680.33925	1680.35064	1683.52447	1683.55332	
0.671133	1680.42077	1680.46409	1683.60599	1683.66677	
0.6812678	1680.52211	1680.56881	1683.70733	1683.78894	
0.6913936	1680.62339	1680.68226	1683.80861	1683.89366	
0.7015944	1680.72538	1680.7957	1683.9106	1684.01584	
0.7117582	1680.82703	1680.91788	1684.01225	1684.13801	
0.721963	1680.92907	1681.03132	1684.11429	1684.25145	
0.7321099	1681.026	1681.1535	1684.21123	1684.3649	
0.7428976	1681.12559	1681.26694	1684.31082	1684.46962	
0.7524675	1681.21132	1681.38039	1684.39655	1684.57434	
0.7626453	1681.29945	1681.48511	1684.48468	1684.67906	
0.7727641	1681.38409	1681.58983	1684.56932	1684.76633	
0.7828879	1681.46577	1681.69455	1684.651	1684.86232	
0.7930507	1681.54481	1681.78181	1684.73003	1684.94086	
0.8035135	1681.62297	1681.86035	1684.80819	1685.0194	
0.8136493	1681.69612	1681.92144	1684.88134	1685.08049	
0.8237931	1681.76564	1681.98253	1684.95087	1685.13285	
0.8341369	1681.83383	1682.02616	1685.01906	1685.18521	
0.8457377	1681.90627	1682.06979	1685.0915	1685.22884	
0.8542895	1681.95794	1682.09597	1685.14317	1685.27247	
0.8644173	1682.01603	1682.13088	1685.20126	1685.32483	
0.8745691	1682.07138	1682.16579	1685.2566	1685.35974	
0.8847059	1682.12375	1682.19197	1685.30898	1685.39465	
0.8952977	1682.17529	1682.22687	1685.36052	1685.42955	
0.9050625	1682.22028	1682.25305	1685.40551	1685.46446	
0.9151683	1682.26402	1682.29669	1685.44925	1685.49937	
0.9253961	1682.30541	1682.33159	1685.49064	1685.53427	
0.9354699	1682.34348	1682.3665	1685.5287	1685.56918	
0.9462357	1682.38098	1682.40141	1685.56621	1685.60408	
0.9559035	1682.41231	1682.44504	1685.59754	1685.63899	
0.9659683	1682.44226	1682.47995	1685.62749	1685.6739	
0.9761741	1682.46995	1682.51485	1685.65517	1685.7088	
0.9863419	1682.49494	1682.54976	1685.68016	1685.73498	
0.9967977	1682.5179	1682.58467	1685.70313	1685.76116	
1.006561	1682.53714	1682.61957	1685.72237	1685.78734	
1.016696	1682.55468	1682.63703	1685.73991	1685.81352	
1.026893	1682.56999	1682.66321	1685.75521	1685.83098	
1.036984	1682.58295	1682.67193	1685.76818	1685.84843	
1.047736	1682.59434	1682.68939	1685.77956	1685.85716	
1.057374	1682.6029	1682.69811	1685.78812	1685.86588	
1.067512	1682.61007	1682.70684	1685.79529	1685.86588	
1.077655	1682.61564	1682.69811	1685.80087	1685.86588	
1.087815	1682.61984	1682.68939	1685.80506	1685.85716	
1.098316	1682.62293	1682.67193	1685.80815	1685.84843	
1.108366	1682.62505	1682.66321	1685.81028	1685.8397	
1.118512	1682.62953	1682.63703	1685.81475	1685.83098	
1.128745	1682.62953	1682.6283	1685.81475	1685.81352	
1.138951	1682.62953	1682.60212	1685.81475	1685.8048	
1.150181	1682.62953	1682.59339	1685.81475	1685.78734	
1.159201	1682.62953	1682.57594	1685.81475	1685.77862	
1.169334	1682.62953	1682.56721	1685.81475	1685.76989	
1.179511	1682.62953	1682.56721	1685.81475	1685.76989	
1.189605	1682.62953	1682.56721	1685.81475	1685.76989	
1.199807	1682.62953	1682.56721	1685.81475	1685.76989	
1.209963	1682.62953	1682.58467	1685.81475	1685.77862	
1.220165	1682.62953	1682.59339	1685.81475	1685.77862	
1.230279	1682.62953	1682.61085	1685.81475	1685.79607	
1.24042	1682.62953	1682.6283	1685.81475	1685.81352	
1.250656	1682.62953	1682.64575	1685.81475	1685.81352	
1.26078	1682.62953	1682.66321	1685.81475	1685.83098	
1.270916	1682.62953	1682.68066	1685.81475	1685.84843	
1.281071	1682.62953	1682.68939	1685.81475	1685.84843	
1.2912	1682.62953	1682.69811	1685.81475	1685.85716	
1.301428	1682.62953	1682.69811	1685.81475	1685.85716	
1.311547	1682.62953	1682.68939	1685.81475	1685.85716	
1.321696	1682.62953	1682.68066	1685.81475	1685.84843	
1.33194	1682.62953	1682.67193	1685.81475	1685.84843	
1.342041	1682.62953	1682.65448	1685.81475	1685.8397	
1.35218	1682.62953	1682.63703	1685.81475	1685.83098	
1.36245	1682.62953	1682.61085	1685.81475	1685.82225	
1.372531	1682.62953	1682.59339	1685.81475	1685.81352	
1.382643	1682.62953	1682.57594	1685.81475	1685.8048	
1.392805	1682.62953	1682.56721	1685.81475	1685.79607	
1.402982	1682.62953	1682.55849	1685.81475	1685.78734	
1.413145	1682.62953	1682.55849	1685.81475	1685.77862	
1.423281	1682.62953	1682.56721	1685.81475	1685.77862	
1.433444	1682.62953	1682.58467	1685.81475	1685.77862	
1.443607	1682.62953	1682.60212	1685.81475	1685.77862	
1.453763	1682.62953	1682.61957	1685.81475	1685.77862	
1.463911	1682.62953	1682.63703	1685.81475	1685.77862	
1.474068	1682.62953	1682.65448	1685.81475	1685.77862	
1.484273	1682.62953	1682.67193	1685.81475	1685.78734	
1.494359	1682.62953	1682.68939	1685.81475	1685.79607	
1.504528	1682.62953	1682.69811	1685.81475	1685.8048	
1.514639	1682.62953	1682.69811	1685.81475	1685.81352	
1.524877	1682.62953	1682.68939	1685.81475	1685.82225	
1.534973	1682.62953	1682.68066	1685.81475	1685.83098	
1.545113	1682.62953	1682.67193	1685.81475	1685.8397	
1.555247	1682.62953	1682.65448	1685.81475	1685.84843	
1.56547	1682.62953	1682.63703	1685.81475	1685.84843	
1.5756	1682.62953	1682.61957	1685.81475	1685.84843	
1.585744	1682.62953	1682.60212	1685.81475	1685.8397	
1.595969	1682.62953	1682.58467	1685.81475	1685.83098	
1.606065	1682.62953	1682.56721	1685.81475	1685.82225	
1.624052	1682.62953	1682.55849	1685.81475	1685.81352	
1.628699	1682.62953	1682.55849	1685.81475	1685.8048	
1.63881	1682.62953	1682.56721	1685.81475	1685.79607	
1.648982	1682.62953	1682.57594	1685.81475	1685.79607	
1.659167	1682.62953	1682.59339	1685.81475	1685.78734	
1.669429	1682.62953	1682.61085	1685.81475	1685.77862	
1.679451	1682.62953	1682.6283	1685.81475	1685.77862	
1.689578	1682.62953	1682.64575	1685.81475	1685.78734	
1.699788	1682.62953	1682.67193	1685.81475	1685.79607	
1.709915	1682.62953	1682.68939	1685.81475	1685.81352	
1.720075	1682.62953	1682.69811	1685.81475	1685.81352	
1.730224	1682.62953	1682.70684	1685.81475	1685.83098	
1.74054	1682.62953	1682.70684	1685.81475	1685.83098	
1.750575	1682.62953	1682.68939	1685.81475	1685.84843	
1.760729	1682.62953	1682.68066	1685.81475	1685.84843	
1.770906	1682.62953	1682.66321	1685.81475	1685.84843	
1.781052	1682.62953	1682.63703	1685.81475	1685.84843	
1.791175	1682.62953	1682.61957	1685.81475	1685.84843	
1.801375	1682.62953	1682.60212	1685.81475	1685.84843	
1.811514	1682.62953	1682.57594	1685.81475	1685.84843	
1.821662	1682.62953	1682.55849	1685.81475	1685.84843	
1.831826	1682.62953	1682.54976	1685.81475	1685.8397	
1.84198	1682.62953	1682.54976	1685.81475	1685.83098	
1.852204	1682.62953	1682.54976	1685.81475	1685.82225	
1.862317	1682.62953	1682.55849	1685.81475	1685.81352	
1.872462	1682.62953	1682.56721	1685.81475	1685.81352	
1.882652	1682.62953	1682.59339	1685.81475	1685.8048	
1.892809	1682.62953	1682.61957	1685.81475	1685.79607	
1.902952	1682.62953	1682.63703	1685.81475	1685.78734	
1.913102	1682.62953	1682.66321	1685.81475	1685.77862	
1.923243	1682.62953	1682.68939	1685.81475	1685.77862	
1.933481	1682.62953	1682.70684	1685.81475	1685.78734	
1.943582	1682.62953	1682.70684	1685.81475	1685.79607	
1.953768	1682.62953	1682.71557	1685.81475	1685.8048	
1.964003	1682.62953	1682.70684	1685.81475	1685.81352	
1.97406	1682.62953	1682.69811	1685.81475	1685.81352	
1.984241	1682.62953	1682.68066	1685.81475	1685.82225	
1.994389	1682.62953	1682.66321	1685.81475	1685.83098	
2.004517	1682.62953	1682.63703	1685.81475	1685.83098	
2.01483	1682.62953	1682.61957	1685.81475	1685.8397	
2.024852	1682.62953	1682.59339	1685.81475	1685.8397	
2.034951	1682.62953	1682.56721	1685.81475	1685.84843	
2.045089	1682.62953	1682.55849	1685.81475	1685.8397	
2.055218	1682.62953	1682.54976	1685.81475	1685.83098	
2.065413	1682.62953	1682.54976	1685.81475	1685.83098	
2.075543	1682.62953	1682.55849	1685.81475	1685.81352	
2.085676	1682.62953	1682.56721	1685.81475	1685.81352	
2.097632	1682.62953	1682.58467	1685.81475	1685.81352	
2.105982	1682.62953	1682.60212	1685.81475	1685.8048	
2.124188	1682.62953	1682.6283	1685.81475	1685.8048	
2.128778	1682.62953	1682.65448	1685.81475	1685.79607	
2.138964	1682.62953	1682.67193	1685.81475	1685.79607	
2.151495	1682.63661	1682.68939	1685.82184	1685.79607	
2.159297	1682.64227	1682.69811	1685.82749	1685.78734	
2.169428	1682.65307	1682.70684	1685.83829	1685.78734	
2.179593	1682.66701	1682.70684	1685.85223	1685.79607	
2.189705	1682.68393	1682.69811	1685.86915	1685.81352	
2.199922	1682.70419	1682.68939	1685.88941	1685.82225	
2.210068	1682.72737	1682.68939	1685.9126	1685.84843	
2.220289	1682.75388	1682.69811	1685.9391	1685.87461	
2.230374	1682.78306	1682.70684	1685.96829	1685.90079	
2.240514	1682.81548	1682.72429	1686.00071	1685.94442	
2.250771	1682.85147	1682.74175	1686.0367	1685.97933	
2.260917	1682.89014	1682.77665	1686.07537	1686.02296	
2.271052	1682.93184	1682.81156	1686.11706	1686.07532	
2.281196	1682.97666	1682.87264	1686.16189	1686.12768	
2.301654	1683.08281	1683.00354	1686.26804	1686.24113	
2.306313	1683.10652	1683.03845	1686.29175	1686.26731	
2.316435	1683.16194	1683.11699	1686.34716	1686.3284	
2.326554	1683.22042	1683.19553	1686.40564	1686.38948	
2.336666	1683.28192	1683.29152	1686.46715	1686.4593	
2.347056	1683.34842	1683.37879	1686.53365	1686.52911	
2.358038	1683.42245	1683.46606	1686.60768	1686.60765	
2.367151	1683.48604	1683.55332	1686.67126	1686.68619	
2.377316	1683.56025	1683.64059	1686.74548	1686.756	
2.387462	1683.63744	1683.71913	1686.82267	1686.852	
2.397626	1683.71789	1683.8064	1686.90311	1686.93926	
2.4241	1683.95487	1683.95475	1687.1401	1687.10507	
2.428709	1683.99522	1684.05074	1687.18044	1687.21851	
2.438842	1684.08792	1684.13801	1687.27314	1687.31451	
2.448985	1684.18378	1684.22527	1687.369	1687.41923	
2.460958	1684.30167	1684.32999	1687.48689	1687.5414	
2.47077	1684.40074	1684.42599	1687.58596	1687.64612	
2.481085	1684.50388	1684.52198	1687.6891	1687.75957	
2.491071	1684.60373	1684.6267	1687.78895	1687.87301	
2.501167	1684.70467	1684.73142	1687.88989	1687.97773	
2.511442	1684.80745	1684.84487	1687.99267	1688.09118	
2.521643	1684.90949	1684.95831	1688.09471	1688.20463	
2.531711	1685.01014	1685.08049	1688.19536	1688.31807	
2.541906	1685.11207	1685.19393	1688.29729	1688.42279	
2.55194	1685.21241	1685.30738	1688.39763	1688.52751	
2.562259	1685.31569	1685.42955	1688.50091	1688.63223	
2.572501	1685.41803	1685.543	1688.60325	1688.73695	
2.582529	1685.51834	1685.65644	1688.70356	1688.83294	
2.592684	1685.61985	1685.76116	1688.80507	1688.92894	
2.602831	1685.72131	1685.87461	1688.90653	1689.02493	
2.612988	1685.82291	1685.97933	1689.00813	1689.12965	
2.623146	1685.92449	1686.07532	1689.10971	1689.22564	
2.633347	1686.02651	1686.16259	1689.21173	1689.32164	
2.643455	1686.12756	1686.26731	1689.31278	1689.4089	
2.653592	1686.22894	1686.35458	1689.41416	1689.51362	
2.664497	1686.33954	1686.44184	1689.52476	1689.61834	
2.673982	1686.43287	1686.53784	1689.61809	1689.71434	
2.68418	1686.53487	1686.6251	1689.72009	1689.81033	
2.694482	1686.63785	1686.71237	1689.82307	1689.91505	
2.704405	1686.73712	1686.80836	1689.92234	1690.01977	
2.714657	1686.83961	1686.89563	1690.02483	1690.10703	
2.724752	1686.94055	1686.9829	1690.12577	1690.21175	
2.734911	1687.04216	1687.08761	1690.22738	1690.31647	
2.745043	1687.14347	1687.18361	1690.32869	1690.42119	
2.755491	1687.24795	1687.28833	1690.43317	1690.52591	
2.765754	1687.35062	1687.39305	1690.53584	1690.62191	
2.775696	1687.44999	1687.50649	1690.63521	1690.72663	
2.78593	1687.55239	1687.61994	1690.73761	1690.83135	
2.795878	1687.65181	1687.73339	1690.83703	1690.92734	
2.806028	1687.75333	1687.84683	1690.93855	1691.03206	
2.816355	1687.85655	1687.96901	1691.04177	1691.13678	
2.826364	1687.95667	1688.08245	1691.14189	1691.2415	
2.836476	1688.0532	1688.18717	1691.23842	1691.34622	
2.846742	1688.14804	1688.30062	1691.33326	1691.45094	
2.857018	1688.23986	1688.40534	1691.42508	1691.55566	
2.867376	1688.32919	1688.51006	1691.51442	1691.6691	
2.877204	1688.41115	1688.60605	1691.59638	1691.7651	
2.887458	1688.4935	1688.69332	1691.67873	1691.86109	
2.897436	1688.57099	1688.78058	1691.75621	1691.95708	
2.907651	1688.64677	1688.8504	1691.83199	1692.04435	
2.917826	1688.71944	1688.92021	1691.90467	1692.12289	
2.927917	1688.78854	1688.9813	1691.97376	1692.18398	
2.938102	1688.85527	1689.03366	1692.0405	1692.24506	
2.948253	1688.9188	1689.07729	1692.10403	1692.2887	
2.958409	1688.97939	1689.12092	1692.16461	1692.34106	
2.969003	1689.03933	1689.16456	1692.22456	1692.37596	
2.978907	1689.09265	1689.19946	1692.27788	1692.40214	
2.989022	1689.14415	1689.2431	1692.32938	1692.42832	
2.999185	1689.193	1689.278	1692.37823	1692.4545	
3.009444	1689.23949	1689.32164	1692.42472	1692.48068	
3.019647	1689.28258	1689.34782	1692.4678	1692.51559	
3.029782	1689.3227	1689.38272	1692.50792	1692.53304	
3.039904	1689.35996	1689.4089	1692.54519	1692.56795	
3.050089	1689.39468	1689.43508	1692.5799	1692.5854	
3.06026	1689.42658	1689.46126	1692.6118	1692.62031	
3.070502	1689.45596	1689.48744	1692.64119	1692.65522	
3.080619	1689.48234	1689.51362	1692.66757	1692.69012	
3.090793	1689.50626	1689.5398	1692.69148	1692.72503	
3.10093	1689.52756	1689.55726	1692.71278	1692.75993	
3.1111	1689.54644	1689.58344	1692.73167	1692.79484	
3.121232	1689.56287	1689.60089	1692.7481	1692.82975	
3.131419	1689.57707	1689.61834	1692.76229	1692.8472	
3.141642	1689.58909	1689.64452	1692.77432	1692.87338	
3.151774	1689.59898	1689.66198	1692.78421	1692.89083	
3.161879	1689.60697	1689.67943	1692.79219	1692.89956	
3.172135	1689.61331	1689.68816	1692.79854	1692.89956	
3.182287	1689.61811	1689.70561	1692.80334	1692.89956	
3.192416	1689.62165	1689.70561	1692.80687	1692.89083	
3.202655	1689.62418	1689.70561	1692.80941	1692.87338	
3.212718	1689.62953	1689.69688	1692.81475	1692.85593	
3.222912	1689.62953	1689.68816	1692.81475	1692.82975	
3.233056	1689.62953	1689.6707	1692.81475	1692.81229	
3.24326	1689.62953	1689.65325	1692.81475	1692.78611	
3.253413	1689.62953	1689.61834	1692.81475	1692.75993	
3.263878	1689.62953	1689.60089	1692.81475	1692.75121	
3.273831	1689.62953	1689.58344	1692.81475	1692.74248	
3.283966	1689.62953	1689.56598	1692.81475	1692.73375	
3.293998	1689.62953	1689.54853	1692.81475	1692.74248	
3.304194	1689.62953	1689.54853	1692.81475	1692.75993	
3.314312	1689.62953	1689.54853	1692.81475	1692.77739	
3.324539	1689.62953	1689.55726	1692.81475	1692.79484	
3.33466	1689.62953	1689.56598	1692.81475	1692.81229	
3.344869	1689.62953	1689.58344	1692.81475	1692.83847	
3.35495	1689.62953	1689.60962	1692.81475	1692.86465	
3.365352	1689.62953	1689.6358	1692.81475	1692.87338	
3.375255	1689.62953	1689.65325	1692.81475	1692.88211	
3.385427	1689.62953	1689.67943	1692.81475	1692.88211	
3.395554	1689.62953	1689.69688	1692.81475	1692.88211	
3.405713	1689.62953	1689.70561	1692.81475	1692.87338	
3.415867	1689.62953	1689.70561	1692.81475	1692.86465	
3.425997	1689.62953	1689.70561	1692.81475	1692.8472	
3.444114	1689.62953	1689.68816	1692.81475	1692.82975	
3.448715	1689.62953	1689.6707	1692.81475	1692.80357	
3.45887	1689.62953	1689.65325	1692.81475	1692.78611	
3.469044	1689.62953	1689.62707	1692.81475	1692.76866	
3.479197	1689.62953	1689.60962	1692.81475	1692.75993	
3.489357	1689.62953	1689.58344	1692.81475	1692.75993	
3.499467	1689.62953	1689.56598	1692.81475	1692.75993	
3.509643	1689.62953	1689.54853	1692.81475	1692.75993	
3.519826	1689.62953	1689.54853	1692.81475	1692.76866	
3.530165	1689.62953	1689.54853	1692.81475	1692.77739	
3.540153	1689.62953	1689.55726	1692.81475	1692.79484	
3.550277	1689.62953	1689.56598	1692.81475	1692.81229	
3.56044	1689.62953	1689.58344	1692.81475	1692.82975	
3.570634	1689.62953	1689.60962	1692.81475	1692.83847	
3.580766	1689.62953	1689.6358	1692.81475	1692.85593	
3.590909	1689.62953	1689.65325	1692.81475	1692.86465	
3.601025	1689.62953	1689.67943	1692.81475	1692.87338	
3.61119	1689.62953	1689.69688	1692.81475	1692.88211	
3.621424	1689.62953	1689.70561	1692.81475	1692.88211	
3.631536	1689.62953	1689.71434	1692.81475	1692.87338	
3.641692	1689.62953	1689.71434	1692.81475	1692.86465	
3.651862	1689.62953	1689.70561	1692.81475	1692.8472	
3.662004	1689.62953	1689.69688	1692.81475	1692.82975	
3.673095	1689.62953	1689.67943	1692.81475	1692.82102	
3.683179	1689.62953	1689.65325	1692.81475	1692.79484	
3.69334	1689.62953	1689.62707	1692.81475	1692.78611	
3.703603	1689.62953	1689.60089	1692.81475	1692.76866	
3.713784	1689.62953	1689.58344	1692.81475	1692.75993	
3.723994	1689.62953	1689.56598	1692.81475	1692.75993	
3.734091	1689.62953	1689.54853	1692.81475	1692.75993	
3.744256	1689.62953	1689.54853	1692.81475	1692.77739	
3.754406	1689.62953	1689.54853	1692.81475	1692.78611	
3.764563	1689.62953	1689.54853	1692.81475	1692.80357	
3.774699	1689.62953	1689.56598	1692.81475	1692.82102	
3.784875	1689.62953	1689.58344	1692.81475	1692.82975	
3.794994	1689.62953	1689.60962	1692.81475	1692.8472	
3.805156	1689.62953	1689.6358	1692.81475	1692.86465	
3.815277	1689.62953	1689.65325	1692.81475	1692.87338	
3.825421	1689.62953	1689.67943	1692.81475	1692.88211	
3.835578	1689.62953	1689.69688	1692.81475	1692.88211	
3.845765	1689.62953	1689.71434	1692.81475	1692.88211	
3.855893	1689.62953	1689.72306	1692.81475	1692.86465	
3.866043	1689.62953	1689.72306	1692.81475	1692.86465	
3.876304	1689.62953	1689.71434	1692.81475	1692.83847	
3.886357	1689.62953	1689.69688	1692.81475	1692.82975	
3.896633	1689.62953	1689.67943	1692.81475	1692.80357	
3.906671	1689.62953	1689.65325	1692.81475	1692.79484	
3.916796	1689.62953	1689.62707	1692.81475	1692.77739	
3.926938	1689.62953	1689.60089	1692.81475	1692.75993	
3.937083	1689.62953	1689.57471	1692.81475	1692.75121	
3.947248	1689.62953	1689.55726	1692.81475	1692.75121	
3.957372	1689.62953	1689.54853	1692.81475	1692.75121	
3.967516	1689.62953	1689.5398	1692.81475	1692.75993	
3.977762	1689.62953	1689.54853	1692.81475	1692.76866	
3.987873	1689.62953	1689.54853	1692.81475	1692.78611	
3.998034	1689.62953	1689.56598	1692.81475	1692.80357	
4.00831	1689.62953	1689.58344	1692.81475	1692.82102	
4.018357	1689.62953	1689.61834	1692.81475	1692.83847	
4.028542	1689.62953	1689.64452	1692.81475	1692.85593	
4.038641	1689.62953	1689.6707	1692.81475	1692.86465	
4.049154	1689.62953	1689.68816	1692.81475	1692.87338	
4.059209	1689.62953	1689.70561	1692.81475	1692.88211	
4.069199	1689.62953	1689.71434	1692.81475	1692.88211	
4.079321	1689.62953	1689.72306	1692.81475	1692.87338	
4.089522	1689.62953	1689.72306	1692.81475	1692.86465	
4.099613	1689.62953	1689.70561	1692.81475	1692.85593	
4.109847	1689.62953	1689.68816	1692.81475	1692.83847	
4.120001	1689.62953	1689.6707	1692.81475	1692.82102	
4.130185	1689.62953	1689.64452	1692.81475	1692.80357	
4.140374	1689.62953	1689.61834	1692.81475	1692.79484	
4.150592	1689.62953	1689.58344	1692.81475	1692.76866	
4.160664	1689.62953	1689.56598	1692.81475	1692.75993	
4.170784	1689.62953	1689.54853	1692.81475	1692.75993	
4.180932	1689.62953	1689.54853	1692.81475	1692.75993	
4.191063	1689.62953	1689.5398	1692.81475	1692.75993	
4.201222	1689.62953	1689.54853	1692.81475	1692.75993	
4.211404	1689.62953	1689.55726	1692.81475	1692.77739	
4.221613	1689.62953	1689.58344	1692.81475	1692.78611	
4.231716	1689.62953	1689.60089	1692.81475	1692.80357	
4.241858	1689.62953	1689.62707	1692.81475	1692.82102	
4.252096	1689.62953	1689.65325	1692.81475	1692.82975	
4.262171	1689.62953	1689.67943	1692.81475	1692.85593	
4.275216	1689.6372	1689.70561	1692.82243	1692.86465	
4.282493	1689.64242	1689.71434	1692.82765	1692.88211	
4.301805	1689.67098	1689.72306	1692.85621	1692.89083	
4.306391	1689.67738	1689.72306	1692.8626	1692.89083	
4.316919	1689.69634	1689.72306	1692.88157	1692.89083	
4.326681	1689.71665	1689.71434	1692.90188	1692.89083	
4.336837	1689.74095	1689.71434	1692.92618	1692.89083	
4.347019	1689.76843	1689.71434	1692.95366	1692.89083	
4.357119	1689.79873	1689.72306	1692.98396	1692.89956	
4.367312	1689.83244	1689.74052	1693.01767	1692.89956	
4.378067	1689.87159	1689.75797	1693.05681	1692.93447	
4.387888	1689.91006	1689.79288	1693.09528	1692.96065	
4.398029	1689.95293	1689.82778	1693.13815	1693.00428	
4.408174	1689.9989	1689.87142	1693.18412	1693.05664	
4.418413	1690.04848	1689.9325	1693.23371	1693.12645	
4.428595	1690.10087	1690.00231	1693.28609	1693.20499	
4.438701	1690.15591	1690.08085	1693.34113	1693.28353	
4.449058	1690.21559	1690.15939	1693.40081	1693.3708	
4.459023	1690.27592	1690.24666	1693.46115	1693.45807	
4.469201	1690.34072	1690.33393	1693.52594	1693.55406	
4.479425	1690.40893	1690.42992	1693.59415	1693.64133	
4.489586	1690.47979	1690.52591	1693.66501	1693.73732	
4.499923	1690.55513	1690.62191	1693.74036	1693.82459	
4.509899	1690.63075	1690.7179	1693.81598	1693.91185	
4.520056	1690.71086	1690.80517	1693.89609	1693.99912	
4.530206	1690.79405	1690.90116	1693.97928	1694.08639	
4.540509	1690.88168	1690.98843	1694.0669	1694.16492	
4.550527	1690.96983	1691.07569	1694.15505	1694.24346	
4.560659	1691.0621	1691.15423	1694.24732	1694.322	
4.570825	1691.15777	1691.25023	1694.34299	1694.40054	
4.581351	1691.26028	1691.33749	1694.44551	1694.48781	
4.59118	1691.3587	1691.42476	1694.54392	1694.57508	
4.60135	1691.4604	1691.51202	1694.64562	1694.66234	
4.611515	1691.56208	1691.60802	1694.7473	1694.74961	
4.621682	1691.66371	1691.69528	1694.84893	1694.85433	
4.631833	1691.76527	1691.8	1694.95049	1694.95905	
4.641963	1691.86652	1691.896	1695.05174	1695.06377	
4.65232	1691.97011	1692.00072	1695.15533	1695.18594	
4.662329	1692.07018	1692.10544	1695.2554	1695.30812	
4.674244	1692.18941	1692.21888	1695.37463	1695.43029	
4.682643	1692.27339	1692.33233	1695.45861	1695.55246	
4.692738	1692.3743	1692.44578	1695.55952	1695.66591	
4.703035	1692.47729	1692.55922	1695.66251	1695.79681	
4.71307	1692.5776	1692.6814	1695.76282	1695.91025	
4.723331	1692.6802	1692.79484	1695.86542	1696.0237	
4.733596	1692.78285	1692.90829	1695.96807	1696.14587	
4.743735	1692.88424	1693.03046	1696.06946	1696.25059	
4.753878	1692.98569	1693.14391	1696.17091	1696.35531	
4.764284	1693.08978	1693.24863	1696.275	1696.45131	
4.774296	1693.1899	1693.35335	1696.37512	1696.53857	
4.784397	1693.29093	1693.45807	1696.47615	1696.63457	
4.794624	1693.39315	1693.55406	1696.57837	1696.72183	
4.804878	1693.49571	1693.65005	1696.68093	1696.80037	
4.81487	1693.59559	1693.74605	1696.78081	1696.87891	
4.825437	1693.70129	1693.84204	1696.88651	1696.96618	
4.835129	1693.7982	1693.92058	1696.98342	1697.05344	
4.845294	1693.89986	1694.01657	1697.08508	1697.14071	
4.855421	1694.00112	1694.09511	1697.18634	1697.22798	
4.865742	1694.10433	1694.18238	1697.28955	1697.3327	
4.875836	1694.20528	1694.26964	1697.3905	1697.42869	
4.886107	1694.30801	1694.35691	1697.49323	1697.53341	
4.904098	1694.4879	1694.44418	1697.67312	1697.63813	
4.908861	1694.53549	1694.55762	1697.72071	1697.76903	
4.918794	1694.63488	1694.66234	1697.8201	1697.8912	
4.929004	1694.73696	1694.76706	1697.92218	1698.00465	
4.939286	1694.83976	1694.88051	1698.02498	1698.12682	
4.949315	1694.94009	1694.99396	1698.12531	1698.24027	
4.959467	1695.03699	1695.11613	1698.22222	1698.36244	
4.969653	1695.13121	1695.22958	1698.31643	1698.46716	
4.979845	1695.22243	1695.34302	1698.40766	1698.58061	
4.990064	1695.31082	1695.4652	1698.49605	1698.69405	
5.000169	1695.39517	1695.58737	1698.5804	1698.79877	
5.010307	1695.47687	1695.69209	1698.66209	1698.88604	
5.02049	1695.55584	1695.78808	1698.74107	1698.96458	
5.030651	1695.63168	1695.87535	1698.81691	1699.04312	
5.04076	1695.70417	1695.95389	1698.8894	1699.10421	
5.050988	1695.77449	1696.0237	1698.95972	1699.15657	
5.061118	1695.84118	1696.07606	1699.0264	1699.2002	
5.071227	1695.9048	1696.11097	1699.09002	1699.24383	
5.081404	1695.96589	1696.14587	1699.15112	1699.27874	
5.091777	1696.02509	1696.16333	1699.21032	1699.31365	
5.101963	1696.08029	1696.18951	1699.26552	1699.34855	
5.111924	1696.13151	1696.20696	1699.31674	1699.37473	
5.122071	1696.1808	1696.23314	1699.36602	1699.40964	
5.132408	1696.228	1696.25059	1699.41323	1699.44455	
5.142538	1696.27147	1696.2855	1699.45669	1699.47945	
5.152878	1696.3129	1696.31168	1699.49812	1699.52309	
5.162906	1696.35039	1696.35531	1699.53562	1699.55799	
5.172972	1696.38532	1696.39022	1699.57054	1699.60163	
5.183127	1696.4178	1696.42513	1699.60302	1699.63653	
5.193362	1696.44781	1696.46876	1699.63304	1699.67144	
5.203511	1696.47493	1696.51239	1699.66015	1699.70635	
5.213738	1696.4996	1696.55603	1699.68483	1699.74125	
5.223838	1696.52149	1696.59093	1699.70671	1699.76743	
5.234113	1696.54131	1696.62584	1699.72653	1699.79361	
5.244178	1696.55815	1696.65202	1699.74337	1699.81107	
5.25428	1696.57289	1696.6782	1699.75811	1699.83725	
5.264409	1696.58547	1696.70438	1699.77069	1699.84597	
5.27456	1696.59599	1696.71311	1699.78121	1699.86342	
5.284687	1696.60456	1696.72183	1699.78979	1699.86342	
5.294928	1696.61143	1696.72183	1699.79665	1699.87215	
5.305068	1696.61668	1696.71311	1699.8019	1699.87215	
5.315561	1696.62066	1696.70438	1699.80589	1699.86342	
5.325325	1696.62343	1696.68693	1699.80865	1699.8547	
5.33557	1696.62953	1696.66947	1699.81475	1699.84597	
5.345658	1696.62953	1696.66075	1699.81475	1699.82852	
5.355784	1696.62953	1696.64329	1699.81475	1699.81107	
5.366086	1696.62953	1696.63457	1699.81475	1699.80234	
5.376258	1696.62953	1696.61711	1699.81475	1699.78489	
5.39523	1696.62953	1696.59966	1699.81475	1699.77616	
5.39985	1696.62953	1696.58221	1699.81475	1699.77616	
5.410218	1696.62953	1696.56475	1699.81475	1699.77616	
5.420243	1696.62953	1696.56475	1699.81475	1699.77616	
5.430289	1696.62953	1696.56475	1699.81475	1699.77616	
5.440487	1696.62953	1696.56475	1699.81475	1699.78489	
5.450667	1696.62953	1696.57348	1699.81475	1699.79361	
5.460825	1696.62953	1696.59093	1699.81475	1699.80234	
5.470963	1696.62953	1696.60839	1699.81475	1699.81107	
5.481205	1696.62953	1696.62584	1699.81475	1699.81979	
5.49146	1696.62953	1696.65202	1699.81475	1699.82852	
5.501447	1696.62953	1696.66947	1699.81475	1699.83725	
5.511586	1696.62953	1696.68693	1699.81475	1699.84597	
5.521745	1696.62953	1696.69565	1699.81475	1699.84597	
5.531921	1696.62953	1696.70438	1699.81475	1699.84597	
5.542019	1696.62953	1696.70438	1699.81475	1699.84597	
5.552208	1696.62953	1696.69565	1699.81475	1699.83725	
5.562341	1696.62953	1696.68693	1699.81475	1699.82852	
5.572573	1696.62953	1696.66947	1699.81475	1699.81979	
5.582689	1696.62953	1696.65202	1699.81475	1699.81107	
5.592815	1696.62953	1696.63457	1699.81475	1699.81107	
5.603123	1696.62953	1696.60839	1699.81475	1699.80234	
5.613285	1696.62953	1696.59093	1699.81475	1699.79361	
5.623286	1696.62953	1696.56475	1699.81475	1699.78489	
5.633456	1696.62953	1696.55603	1699.81475	1699.78489	
5.643602	1696.62953	1696.55603	1699.81475	1699.78489	
5.653825	1696.62953	1696.55603	1699.81475	1699.78489	
5.663921	1696.62953	1696.56475	1699.81475	1699.79361	
5.676081	1696.62953	1696.57348	1699.81475	1699.80234	
5.692351	1696.62953	1696.59093	1699.81475	1699.81107	
5.696951	1696.62953	1696.60839	1699.81475	1699.81107	
5.707126	1696.62953	1696.63457	1699.81475	1699.81979	
5.717393	1696.62953	1696.65202	1699.81475	1699.82852	
5.727455	1696.62953	1696.6782	1699.81475	1699.82852	
5.737586	1696.62953	1696.69565	1699.81475	1699.82852	
5.755706	1696.62953	1696.70438	1699.81475	1699.84597	
5.760278	1696.62953	1696.70438	1699.81475	1699.84597	
5.770437	1696.62953	1696.70438	1699.81475	1699.84597	
5.780662	1696.62953	1696.69565	1699.81475	1699.84597	
5.790745	1696.62953	1696.6782	1699.81475	1699.83725	
5.801314	1696.62953	1696.66075	1699.81475	1699.82852	
5.811199	1696.62953	1696.63457	1699.81475	1699.82852	
5.821333	1696.62953	1696.61711	1699.81475	1699.81979	
5.831534	1696.62953	1696.59966	1699.81475	1699.81107	
5.841618	1696.62953	1696.57348	1699.81475	1699.81107	
5.851812	1696.62953	1696.56475	1699.81475	1699.81107	
5.862005	1696.62953	1696.55603	1699.81475	1699.81107	
5.872118	1696.62953	1696.55603	1699.81475	1699.81107	
5.882447	1696.62953	1696.55603	1699.81475	1699.80234	
5.892496	1696.62953	1696.56475	1699.81475	1699.80234	
5.902611	1696.62953	1696.57348	1699.81475	1699.79361	
5.912921	1696.62953	1696.59093	1699.81475	1699.79361	
5.922977	1696.62953	1696.60839	1699.81475	1699.79361	
5.933115	1696.62953	1696.63457	1699.81475	1699.79361	
5.943349	1696.62953	1696.66075	1699.81475	1699.79361	
5.953472	1696.62953	1696.6782	1699.81475	1699.79361	
5.963641	1696.62953	1696.69565	1699.81475	1699.79361	
5.981672	1696.62953	1696.70438	1699.81475	1699.79361	
5.986761	1696.62953	1696.70438	1699.81475	1699.79361	
5.996495	1696.62953	1696.70438	1699.81475	1699.79361	
6.006582	1696.62953	1696.69565	1699.81475	1699.79361	
6.016718	1696.62953	1696.6782	1699.81475	1699.79361	
6.027071	1696.62953	1696.66075	1699.81475	1699.79361	
6.03716	1696.62953	1696.63457	1699.81475	1699.79361	
6.047337	1696.62953	1696.60839	1699.81475	1699.79361	
6.057419	1696.62953	1696.59093	1699.81475	1699.79361	
6.067468	1696.62953	1696.56475	1699.81475	1699.79361	
6.077604	1696.62953	1696.5473	1699.81475	1699.79361	
6.095734	1696.62953	1696.53857	1699.81475	1699.79361	
6.100391	1696.62953	1696.53857	1699.81475	1699.79361	
6.110468	1696.62953	1696.5473	1699.81475	1699.79361	
6.120607	1696.62953	1696.55603	1699.81475	1699.79361	
6.131031	1696.62953	1696.57348	1699.81475	1699.79361	
6.140981	1696.62953	1696.59966	1699.81475	1699.79361	
6.151092	1696.62953	1696.62584	1699.81475	1699.79361	
6.161363	1696.62953	1696.65202	1699.81475	1699.79361	
6.171373	1696.62953	1696.6782	1699.81475	1699.79361	
6.181553	1696.62953	1696.70438	1699.81475	1699.79361	
6.191869	1696.62953	1696.72183	1699.81475	1699.79361	
6.201872	1696.62953	1696.73929	1699.81475	1699.79361	
6.21202	1696.62953	1696.73929	1699.81475	1699.79361	
6.222286	1696.62953	1696.72183	1699.81475	1699.79361	
6.232484	1696.62953	1696.70438	1699.81475	1699.79361	
6.242576	1696.62953	1696.6782	1699.81475	1699.79361	
6.252678	1696.62953	1696.65202	1699.81475	1699.79361	
6.262795	1696.62953	1696.61711	1699.81475	1699.79361	
6.273094	1696.62953	1696.59093	1699.81475	1699.79361	
6.283266	1696.62953	1696.56475	1699.81475	1699.79361	
6.303155	1696.62953	1696.52985	1699.81475	1699.79361	
6.307829	1696.62953	1696.52985	1699.81475	1699.79361	
6.317995	1696.62953	1696.52112	1699.81475	1699.79361	
6.328116	1696.62953	1696.52985	1699.81475	1699.79361	
6.338261	1696.62953	1696.5473	1699.81475	1699.79361	
6.348506	1696.62953	1696.56475	1699.81475	1699.79361	
6.358612	1696.62953	1696.59966	1699.81475	1699.79361	
6.368871	1696.62953	1696.62584	1699.81475	1699.79361	
6.379052	1696.62953	1696.66075	1699.81475	1699.79361	
6.38919	1696.62953	1696.69565	1699.81475	1699.79361	
6.399438	1696.63439	1696.72183	1699.81962	1699.79361	
6.40951	1696.64192	1696.73929	1699.82715	1699.79361	
6.419729	1696.65285	1696.74801	1699.83808	1699.79361	
6.430099	1696.6672	1696.74801	1699.85242	1699.80234	
6.44004	1696.68383	1696.73929	1699.86906	1699.81107	
6.450208	1696.704	1696.73056	1699.88923	1699.81979	
6.460468	1696.72753	1696.72183	1699.91276	1699.83725	
6.470526	1696.75357	1696.70438	1699.9388	1699.86342	
6.480663	1696.78294	1696.70438	1699.96817	1699.89833	
6.490817	1696.81544	1696.70438	1700.00067	1699.93324	
6.501065	1696.85144	1696.71311	1700.03667	1699.97687	
6.511165	1696.88991	1696.73929	1700.07513	1700.0205	
6.521329	1696.93175	1696.78292	1700.11698	1700.07286	
6.531489	1696.97668	1696.84401	1700.1619	1700.12522	
6.541628	1697.02459	1696.91382	1700.20981	1700.16886	
6.551803	1697.07578	1696.98363	1700.261	1700.22994	
6.561976	1697.13007	1697.0709	1700.3153	1700.2823	
6.572149	1697.18745	1697.16689	1700.37268	1700.35212	
6.582291	1697.24775	1697.26288	1700.43298	1700.4132	
6.592399	1697.31089	1697.35888	1700.49612	1700.48302	
6.602669	1697.37828	1697.44614	1700.56351	1700.55283	
6.612825	1697.44795	1697.54214	1700.63317	1700.63137	
6.622975	1697.52066	1697.6294	1700.70589	1700.70991	
6.633185	1697.59699	1697.71667	1700.78221	1700.78845	
6.643333	1697.67588	1697.78648	1700.86111	1700.88444	
6.65376	1697.76034	1697.86502	1700.94557	1700.97171	
6.664019	1697.84651	1697.93484	1701.03173	1701.0677	
6.674448	1697.93998	1698.01338	1701.12521	1701.17242	
6.684249	1698.02558	1698.08319	1701.2108	1701.26842	
6.694379	1698.11987	1698.16173	1701.3051	1701.36441	
6.704432	1698.21648	1698.24027	1701.4017	1701.4604	
6.714715	1698.31843	1698.32754	1701.50366	1701.56512	
6.724846	1698.41973	1698.4148	1701.60496	1701.66984	
6.734902	1698.5203	1698.51952	1701.70553	1701.76583	
6.745438	1698.62567	1698.61551	1701.8109	1701.87055	
6.75524	1698.72368	1698.72896	1701.90891	1701.97527	
6.765469	1698.826	1698.84241	1702.01123	1702.08872	
6.775619	1698.92747	1698.96458	1702.1127	1702.19344	
6.785732	1699.02859	1699.08675	1702.21382	1702.29816	
6.795791	1699.12921	1699.21765	1702.31444	1702.41161	
6.806298	1699.23427	1699.33983	1702.4195	1702.51633	
6.816207	1699.33335	1699.462	1702.51858	1702.62977	
6.826352	1699.43481	1699.57545	1702.62004	1702.72576	
6.836595	1699.53721	1699.69762	1702.72244	1702.83921	
6.846981	1699.64109	1699.81107	1702.82632	1702.95266	
6.856732	1699.73859	1699.91578	1702.92382	1703.04865	
6.867008	1699.84136	1700.0205	1703.02659	1703.15337	
6.877045	1699.94176	1700.1165	1703.12699	1703.26682	
6.887156	1700.04286	1700.21249	1703.22809	1703.37154	
6.897325	1700.14453	1700.29976	1703.32976	1703.4588	
6.907554	1700.24684	1700.38702	1703.43207	1703.56352	
6.917683	1700.34813	1700.47429	1703.53336	1703.65079	
6.927853	1700.44983	1700.56156	1703.63506	1703.75551	
6.938007	1700.55135	1700.64882	1703.73658	1703.8515	
6.94842	1700.65551	1700.72736	1703.84074	1703.9475	
6.958503	1700.75628	1700.81463	1703.94151	1704.04349	
6.968657	1700.85788	1700.9019	1704.04311	1704.13948	
6.978873	1700.96005	1700.99789	1704.14528	1704.23547	
6.989129	1701.06256	1701.09388	1704.24779	1704.32274	
6.999149	1701.16278	1701.18988	1704.34801	1704.41873	
7.009465	1701.26595	1701.29459	1704.45118	1704.51473	
7.019742	1701.36869	1701.39931	1704.55392	1704.61945	
7.029735	1701.46861	1701.51276	1704.65384	1704.71544	
7.039988	1701.57113	1701.62621	1704.75636	1704.81143	
7.050219	1701.67345	1701.73093	1704.85868	1704.91615	
7.060358	1701.77483	1701.8531	1704.96006	1705.0296	
7.070342	1701.8747	1701.96655	1705.05993	1705.13432	
7.080538	1701.97226	1702.07999	1705.15748	1705.24777	
7.090626	1702.06583	1702.20217	1705.25105	1705.36121	
7.100865	1702.15783	1702.31561	1705.34306	1705.48339	
7.110978	1702.24584	1702.42906	1705.43106	1705.5881	
7.12112	1702.33119	1702.53378	1705.51642	1705.69282	
7.13125	1702.41357	1702.62977	1705.59879	1705.79754	
7.141426	1702.49339	1702.72576	1705.67861	1705.88481	
7.151536	1702.56978	1702.8043	1705.75501	1705.97208	
7.161738	1702.64401	1702.87412	1705.82923	1706.04189	
7.17186	1702.7148	1702.92648	1705.90002	1706.1117	
7.182099	1702.78347	1702.97884	1705.9687	1706.16406	
7.19225	1702.84872	1703.02247	1706.03395	1706.21642	
7.202347	1702.91081	1703.05738	1706.09603	1706.26006	
7.21264	1702.97119	1703.09228	1706.15642	1706.29496	
7.22276	1703.02776	1703.12719	1706.21298	1706.32987	
7.232884	1703.08154	1703.1621	1706.26677	1706.36478	
7.243056	1703.13281	1703.197	1706.31804	1706.39096	
7.253163	1703.18099	1703.23191	1706.36622	1706.42586	
7.263386	1703.22693	1703.26682	1706.41216	1706.45204	
7.273507	1703.2697	1703.30172	1706.45492	1706.48695	
7.283725	1703.31013	1703.34536	1706.49535	1706.52186	
7.293844	1703.3475	1703.38899	1706.53273	1706.54804	
7.304095	1703.38285	1703.4239	1706.56808	1706.58294	
7.314489	1703.41547	1703.46753	1706.6007	1706.62658	
7.324424	1703.44442	1703.50244	1706.62965	1706.66148	
7.334514	1703.47129	1703.53734	1706.65652	1706.69639	
7.344653	1703.49578	1703.56352	1706.681	1706.7313	
7.355341	1703.51881	1703.59843	1706.70403	1706.7662	
7.364952	1703.53748	1703.61588	1706.7227	1706.79238	
7.375083	1703.55477	1703.63334	1706.73999	1706.82729	
7.385225	1703.56983	1703.64206	1706.75506	1706.84474	
7.395402	1703.58277	1703.65079	1706.768	1706.8622	
7.405556	1703.59364	1703.66824	1706.77886	1706.87092	
7.415961	1703.60273	1703.66824	1706.78796	1706.87965	
7.425853	1703.60978	1703.67697	1706.79501	1706.87965	
7.436006	1703.61538	1703.67697	1706.80061	1706.87965	
7.446214	1703.61964	1703.66824	1706.80486	1706.87965	
7.456783	1703.62278	1703.66824	1706.80801	1706.8622	
7.466466	1703.62492	1703.65952	1706.81014	1706.85347	
7.476672	1703.62953	1703.65079	1706.81475	1706.83602	
7.486774	1703.62953	1703.65079	1706.81475	1706.82729	
7.497028	1703.62953	1703.64206	1706.81475	1706.80984	
7.507145	1703.62953	1703.63334	1706.81475	1706.79238	
7.517461	1703.62953	1703.63334	1706.81475	1706.77493	
7.527549	1703.62953	1703.62461	1706.81475	1706.75748	
7.537735	1703.62953	1703.61588	1706.81475	1706.75748	
7.548047	1703.62953	1703.61588	1706.81475	1706.74875	
7.558321	1703.62953	1703.61588	1706.81475	1706.75748	
7.568496	1703.62953	1703.61588	1706.81475	1706.75748	
7.578649	1703.62953	1703.61588	1706.81475	1706.77493	
7.588829	1703.62953	1703.61588	1706.81475	1706.79238	
7.598909	1703.62953	1703.61588	1706.81475	1706.80984	
7.609128	1703.62953	1703.61588	1706.81475	1706.82729	
7.61931	1703.62953	1703.61588	1706.81475	1706.84474	
7.629407	1703.62953	1703.61588	1706.81475	1706.8622	
7.639584	1703.62953	1703.61588	1706.81475	1706.87965	
7.649726	1703.62953	1703.61588	1706.81475	1706.88838	
7.659903	1703.62953	1703.61588	1706.81475	1706.88838	
7.670151	1703.62953	1703.61588	1706.81475	1706.87965	
7.690121	1703.62953	1703.61588	1706.81475	1706.8622	
7.694692	1703.62953	1703.61588	1706.81475	1706.85347	
7.70493	1703.62953	1703.61588	1706.81475	1706.82729	
7.715191	1703.62953	1703.61588	1706.81475	1706.80984	
7.725196	1703.62953	1703.61588	1706.81475	1706.79238	
7.735307	1703.62953	1703.61588	1706.81475	1706.77493	
7.745447	1703.62953	1703.61588	1706.81475	1706.75748	
7.755777	1703.62953	1703.61588	1706.81475	1706.74875	
7.765909	1703.62953	1703.61588	1706.81475	1706.74002	
7.775905	1703.62953	1703.61588	1706.81475	1706.74002	
7.794137	1703.62953	1703.61588	1706.81475	1706.74875	
7.798922	1703.62953	1703.61588	1706.81475	1706.75748	
7.809028	1703.62953	1703.61588	1706.81475	1706.78366	
7.819115	1703.62953	1703.61588	1706.81475	1706.80111	
7.82925	1703.62953	1703.61588	1706.81475	1706.82729	
7.839427	1703.62953	1703.61588	1706.81475	1706.84474	
7.849584	1703.62953	1703.61588	1706.81475	1706.8622	
7.859776	1703.62953	1703.61588	1706.81475	1706.87965	
7.869936	1703.62953	1703.61588	1706.81475	1706.88838	
7.880087	1703.62953	1703.61588	1706.81475	1706.8971	
7.890254	1703.62953	1703.61588	1706.81475	1706.88838	
7.900462	1703.62953	1703.61588	1706.81475	1706.87965	
7.910567	1703.62953	1703.61588	1706.81475	1706.8622	
7.920733	1703.62953	1703.61588	1706.81475	1706.84474	
7.930915	1703.62953	1703.61588	1706.81475	1706.81856	
7.941083	1703.62953	1703.61588	1706.81475	1706.79238	
7.951231	1703.62953	1703.61588	1706.81475	1706.77493	
7.961366	1703.62953	1703.61588	1706.81475	1706.75748	
7.971717	1703.62953	1703.61588	1706.81475	1706.74875	
7.981719	1703.62953	1703.61588	1706.81475	1706.74002	
7.991852	1703.62953	1703.61588	1706.81475	1706.74002	
8.002024	1703.62953	1703.61588	1706.81475	1706.74002	
8.012185	1703.62953	1703.61588	1706.81475	1706.75748	
8.022345	1703.62953	1703.61588	1706.81475	1706.7662	
8.032458	1703.62953	1703.61588	1706.81475	1706.79238	
8.042574	1703.62953	1703.61588	1706.81475	1706.80984	
8.052824	1703.62953	1703.61588	1706.81475	1706.82729	
8.062923	1703.62953	1703.61588	1706.81475	1706.85347	
8.073048	1703.62953	1703.61588	1706.81475	1706.87092	
8.083246	1703.62953	1703.61588	1706.81475	1706.88838	
8.093352	1703.62953	1703.61588	1706.81475	1706.8971	
8.103456	1703.62953	1703.61588	1706.81475	1706.8971	
8.113703	1703.62953	1703.61588	1706.81475	1706.88838	
8.123869	1703.62953	1703.61588	1706.81475	1706.87092	
8.134104	1703.62953	1703.61588	1706.81475	1706.85347	
8.144161	1703.62953	1703.61588	1706.81475	1706.82729	
8.154303	1703.62953	1703.61588	1706.81475	1706.80984	
8.164643	1703.62953	1703.61588	1706.81475	1706.78366	
8.174575	1703.62953	1703.61588	1706.81475	1706.75748	
8.184747	1703.62953	1703.61588	1706.81475	1706.74002	
8.195115	1703.62953	1703.61588	1706.81475	1706.72257	
8.205072	1703.62953	1703.61588	1706.81475	1706.72257	
8.215211	1703.62953	1703.61588	1706.81475	1706.7313	
8.225349	1703.62953	1703.61588	1706.81475	1706.74875	
8.235519	1703.62953	1703.61588	1706.81475	1706.7662	
8.245637	1703.62953	1703.61588	1706.81475	1706.79238	
8.255782	1703.62953	1703.61588	1706.81475	1706.81856	
8.265945	1703.62953	1703.61588	1706.81475	1706.84474	
8.276076	1703.62953	1703.61588	1706.81475	1706.8622	
8.296341	1703.62953	1703.61588	1706.81475	1706.88838	
8.300972	1703.62953	1703.61588	1706.81475	1706.90583	
8.31109	1703.62953	1703.61588	1706.81475	1706.90583	
8.321228	1703.62953	1703.61588	1706.81475	1706.90583	
8.331408	1703.62953	1703.61588	1706.81475	1706.8971	
8.3416	1703.62953	1703.61588	1706.81475	1706.87965	
8.351728	1703.62953	1703.61588	1706.81475	1706.8622	
8.361871	1703.62953	1703.61588	1706.81475	1706.82729	
8.372135	1703.62953	1703.61588	1706.81475	1706.80111	
8.382389	1703.62953	1703.61588	1706.81475	1706.77493	
8.39237	1703.62953	1703.61588	1706.81475	1706.75748	
8.402532	1703.62953	1703.61588	1706.81475	1706.7313	
8.412731	1703.62953	1703.61588	1706.81475	1706.72257	
8.422801	1703.62953	1703.61588	1706.81475	1706.72257	
8.432983	1703.62953	1703.61588	1706.81475	1706.72257	
8.443183	1703.62953	1703.61588	1706.81475	1706.7313	
8.453295	1703.62953	1703.61588	1706.81475	1706.74875	
8.46344	1703.62953	1703.61588	1706.81475	1706.77493	
8.473578	1703.62953	1703.61588	1706.81475	1706.79238	
8.483736	1703.62953	1703.61588	1706.81475	1706.82729	
8.494026	1703.62953	1703.61588	1706.81475	1706.85347	
8.504026	1703.62953	1703.61588	1706.81475	1706.87965	
8.516763	1703.63684	1703.61588	1706.82206	1706.8971	
8.5244	1703.64238	1703.61588	1706.82761	1706.90583	
8.534483	1703.65312	1703.62461	1706.83834	1706.91456	
8.544604	1703.66698	1703.62461	1706.85221	1706.91456	
8.554729	1703.68392	1703.63334	1706.86915	1706.8971	
8.565007	1703.7043	1703.64206	1706.88953	1706.8971	
8.575069	1703.72726	1703.65952	1706.91249	1706.88838	
8.585215	1703.75352	1703.6857	1706.93874	1706.87965	
8.595384	1703.78294	1703.71188	1706.96817	1706.87965	
8.605565	1703.81551	1703.74678	1707.00074	1706.8971	
8.617011	1703.85629	1703.79042	1707.04152	1706.91456	
8.625818	1703.88963	1703.82532	1707.07486	1706.94074	
8.636015	1703.93157	1703.87768	1707.11679	1706.98437	
8.646258	1703.97685	1703.92132	1707.16208	1707.03673	
8.656312	1704.02428	1703.97368	1707.20951	1707.10654	
8.666801	1704.07717	1704.03476	1707.2624	1707.18508	
8.676635	1704.12954	1704.08712	1707.31476	1707.26362	
8.686723	1704.18639	1704.14821	1707.37162	1707.35089	
8.696879	1704.24667	1704.21802	1707.4319	1707.45561	
8.706978	1704.30969	1704.28783	1707.49492	1707.54287	
8.718605	1704.38661	1704.36637	1707.57183	1707.63014	
8.727389	1704.44659	1704.43619	1707.63182	1707.71741	
8.737505	1704.51897	1704.52345	1707.70419	1707.80467	
8.747679	1704.59488	1704.60199	1707.78011	1707.89194	
8.757831	1704.67373	1704.69799	1707.85895	1707.97921	
8.768321	1704.75856	1704.79398	1707.94379	1708.04902	
8.778336	1704.84248	1704.88997	1708.02771	1708.11883	
8.788715	1704.93273	1704.97724	1708.11796	1708.19737	
8.798676	1705.02228	1705.08196	1708.20751	1708.27591	
8.80895	1705.11781	1705.17795	1708.30304	1708.35445	
8.820916	1705.23383	1705.28267	1708.41905	1708.43299	
8.829195	1705.31557	1705.37867	1708.5008	1708.51153	
8.839317	1705.41676	1705.48339	1708.60199	1708.5988	
8.849471	1705.51831	1705.5881	1708.70354	1708.69479	
8.859754	1705.62116	1705.6841	1708.80639	1708.80824	
8.869781	1705.72141	1705.78882	1708.90664	1708.92168	
8.879967	1705.82326	1705.88481	1709.00849	1709.0264	
8.890243	1705.92601	1705.99826	1709.11124	1709.1573	
8.900398	1706.02758	1706.10298	1709.21281	1709.2882	
8.9105	1706.12857	1706.2077	1709.3138	1709.41038	
8.922234	1706.24599	1706.31242	1709.43122	1709.53255	
8.930951	1706.33314	1706.42586	1709.51837	1709.65472	
8.940965	1706.43325	1706.53058	1709.61848	1709.7769	
8.951258	1706.53617	1706.64403	1709.7214	1709.89907	
8.961505	1706.63866	1706.74875	1709.82389	1710.00379	
8.971604	1706.73966	1706.8622	1709.92489	1710.11723	
8.981559	1706.83921	1706.96692	1710.02444	1710.21323	
8.991681	1706.94041	1707.07163	1710.12564	1710.31795	
9.002019	1707.04411	1707.17635	1710.22934	1710.40521	
9.011976	1707.14334	1707.28107	1710.32857	1710.49248	
9.023755	1707.2612	1707.37707	1710.44643	1710.57975	
9.032613	1707.34971	1707.47306	1710.53494	1710.65829	
9.0427	1707.45058	1707.56905	1710.63581	1710.73683	
9.052944	1707.55305	1707.66505	1710.73828	1710.82409	
9.063005	1707.65364	1707.76977	1710.83887	1710.91136	
9.073239	1707.75598	1707.85703	1710.94121	1710.9899	
9.083492	1707.85851	1707.95303	1711.04374	1711.07717	
9.093518	1707.95878	1708.04902	1711.14401	1711.17316	
9.103842	1708.062	1708.14501	1711.24723	1711.26915	
9.114159	1708.16553	1708.23228	1711.35076	1711.37387	
9.125536	1708.27903	1708.31955	1711.46426	1711.47859	
9.134384	1708.36745	1708.41554	1711.55268	1711.59204	
9.14428	1708.46637	1708.52026	1711.6516	1711.70548	
9.1544	1708.56759	1708.61625	1711.75282	1711.81893	
9.164676	1708.67038	1708.71224	1711.85561	1711.9411	
9.174849	1708.77212	1708.81696	1711.95735	1712.06328	
9.18491	1708.87267	1708.93914	1712.0579	1712.18545	
9.195161	1708.97073	1709.05258	1712.15596	1712.2989	
9.205201	1709.0639	1709.16603	1712.24912	1712.41234	
9.215317	1709.15487	1709.27948	1712.3401	1712.51706	
9.228962	1709.27166	1709.40165	1712.45689	1712.62178	
9.246507	1709.41221	1709.50637	1712.59743	1712.70905	
9.251532	1709.45264	1709.67218	1712.63787	1712.84867	
9.261647	1709.53038	1709.7769	1712.71561	1712.93594	
9.271832	1709.60581	1709.86416	1712.79103	1713.01448	
9.28203	1709.67842	1709.95143	1712.86365	1713.07557	
9.29231	1709.74875	1710.01251	1712.93397	1713.13665	
9.302629	1709.81631	1710.06487	1713.00154	1713.18029	
9.312743	1709.87979	1710.09978	1713.06501	1713.22392	
9.322936	1709.94091	1710.11723	1713.12613	1713.25883	
9.333567	1710.00147	1710.13469	1713.1867	1713.30246	
9.343782	1710.05691	1710.14341	1713.24214	1713.33737	
9.353948	1710.10932	1710.16087	1713.29454	1713.36355	
9.364273	1710.15967	1710.17832	1713.34489	1713.39845	
9.374386	1710.20625	1710.18705	1713.39147	1713.42463	
9.384726	1710.25104	1710.21323	1713.43627	1713.45954	
9.395047	1710.29295	1710.24813	1713.47818	1713.49445	
9.405229	1710.3316	1710.28304	1713.51683	1713.52935	
9.415429	1710.36765	1710.3354	1713.55287	1713.56426	
9.425706	1710.40124	1710.37903	1713.58647	1713.59917	
9.435804	1710.43172	1710.43139	1713.61695	1713.63407	
9.446047	1710.46	1710.49248	1713.64523	1713.66898	
9.456321	1710.48579	1710.54484	1713.67102	1713.71261	
9.46652	1710.50891	1710.5972	1713.69414	1713.74752	
9.477088	1710.53021	1710.64956	1713.71543	1713.78243	
9.486945	1710.54794	1710.68447	1713.73316	1713.80861	
9.496965	1710.56373	1710.71065	1713.74895	1713.84351	
9.507382	1710.57778	1710.73683	1713.76301	1713.86097	
9.517545	1710.58944	1710.73683	1713.77467	1713.87842	
9.527757	1710.59917	1710.73683	1713.7844	1713.87842	
9.537916	1710.60704	1710.71937	1713.79227	1713.87842	
9.548336	1710.61335	1710.69319	1713.79858	1713.87842	
9.558412	1710.61808	1710.66701	1713.8033	1713.87842	
9.568691	1710.62162	1710.64956	1713.80684	1713.87842	
9.578865	1710.62414	1710.63211	1713.80937	1713.86097	
9.589101	1710.62953	1710.60593	1713.81475	1713.84351	
9.599264	1710.62953	1710.58847	1713.81475	1713.83479	
9.609447	1710.62953	1710.57975	1713.81475	1713.81733	
9.619711	1710.62953	1710.57102	1713.81475	1713.80861	
9.629899	1710.62953	1710.57102	1713.81475	1713.79115	
9.640086	1710.62953	1710.57102	1713.81475	1713.78243	
9.650322	1710.62953	1710.57975	1713.81475	1713.7737	
9.660509	1710.62953	1710.5972	1713.81475	1713.7737	
9.670785	1710.62953	1710.60593	1713.81475	1713.7737	
9.680955	1710.62953	1710.62338	1713.81475	1713.7737	
9.691212	1710.62953	1710.64083	1713.81475	1713.79115	
9.701444	1710.62953	1710.65829	1713.81475	1713.79988	
9.711605	1710.62953	1710.66701	1713.81475	1713.80861	
9.721829	1710.62953	1710.66701	1713.81475	1713.81733	
9.732533	1710.62953	1710.66701	1713.81475	1713.82606	
9.742348	1710.62953	1710.66701	1713.81475	1713.83479	
9.752521	1710.62953	1710.66701	1713.81475	1713.84351	
9.762766	1710.62953	1710.65829	1713.81475	1713.84351	
9.773065	1710.62953	1710.64956	1713.81475	1713.84351	
9.7832	1710.62953	1710.64083	1713.81475	1713.84351	
9.793433	1710.62953	1710.63211	1713.81475	1713.84351	
9.803788	1710.62953	1710.62338	1713.81475	1713.84351	
9.81385	1710.62953	1710.61465	1713.81475	1713.84351	
9.824076	1710.62953	1710.60593	1713.81475	1713.84351	
9.834322	1710.62953	1710.5972	1713.81475	1713.84351	
9.844546	1710.62953	1710.5972	1713.81475	1713.83479	
9.854976	1710.62953	1710.5972	1713.81475	1713.82606	
9.865075	1710.62953	1710.5972	1713.81475	1713.81733	
9.875353	1710.62953	1710.60593	1713.81475	1713.80861	
9.885385	1710.62953	1710.60593	1713.81475	1713.80861	
9.895702	1710.62953	1710.61465	1713.81475	1713.79988	
9.905941	1710.62953	1710.63211	1713.81475	1713.79988	
9.916123	1710.62953	1710.63211	1713.81475	1713.79988	
9.926502	1710.62953	1710.64083	1713.81475	1713.79988	
9.936629	1710.62953	1710.64956	1713.81475	1713.79115	
9.946924	1710.62953	1710.65829	1713.81475	1713.79115	
9.957202	1710.62953	1710.66701	1713.81475	1713.79115	
9.967286	1710.62953	1710.66701	1713.81475	1713.79988	
9.9775	1710.62953	1710.66701	1713.81475	1713.80861	
9.987764	1710.62953	1710.66701	1713.81475	1713.80861	
9.997953	1710.62953	1710.65829	1713.81475	1713.81733	
10.00826	1710.62953	1710.65829	1713.81475	1713.82606	
10.0184	1710.62953	1710.64956	1713.81475	1713.82606	
10.02861	1710.62953	1710.64083	1713.81475	1713.83479	
10.03876	1710.62953	1710.63211	1713.81475	1713.83479	
10.04896	1710.62953	1710.62338	1713.81475	1713.83479	
10.05915	1710.62953	1710.61465	1713.81475	1713.83479	
10.06939	1710.62953	1710.60593	1713.81475	1713.83479	
10.07945	1710.62953	1710.60593	1713.81475	1713.82606	
10.08963	1710.62953	1710.5972	1713.81475	1713.82606	
10.09984	1710.62953	1710.5972	1713.81475	1713.82606	
10.11014	1710.62953	1710.5972	1713.81475	1713.82606	
10.12037	1710.62953	1710.5972	1713.81475	1713.82606	
10.13058	1710.62953	1710.60593	1713.81475	1713.82606	
10.14084	1710.62953	1710.60593	1713.81475	1713.82606	
10.15099	1710.62953	1710.61465	1713.81475	1713.82606	
10.16124	1710.62953	1710.62338	1713.81475	1713.82606	
10.17141	1710.62953	1710.63211	1713.81475	1713.82606	
10.18152	1710.62953	1710.63211	1713.81475	1713.82606	
10.19174	1710.62953	1710.64083	1713.81475	1713.82606	
10.20206	1710.62953	1710.64956	1713.81475	1713.82606	
10.21228	1710.62953	1710.64956	1713.81475	1713.82606	
10.22236	1710.62953	1710.65829	1713.81475	1713.82606	
10.23269	1710.62953	1710.65829	1713.81475	1713.82606	
10.24293	1710.62953	1710.65829	1713.81475	1713.82606	
10.2531	1710.62953	1710.65829	1713.81475	1713.82606	
10.26331	1710.62953	1710.65829	1713.81475	1713.82606	
10.27352	1710.62953	1710.65829	1713.81475	1713.82606	
10.28384	1710.62953	1710.65829	1713.81475	1713.82606	
10.29431	1710.62953	1710.65829	1713.81475	1713.82606	
10.30416	1710.62953	1710.65829	1713.81475	1713.82606	
10.31441	1710.62953	1710.65829	1713.81475	1713.82606	
10.32456	1710.62953	1710.65829	1713.81475	1713.82606	
10.33479	1710.62953	1710.65829	1713.81475	1713.82606	
10.34504	1710.62953	1710.65829	1713.81475	1713.82606	
10.35531	1710.62953	1710.65829	1713.81475	1713.82606	
10.36542	1710.62953	1710.65829	1713.81475	1713.82606	
10.37581	1710.62953	1710.65829	1713.81475	1713.82606	
10.38597	1710.62953	1710.65829	1713.81475	1713.82606	
10.39631	1710.62953	1710.65829	1713.81475	1713.82606	
10.41458	1710.62953	1710.65829	1713.81475	1713.82606	
10.42285	1710.62953	1710.65829	1713.81475	1713.82606	
10.42981	1710.62953	1710.65829	1713.81475	1713.82606	
10.44002	1710.62953	1710.65829	1713.81475	1713.82606	
10.45018	1710.62953	1710.65829	1713.81475	1713.82606	
10.46042	1710.62953	1710.65829	1713.81475	1713.82606	
10.47882	1710.62953	1710.65829	1713.81475	1713.82606	
10.48385	1710.62953	1710.65829	1713.81475	1713.82606	
10.49401	1710.62953	1710.65829	1713.81475	1713.82606	
10.50424	1710.62953	1710.65829	1713.81475	1713.82606	
10.51445	1710.62953	1710.65829	1713.81475	1713.82606	
10.5246	1710.62953	1710.65829	1713.81475	1713.82606	
10.53494	1710.62953	1710.65829	1713.81475	1713.82606	
10.54506	1710.62953	1710.65829	1713.81475	1713.82606	
10.55524	1710.62953	1710.65829	1713.81475	1713.82606	
10.56547	1710.62953	1710.65829	1713.81475	1713.82606	
10.57568	1710.62953	1710.65829	1713.81475	1713.82606	
10.58586	1710.62953	1710.65829	1713.81475	1713.82606	
10.59608	1710.62953	1710.65829	1713.81475	1713.82606	
10.60637	1710.62953	1710.65829	1713.81475	1713.82606	
10.61651	1710.62953	1710.65829	1713.81475	1713.82606	
10.62685	1710.62953	1710.65829	1713.81475	1713.82606	
10.637	1710.62953	1710.65829	1713.81475	1713.82606	
10.6471	1710.62953	1710.65829	1713.81475	1713.82606	
10.65729	1710.62953	1710.65829	1713.81475	1713.82606	
10.66759	1710.62953	1710.65829	1713.81475	1713.82606	
10.67768	1710.62953	1710.65829	1713.81475	1713.82606	
10.68814	1710.62953	1710.65829	1713.81475	1713.82606	
10.69814	1710.62953	1710.65829	1713.81475	1713.82606	
10.70834	1710.62953	1710.65829	1713.81475	1713.82606	
10.71844	1710.62953	1710.65829	1713.81475	1713.82606	
10.72872	1710.62953	1710.65829	1713.81475	1713.82606	
