255
255
255
29
28
28
28
28
28
28
28
28
28
27
27
27
27
27
27
27
26
26
26
27
27
27
27
27
27
27
28
28
28
29
28
29
28
30
255
255
255
255
255
255
255
255
255
255
255
255
255
255
255
255
255
255
255
255
255
255
255
255
255
255
255
255
255
255
255
255
255
255
255
255
255
255
255
255
255
255
170
170
170
170
170
169
170
170
170
170
169
169
170
169
169
169
169
169
169
169
169
169
169
170
170
255
170
170
169
169
170
255
255
255
255
255
255
255
255
255
255
255
255
255
255
255
255
255
255
255
255
255
255
255
223
222
222
222
222
222
255
255
255
255
222
223
255
255
255
255
255
255
255
255
255
255
255
61
61
61
61
60
60
60
59
59
59
59
59
58
58
58
58
58
58
58
58
58
58
58
58
58
58
58
58
58
58
58
58
58
58
58
57
58
58
58
58
58
58
58
58
58
58
58
58
58
58
58
58
58
58
59
59
59
59
59
59
59
59
60
60
60
60
71
71
71
71
72
71
71
71
71
71
71
71
71
71
71
71
72
72
72
72
72
45
44
44
43
43
43
43
42
42
42
42
42
42
42
42
41
41
41
41
41
41
41
41
41
41
41
41
41
41
41
41
41
41
41
41
41
41
41
41
41
41
41
41
41
41
41
41
41
41
41
41
41
41
41
41
41
41
41
42
42
42
42
42
42
42
42
43
43
43
43
44
44
44
44
47
48
48
48
48
49
49
49
50
49
50
50
50
49
50
50
50
50
50
29
28
28
28
28
28
27
27
27
27
27
27
27
27
27
27
28
28
28
28
28
29
255
