28
28
28
28
28
28
28
28
28
28
28
29
29
29
29
29
29
29
29
30
30
30
30
30
30
30
30
30
31
31
31
31
31
31
31
32
32
33
63
63
63
63
62
62
62
62
61
61
61
61
60
60
58
58
57
57
57
57
56
56
56
57
56
56
56
56
56
55
55
55
55
55
55
55
55
55
55
55
55
55
55
54
55
55
55
55
55
55
54
55
54
55
55
55
55
55
55
55
55
55
55
55
55
55
55
55
55
55
55
55
55
55
56
56
56
56
56
56
56
57
57
57
58
58
59
255
255
255
255
255
255
255
255
255
255
255
255
255
255
255
255
255
255
255
255
255
255
255
255
255
255
255
255
255
255
255
255
255
255
255
255
255
189
255
255
255
255
255
255
255
255
255
255
189
189
189
189
188
188
189
255
255
255
255
255
255
255
255
255
255
255
255
255
255
255
255
255
255
255
255
255
255
255
255
255
255
255
255
255
255
255
255
255
255
255
255
255
255
255
184
182
182
182
31
32
31
31
31
31
30
30
29
29
29
29
29
29
29
28
28
28
28
28
28
28
28
28
28
28
27
27
27
27
27
27
27
27
27
27
27
27
27
27
27
27
27
27
27
27
27
27
27
27
27
27
27
27
27
27
27
27
27
27
27
27
27
27
27
28
27
27
28
28
28
28
28
28
29
28
29
28
29
29
29
29
29
30
30
41
30
30
42
41
31
31
30
30
31
32
31
33
31
30
30
30
30
30
30
30
30
29
29
29
29
29
29
29
29
28
28
28
28
28
28
28
28
28
28
28
28
28
28
28
28
28
28
28
28
28
28
