72
72
72
72
72
72
72
72
72
72
72
72
72
72
72
72
72
72
72
72
72
72
72
72
74
73
74
73
74
73
90
74
91
74
91
91
91
91
91
91
91
91
91
91
91
91
91
91
91
91
91
91
91
91
91
91
92
92
92
92
92
92
92
58
57
57
57
57
57
56
56
56
56
56
56
56
56
55
55
55
55
55
55
55
55
55
55
55
54
54
54
54
54
54
54
54
54
54
54
54
54
54
54
54
54
54
54
54
54
54
54
54
54
54
54
54
54
54
54
54
55
55
55
55
55
55
55
55
56
55
56
56
56
57
57
255
255
255
255
255
255
255
255
255
255
255
255
255
255
255
255
255
255
255
255
255
255
255
255
255
255
255
255
255
255
255
255
255
255
255
255
255
152
255
152
152
152
140
140
140
140
151
139
139
139
139
139
138
138
138
139
139
138
138
138
138
138
138
138
138
138
138
138
138
139
139
139
139
139
139
139
140
139
140
140
140
255
255
255
255
255
180
255
180
179
179
179
178
178
178
178
178
178
177
177
177
177
178
178
178
178
178
178
178
178
178
179
179
255
255
255
255
255
255
255
255
255
255
255
255
255
159
255
255
255
255
255
255
255
255
255
164
163
163
163
163
255
255
255
255
255
255
255
255
156
156
156
156
156
156
156
156
156
156
156
156
156
156
156
156
156
156
156
156
156
156
157
157
157
157
157
157
157
158
158
158
159
159
159
160
160
255
255
255
255
255
255
255
255
255
255
255
79
78
78
77
77
77
76
76
75
75
75
74
74
74
74
73
73
73
73
73
73
73
72
72
72
72
72
72
