22.77244	-362.045995	-362.0511	-362.011089	-362.016193	
22.78251	-362.052022	-362.0511	-362.017116	-362.016193	
22.79264	-362.060175	-362.0511	-362.025269	-362.016193	
22.80284	-362.070388	-362.0511	-362.035482	-362.016193	
22.81305	-362.082764	-362.059827	-362.047857	-362.016193	
22.82315	-362.097016	-362.059827	-362.062109	-362.016193	
22.83334	-362.113464	-362.059827	-362.078557	-362.016193	
22.84346	-362.131867	-362.068553	-362.09696	-362.016193	
22.85365	-362.152472	-362.07728	-362.117565	-362.02492	
22.86386	-362.175209	-362.086007	-362.140303	-362.042373	
22.87402	-362.199888	-362.094733	-362.164981	-362.059827	
22.88417	-362.226595	-362.112187	-362.191688	-362.086007	
22.89459	-362.256214	-362.12964	-362.221307	-362.120913	
22.90451	-362.286359	-362.15582	-362.251453	-362.15582	
22.91469	-362.31935	-362.190726	-362.284443	-362.199453	
22.92511	-362.355343	-362.225633	-362.320437	-362.243086	
22.93502	-362.391482	-362.269266	-362.356575	-362.295446	
22.94525	-362.4309	-362.321626	-362.395994	-362.330353	
22.95539	-362.472036	-362.365259	-362.437129	-362.382713	
22.96548	-362.515004	-362.417619	-362.480097	-362.435072	
22.97567	-362.56051	-362.478706	-362.525603	-362.478706	
22.98583	-362.607862	-362.539792	-362.572955	-362.531066	
22.99597	-362.657233	-362.609605	-362.622326	-362.583425	
23.00613	-362.708773	-362.670692	-362.673867	-362.644512	
23.01626	-362.762168	-362.740505	-362.727262	-362.696872	
23.02652	-362.818382	-362.801592	-362.783476	-362.749232	
23.03661	-362.875701	-362.862678	-362.840795	-362.810318	
23.04677	-362.935483	-362.923765	-362.900577	-362.862678	
23.05698	-362.997676	-362.993578	-362.962769	-362.923765	
23.06733	-363.062885	-363.045938	-363.027979	-362.984851	
23.07724	-363.127192	-363.107024	-363.092286	-363.045938	
23.08738	-363.195085	-363.168111	-363.160178	-363.107024	
23.09758	-363.265451	-363.229197	-363.230544	-363.168111	
23.10771	-363.337401	-363.281557	-363.302494	-363.237924	
23.11791	-363.411981	-363.342644	-363.377074	-363.29901	
23.12804	-363.488043	-363.412457	-363.453136	-363.37755	
23.13817	-363.566148	-363.48227	-363.531242	-363.447363	
23.14833	-363.64656	-363.552083	-363.611654	-363.525903	
23.15843	-363.728792	-363.621896	-363.693886	-363.604443	
23.16861	-363.813258	-363.69171	-363.778351	-363.69171	
23.17877	-363.89989	-363.778976	-363.864983	-363.770249	
23.18894	-363.988552	-363.866242	-363.953645	-363.866242	
23.19911	-364.079453	-363.953509	-364.044546	-363.953509	
23.20943	-364.173711	-364.049502	-364.138804	-364.049502	
23.21946	-364.267385	-364.145495	-364.232479	-364.145495	
23.2296	-364.364156	-364.250215	-364.329249	-364.250215	
23.23979	-364.463406	-364.354935	-364.428499	-364.354935	
23.24993	-364.564372	-364.459654	-364.529465	-364.459654	
23.26002	-364.665202	-364.564374	-364.630295	-364.564374	
23.27039	-364.768912	-364.686547	-364.734005	-364.669094	
23.28041	-364.869052	-364.80872	-364.834145	-364.78254	
23.29059	-364.970882	-364.922167	-364.935975	-364.895987	
23.30075	-365.072452	-365.04434	-365.037545	-365.009433	
23.31087	-365.173722	-365.175239	-365.138815	-365.12288	
23.32108	-365.275852	-365.297412	-365.240945	-365.245053	
23.33123	-365.377282	-365.410859	-365.342375	-365.367226	
23.34137	-365.478662	-365.533032	-365.443755	-365.480672	
23.35154	-365.580372	-365.646478	-365.545465	-365.594118	
23.36168	-365.681812	-365.751198	-365.646905	-365.707565	
23.37179	-365.782862	-365.855918	-365.747955	-365.821011	
23.38198	-365.884782	-365.960638	-365.849875	-365.925731	
23.39214	-365.986382	-366.056631	-365.951475	-366.030451	
23.40237	-366.088712	-366.152624	-366.053805	-366.126444	
23.41252	-366.190152	-366.23989	-366.155245	-366.21371	
23.42267	-366.291732	-366.31843	-366.256825	-366.309703	
23.43284	-366.393452	-366.414423	-366.358545	-366.405697	
23.45222	-366.587252	-366.571503	-366.552345	-366.571503	
23.45692	-366.634192	-366.606409	-366.599285	-366.615136	
23.46707	-366.735672	-366.693676	-366.700765	-366.693676	
23.47721	-366.837102	-366.780942	-366.802195	-366.789669	
23.48728	-366.937782	-366.868209	-366.902875	-366.868209	
23.49753	-367.040282	-366.964202	-367.005375	-366.955475	
23.5099	-367.164072	-367.060195	-367.129165	-367.042742	
23.51775	-367.242512	-367.156188	-367.207605	-367.130008	
23.52801	-367.345092	-367.260908	-367.310185	-367.226001	
23.53825	-367.447502	-367.365628	-367.412595	-367.321994	
23.55645	-367.629482	-367.56634	-367.594575	-367.505254	
23.56124	-367.677422	-367.6187	-367.642515	-367.557614	
23.57137	-367.778722	-367.732147	-367.743815	-367.67106	
23.5815	-367.879992	-367.845593	-367.845085	-367.77578	
23.5917	-367.982012	-367.95904	-367.947105	-367.8805	
23.60186	-368.083602	-368.081213	-368.048695	-368.002673	
23.61201	-368.185082	-368.203386	-368.150175	-368.124846	
23.62217	-368.286622	-368.316832	-368.251715	-368.229566	
23.63234	-368.388362	-368.421552	-368.353455	-368.343012	
23.64257	-368.490722	-368.543725	-368.455815	-368.456458	
23.6529	-368.594042	-368.648445	-368.559135	-368.578631	
23.66314	-368.696422	-368.753164	-368.661515	-368.683351	
23.67323	-368.797292	-368.857884	-368.762385	-368.788071	
23.68342	-368.899222	-368.953877	-368.864315	-368.892791	
23.6935	-368.999952	-369.04987	-368.965045	-368.99751	
23.70371	-369.102102	-369.137137	-369.067195	-369.084777	
23.71383	-369.203292	-369.23313	-369.168385	-369.18077	
23.724	-369.305032	-369.320396	-369.270125	-369.276763	
23.73412	-369.406222	-369.416389	-369.371315	-369.36403	
23.74434	-369.508362	-369.494929	-369.473455	-369.451296	
23.75474	-369.612512	-369.582196	-369.577605	-369.529836	
23.7647	-369.711962	-369.669462	-369.677055	-369.625829	
23.77479	-369.812902	-369.765455	-369.777995	-369.713095	
23.78509	-369.915892	-369.852722	-369.880985	-369.800362	
23.79516	-370.016562	-369.948715	-369.981655	-369.905082	
23.80533	-370.118252	-370.044708	-370.083345	-369.992348	
23.81549	-370.219952	-370.149428	-370.185045	-370.088341	
23.82568	-370.321792	-370.245421	-370.286885	-370.193061	
23.83582	-370.423152	-370.350141	-370.388245	-370.289054	
23.84593	-370.524332	-370.45486	-370.489425	-370.393774	
23.85635	-370.628482	-370.568307	-370.593575	-370.50722	
23.86634	-370.728402	-370.673027	-370.693495	-370.620667	
23.87656	-370.830622	-370.786473	-370.795715	-370.74284	
23.88663	-370.931372	-370.899919	-370.896465	-370.847559	
23.89705	-371.035572	-371.022092	-371.000665	-370.961006	
23.91493	-371.214252	-371.135539	-371.179345	-371.083179	
23.91971	-371.262102	-371.275165	-371.227195	-371.222805	
23.92974	-371.362402	-371.388612	-371.327495	-371.336252	
23.93986	-371.463552	-371.510785	-371.428645	-371.458425	
23.95	-371.564982	-371.624231	-371.530075	-371.580598	
23.9602	-371.666982	-371.728951	-371.632075	-371.685318	
23.97046	-371.769692	-371.83367	-371.734785	-371.798764	
23.98053	-371.870312	-371.93839	-371.835405	-371.903484	
23.99064	-371.971452	-372.034383	-371.936545	-371.999477	
24.0087	-372.152012	-372.191463	-372.117105	-372.182736	
24.01336	-372.198542	-372.235096	-372.163635	-372.22637	
24.02359	-372.300932	-372.322363	-372.266025	-372.322363	
24.03374	-372.402372	-372.409629	-372.367465	-372.418356	
24.0439	-372.504052	-372.488169	-372.469145	-372.496896	
24.05404	-372.605352	-372.575435	-372.570445	-372.592889	
24.06422	-372.707142	-372.662702	-372.672235	-372.671429	
24.07442	-372.809182	-372.758695	-372.774275	-372.767422	
24.09247	-372.989652	-372.915775	-372.954745	-372.907048	
24.09719	-373.036902	-372.959408	-373.001995	-372.950681	
24.10734	-373.138362	-373.064128	-373.103455	-373.046674	
24.11741	-373.239142	-373.160121	-373.204235	-373.133941	
24.12761	-373.341092	-373.26484	-373.306185	-373.221207	
24.13774	-373.442432	-373.378287	-373.407525	-373.3172	
24.14795	-373.544512	-373.491733	-373.509605	-373.413193	
24.15802	-373.645172	-373.60518	-373.610265	-373.517913	
24.1682	-373.746962	-373.718626	-373.712055	-373.63136	
24.17837	-373.848742	-373.832072	-373.813835	-373.744806	
24.18852	-373.950142	-373.954246	-373.915235	-373.849526	
24.19866	-374.051652	-374.067692	-374.016745	-373.971699	
24.2088	-374.153362	-374.181138	-374.118455	-374.085145	
24.21901	-374.255102	-374.294585	-374.220195	-374.198592	
24.22911	-374.356092	-374.408031	-374.321185	-374.312038	
24.23933	-374.458342	-374.512751	-374.423435	-374.425484	
24.24948	-374.559802	-374.617471	-374.524895	-374.547657	
24.25964	-374.661412	-374.72219	-374.626505	-374.652377	
24.26971	-374.762052	-374.82691	-374.727145	-374.757097	
24.27992	-374.864262	-374.922903	-374.829355	-374.861817	
24.2901	-374.966022	-375.01017	-374.931115	-374.966536	
24.30021	-375.067112	-375.106163	-375.032205	-375.071256	
24.31033	-375.168282	-375.193429	-375.133375	-375.158523	
24.32057	-375.270722	-375.280696	-375.235815	-375.245789	
24.33077	-375.372712	-375.367962	-375.337805	-375.333056	
24.34277	-375.492832	-375.455229	-375.457925	-375.411595	
24.35092	-375.574242	-375.542495	-375.539335	-375.490135	
24.36115	-375.676502	-375.629762	-375.641595	-375.577402	
24.37148	-375.779792	-375.725755	-375.744885	-375.664668	
24.3816	-375.881032	-375.813021	-375.846125	-375.743208	
24.39177	-375.982682	-375.909014	-375.947775	-375.839201	
24.40194	-376.084482	-376.013734	-376.049575	-375.926468	
24.4121	-376.185952	-376.118454	-376.151045	-376.022461	
24.42224	-376.287402	-376.214447	-376.252495	-376.118454	
24.43241	-376.389112	-376.319167	-376.354205	-376.223174	
24.44267	-376.491662	-376.423886	-376.456755	-376.33662	
24.45276	-376.592542	-376.537333	-376.557635	-376.450066	
24.46292	-376.694202	-376.642053	-376.659295	-376.563513	
24.47316	-376.796572	-376.755499	-376.761665	-376.676959	
24.48323	-376.897322	-376.868945	-376.862415	-376.807859	
24.49341	-376.999112	-376.982392	-376.964205	-376.921305	
24.50356	-377.100602	-377.095838	-377.065695	-377.043478	
24.52347	-377.299812	-377.314004	-377.264905	-377.279098	
24.52817	-377.346672	-377.366364	-377.311765	-377.340184	
24.53829	-377.447852	-377.479811	-377.412945	-377.444904	
24.54842	-377.549222	-377.58453	-377.514315	-377.55835	
24.55858	-377.651172	-377.68925	-377.616265	-377.671797	
24.56875	-377.752462	-377.79397	-377.717555	-377.785243	
24.57887	-377.853732	-377.889963	-377.818825	-377.881236	
24.58906	-377.955642	-377.994683	-377.920735	-377.985956	
24.59925	-378.057522	-378.090676	-378.022615	-378.081949	
24.60943	-378.159282	-378.186669	-378.124375	-378.177942	
24.61956	-378.260552	-378.282662	-378.225645	-378.273935	
24.62966	-378.361622	-378.369929	-378.326715	-378.352475	
24.63983	-378.463312	-378.457195	-378.428405	-378.448468	
24.64998	-378.564772	-378.544461	-378.529865	-378.535735	
24.6601	-378.665992	-378.631728	-378.631085	-378.631728	
24.67028	-378.767772	-378.727721	-378.732865	-378.710268	
24.68043	-378.869242	-378.814987	-378.834335	-378.806261	
24.69065	-378.971452	-378.910981	-378.936545	-378.893527	
24.70877	-379.152692	-379.085514	-379.117785	-379.059334	
24.71346	-379.199622	-379.129147	-379.164715	-379.102967	
24.7236	-379.301002	-379.22514	-379.266095	-379.190233	
24.73367	-379.401662	-379.32986	-379.366755	-379.294953	
24.74394	-379.504402	-379.443306	-379.469495	-379.399673	
24.7541	-379.602901	-379.556752	-379.567994	-379.504393	
24.76423	-379.699193	-379.670199	-379.664287	-379.600386	
24.77433	-379.79314	-379.783645	-379.758233	-379.713832	
24.78458	-379.886418	-379.897092	-379.851512	-379.818552	
24.80268	-380.043229	-380.097804	-380.008322	-380.010538	
24.80732	-380.083674	-380.150164	-380.048768	-380.062898	
24.81759	-380.170458	-380.263611	-380.135552	-380.176344	
24.82768	-380.253701	-380.368331	-380.218794	-380.281064	
24.83777	-380.335043	-380.464324	-380.300137	-380.377057	
24.84798	-380.415252	-380.55159	-380.380346	-380.481777	
24.85815	-380.493196	-380.638857	-380.45829	-380.57777	
24.86857	-380.570915	-380.717396	-380.536008	-380.65631	
24.87841	-380.642406	-380.778483	-380.607499	-380.73485	
24.88859	-380.714407	-380.839569	-380.679501	-380.804663	
24.89881	-380.784629	-380.891929	-380.749723	-380.865749	
24.90887	-380.851752	-380.935563	-380.816846	-380.935563	
24.919	-380.917451	-380.987922	-380.882544	-380.979196	
24.93722	-381.027682	-381.040282	-380.992775	-381.031556	
24.94184	-381.05581	-381.092642	-381.020904	-381.075189	
24.95208	-381.11569	-381.136275	-381.080784	-381.110095	
24.96221	-381.172966	-381.179909	-381.138059	-381.145002	
24.97235	-381.228264	-381.223542	-381.193357	-381.179909	
24.98249	-381.281717	-381.267175	-381.246811	-381.214815	
24.9927	-381.333505	-381.319535	-381.298598	-381.249722	
25.00287	-381.383106	-381.354442	-381.3482	-381.275902	
25.01308	-381.430973	-381.398075	-381.396066	-381.310808	
25.02322	-381.476592	-381.441708	-381.441685	-381.345715	
25.03342	-381.520515	-381.485341	-381.485608	-381.380621	
25.04358	-381.562361	-381.528974	-381.527454	-381.424255	
25.05369	-381.602094	-381.572608	-381.567187	-381.467888	
25.06389	-381.640274	-381.624968	-381.605367	-381.511521	
25.07403	-381.676316	-381.668601	-381.64141	-381.563881	
25.0842	-381.710548	-381.720961	-381.675641	-381.616241	
25.09434	-381.742857	-381.764594	-381.707951	-381.668601	
25.10451	-381.77338	-381.808227	-381.738473	-381.712234	
25.11491	-381.802663	-381.85186	-381.767756	-381.764594	
25.12481	-381.82879	-381.886767	-381.793883	-381.808227	
25.135	-381.853835	-381.921674	-381.818928	-381.85186	
25.14521	-381.877142	-381.947854	-381.842235	-381.895494	
25.15535	-381.898496	-381.974033	-381.86359	-381.9304	
25.16548	-381.918104	-381.991487	-381.883197	-381.95658	
25.1756	-381.93599	-382.00894	-381.901083	-381.98276	
25.18584	-381.95234	-382.017667	-381.917434	-382.000213	
25.19598	-381.966878	-382.03512	-381.931971	-382.00894	
25.20608	-381.979778	-382.043847	-381.944872	-382.017667	
25.21625	-381.991191	-382.043847	-381.956285	-382.017667	
25.22648	-382.001119	-382.043847	-381.966212	-382.017667	
25.23662	-382.00953	-382.043847	-381.974623	-382.017667	
25.2468	-382.016599	-382.03512	-381.981693	-382.017667	
25.25698	-382.022385	-382.026393	-381.987478	-382.00894	
25.26716	-382.027004	-382.026393	-381.992097	-382.000213	
25.27726	-382.030568	-382.026393	-381.995661	-382.000213	
25.28741	-382.033252	-382.03512	-381.998345	-381.991487	
25.29761	-382.039427	-382.03512	-382.00452	-381.991487	
25.30777	-382.039427	-382.043847	-382.00452	-381.991487	
25.31791	-382.039427	-382.043847	-382.00452	-382.000213	
25.32814	-382.039427	-382.043847	-382.00452	-382.000213	
25.33825	-382.039427	-382.03512	-382.00452	-382.000213	
25.34839	-382.039427	-382.03512	-382.00452	-382.000213	
25.35848	-382.039427	-382.03512	-382.00452	-382.000213	
25.36868	-382.039427	-382.03512	-382.00452	-382.000213	
25.37889	-382.039427	-382.03512	-382.00452	-382.000213	
25.38906	-382.039427	-382.03512	-382.00452	-382.000213	
25.39927	-382.039427	-382.03512	-382.00452	-382.000213	
25.40943	-382.039427	-382.03512	-382.00452	-382.000213	
25.4216	-382.039427	-382.03512	-382.00452	-382.000213	
25.42968	-382.039427	-382.03512	-382.00452	-382.000213	
25.43989	-382.039427	-382.03512	-382.00452	-382.000213	
25.45004	-382.039427	-382.03512	-382.00452	-382.000213	
25.46008	-382.039427	-382.03512	-382.00452	-382.000213	
25.4703	-382.039427	-382.03512	-382.00452	-382.000213	
25.48039	-382.039427	-382.03512	-382.00452	-382.000213	
25.49056	-382.039427	-382.03512	-382.00452	-382.000213	
25.50872	-382.039427	-382.03512	-382.00452	-382.000213	
25.51548	-382.039427	-382.03512	-382.00452	-382.000213	
25.52359	-382.039427	-382.03512	-382.00452	-382.000213	
25.53364	-382.039427	-382.03512	-382.00452	-382.000213	
25.54382	-382.039427	-382.03512	-382.00452	-382.000213	
25.55404	-382.039427	-382.03512	-382.00452	-382.000213	
25.56414	-382.039427	-382.03512	-382.00452	-382.000213	
25.57426	-382.039427	-382.03512	-382.00452	-382.000213	
25.58452	-382.039427	-382.03512	-382.00452	-382.000213	
25.59474	-382.039427	-382.03512	-382.00452	-382.000213	
25.60487	-382.039427	-382.03512	-382.00452	-382.000213	
25.61502	-382.039427	-382.03512	-382.00452	-382.000213	
25.62519	-382.039427	-382.03512	-382.00452	-382.000213	
25.63543	-382.039427	-382.03512	-382.00452	-382.000213	
25.64552	-382.039427	-382.03512	-382.00452	-382.000213	
25.65567	-382.039427	-382.03512	-382.00452	-382.000213	
25.66597	-382.039427	-382.03512	-382.00452	-382.000213	
25.67613	-382.039427	-382.03512	-382.00452	-382.000213	
25.68629	-382.039427	-382.03512	-382.00452	-382.000213	
25.69654	-382.039427	-382.03512	-382.00452	-382.000213	
25.71478	-382.039427	-382.03512	-382.00452	-382.000213	
25.71995	-382.039427	-382.03512	-382.00452	-382.000213	
25.73003	-382.039427	-382.03512	-382.00452	-382.000213	
25.74016	-382.039427	-382.03512	-382.00452	-382.000213	
25.75032	-382.039427	-382.03512	-382.00452	-382.000213	
25.76047	-382.039427	-382.03512	-382.00452	-382.000213	
25.77059	-382.039427	-382.03512	-382.00452	-382.000213	
25.78884	-382.039427	-382.03512	-382.00452	-382.000213	
25.79348	-382.039427	-382.03512	-382.00452	-382.000213	
25.80367	-382.039427	-382.03512	-382.00452	-382.000213	
25.81377	-382.039427	-382.03512	-382.00452	-382.000213	
25.82396	-382.039427	-382.03512	-382.00452	-382.000213	
25.83409	-382.039427	-382.03512	-382.00452	-382.000213	
25.84428	-382.039427	-382.03512	-382.00452	-382.000213	
25.85439	-382.039427	-382.03512	-382.00452	-382.000213	
25.86468	-382.039427	-382.03512	-382.00452	-382.000213	
25.87482	-382.039427	-382.03512	-382.00452	-382.000213	
25.88496	-382.039427	-382.03512	-382.00452	-382.000213	
25.8951	-382.039427	-382.03512	-382.00452	-382.000213	
25.90536	-382.039427	-382.03512	-382.00452	-382.000213	
25.91546	-382.039427	-382.03512	-382.00452	-382.000213	
25.92559	-382.039427	-382.03512	-382.00452	-382.000213	
25.93579	-382.039427	-382.03512	-382.00452	-382.000213	
25.94593	-382.039427	-382.03512	-382.00452	-382.000213	
25.95611	-382.039427	-382.03512	-382.00452	-382.000213	
25.96625	-382.039427	-382.03512	-382.00452	-382.000213	
25.97637	-382.039427	-382.03512	-382.00452	-382.000213	
25.98654	-382.039427	-382.03512	-382.00452	-382.000213	
25.99674	-382.039427	-382.03512	-382.00452	-382.000213	
26.00689	-382.039427	-382.03512	-382.00452	-382.000213	
26.01729	-382.039427	-382.03512	-382.00452	-382.000213	
26.02726	-382.039427	-382.03512	-382.00452	-382.000213	
26.03734	-382.039427	-382.03512	-382.00452	-382.000213	
26.04751	-382.039427	-382.03512	-382.00452	-382.000213	
26.05774	-382.039427	-382.03512	-382.00452	-382.000213	
26.06793	-382.039427	-382.03512	-382.00452	-382.000213	
26.078	-382.039427	-382.03512	-382.00452	-382.000213	
26.08819	-382.039427	-382.03512	-382.00452	-382.000213	
26.09863	-382.039427	-382.03512	-382.00452	-382.000213	
26.10845	-382.039427	-382.03512	-382.00452	-382.000213	
26.11861	-382.039427	-382.03512	-382.00452	-382.000213	
26.12878	-382.039427	-382.03512	-382.00452	-382.000213	
26.13899	-382.039427	-382.03512	-382.00452	-382.000213	
26.1494	-382.039427	-382.03512	-382.00452	-382.000213	
26.15937	-382.039427	-382.03512	-382.00452	-382.000213	
26.16948	-382.039427	-382.03512	-382.00452	-382.000213	
26.17978	-382.039427	-382.03512	-382.00452	-382.000213	
26.18974	-382.039427	-382.03512	-382.00452	-382.000213	
26.19998	-382.039427	-382.03512	-382.00452	-382.000213	
26.2101	-382.039427	-382.03512	-382.00452	-382.000213	
26.22022	-382.039427	-382.03512	-382.00452	-382.000213	
26.23033	-382.039427	-382.03512	-382.00452	-382.000213	
26.24054	-382.039427	-382.03512	-382.00452	-382.000213	
26.25883	-382.039427	-382.03512	-382.00452	-382.000213	
26.2635	-382.039427	-382.03512	-382.00452	-382.000213	
26.27371	-382.039427	-382.03512	-382.00452	-382.000213	
26.28384	-382.039427	-382.03512	-382.00452	-382.000213	
26.29396	-382.039427	-382.03512	-382.00452	-382.000213	
26.30411	-382.039427	-382.03512	-382.00452	-382.000213	
26.31433	-382.039427	-382.03512	-382.00452	-382.000213	
26.32443	-382.039427	-382.03512	-382.00452	-382.000213	
26.33459	-382.039427	-382.03512	-382.00452	-382.000213	
26.34478	-382.039427	-382.03512	-382.00452	-382.000213	
26.35497	-382.039427	-382.03512	-382.00452	-382.000213	
26.36514	-382.039427	-382.03512	-382.00452	-382.000213	
26.37522	-382.039427	-382.03512	-382.00452	-382.000213	
26.38551	-382.039427	-382.03512	-382.00452	-382.000213	
26.3957	-382.039427	-382.03512	-382.00452	-382.000213	
26.40576	-382.039427	-382.03512	-382.00452	-382.000213	
26.41594	-382.039427	-382.03512	-382.00452	-382.000213	
26.42614	-382.039427	-382.03512	-382.00452	-382.000213	
26.43624	-382.039427	-382.03512	-382.00452	-382.000213	
26.4464	-382.039427	-382.03512	-382.00452	-382.000213	
26.45655	-382.039427	-382.03512	-382.00452	-382.000213	
26.46676	-382.039427	-382.03512	-382.00452	-382.000213	
26.47694	-382.039427	-382.03512	-382.00452	-382.000213	
26.48699	-382.039427	-382.03512	-382.00452	-382.000213	
26.49721	-382.039427	-382.03512	-382.00452	-382.000213	
26.50738	-382.039427	-382.03512	-382.00452	-382.000213	
26.51978	-382.039427	-382.03512	-382.00452	-382.000213	
26.52759	-382.039427	-382.03512	-382.00452	-382.000213	
26.53778	-382.039427	-382.03512	-382.00452	-382.000213	
26.54796	-382.039427	-382.03512	-382.00452	-382.000213	
26.5581	-382.039427	-382.03512	-382.00452	-382.000213	
26.56828	-382.039427	-382.03512	-382.00452	-382.000213	
26.57843	-382.039427	-382.03512	-382.00452	-382.000213	
26.58855	-382.039427	-382.03512	-382.00452	-382.000213	
26.5987	-382.039427	-382.03512	-382.00452	-382.000213	
26.60886	-382.039427	-382.03512	-382.00452	-382.000213	
26.61905	-382.039427	-382.03512	-382.00452	-382.000213	
26.63722	-382.039427	-382.03512	-382.00452	-382.000213	
26.64184	-382.039427	-382.03512	-382.00452	-382.000213	
26.65205	-382.039427	-382.03512	-382.00452	-382.000213	
26.66228	-382.039427	-382.03512	-382.00452	-382.000213	
26.67234	-382.039427	-382.03512	-382.00452	-382.000213	
26.68256	-382.039427	-382.03512	-382.00452	-382.000213	
26.69267	-382.039427	-382.03512	-382.00452	-382.000213	
26.70284	-382.039427	-382.03512	-382.00452	-382.000213	
26.71301	-382.039427	-382.03512	-382.00452	-382.000213	
26.72317	-382.039427	-382.03512	-382.00452	-382.000213	
26.73331	-382.039427	-382.03512	-382.00452	-382.000213	
26.7435	-382.039427	-382.03512	-382.00452	-382.000213	
26.75372	-382.039427	-382.03512	-382.00452	-382.000213	
26.76388	-382.039427	-382.03512	-382.00452	-382.000213	
26.77395	-382.039427	-382.03512	-382.00452	-382.000213	
26.78421	-382.039427	-382.03512	-382.00452	-382.000213	
26.79438	-382.039427	-382.03512	-382.00452	-382.000213	
26.80448	-382.039427	-382.03512	-382.00452	-382.000213	
26.81464	-382.039427	-382.03512	-382.00452	-382.000213	
26.82484	-382.039427	-382.03512	-382.00452	-382.000213	
26.83505	-382.039427	-382.03512	-382.00452	-382.000213	
26.84519	-382.039427	-382.03512	-382.00452	-382.000213	
26.85529	-382.039427	-382.03512	-382.00452	-382.000213	
26.86557	-382.039427	-382.03512	-382.00452	-382.000213	
26.87575	-382.039427	-382.03512	-382.00452	-382.000213	
26.88586	-382.039427	-382.03512	-382.00452	-382.000213	
26.89606	-382.039427	-382.03512	-382.00452	-382.000213	
26.90623	-382.039427	-382.03512	-382.00452	-382.000213	
26.91632	-382.039427	-382.03512	-382.00452	-382.000213	
26.92645	-382.039427	-382.03512	-382.00452	-382.000213	
26.93663	-382.039427	-382.03512	-382.00452	-382.000213	
26.94682	-382.039427	-382.03512	-382.00452	-382.000213	
26.95699	-382.039427	-382.03512	-382.00452	-382.000213	
26.96709	-382.039427	-382.03512	-382.00452	-382.000213	
26.97726	-382.039427	-382.03512	-382.00452	-382.000213	
26.98743	-382.039427	-382.03512	-382.00452	-382.000213	
26.99762	-382.039427	-382.03512	-382.00452	-382.000213	
27.00776	-382.039427	-382.03512	-382.00452	-382.000213	
27.01797	-382.039427	-382.03512	-382.00452	-382.000213	
27.0281	-382.039427	-382.03512	-382.00452	-382.000213	
27.03821	-382.039427	-382.03512	-382.00452	-382.000213	
27.04836	-382.039427	-382.03512	-382.00452	-382.000213	
27.05849	-382.039427	-382.03512	-382.00452	-382.000213	
27.06867	-382.039427	-382.03512	-382.00452	-382.000213	
27.07886	-382.039427	-382.03512	-382.00452	-382.000213	
27.08897	-382.039427	-382.03512	-382.00452	-382.000213	
27.10717	-382.039427	-382.03512	-382.00452	-382.000213	
27.11184	-382.039427	-382.03512	-382.00452	-382.000213	
27.12203	-382.039427	-382.03512	-382.00452	-382.000213	
27.13216	-382.039427	-382.03512	-382.00452	-382.000213	
27.14232	-382.039427	-382.03512	-382.00452	-382.000213	
27.15249	-382.039427	-382.03512	-382.00452	-382.000213	
27.16265	-382.039427	-382.03512	-382.00452	-382.000213	
27.17276	-382.039427	-382.03512	-382.00452	-382.000213	
27.18298	-382.039427	-382.03512	-382.00452	-382.000213	
27.19311	-382.039427	-382.03512	-382.00452	-382.000213	
27.20356	-382.039427	-382.03512	-382.00452	-382.000213	
27.21581	-382.039427	-382.03512	-382.00452	-382.000213	
27.22597	-382.039427	-382.03512	-382.00452	-382.000213	
27.23608	-382.039427	-382.03512	-382.00452	-382.000213	
27.24636	-382.039427	-382.03512	-382.00452	-382.000213	
27.25645	-382.039427	-382.03512	-382.00452	-382.000213	
27.26664	-382.039427	-382.03512	-382.00452	-382.000213	
27.27676	-382.039427	-382.03512	-382.00452	-382.000213	
27.28692	-382.039427	-382.03512	-382.00452	-382.000213	
27.29708	-382.039427	-382.03512	-382.00452	-382.000213	
27.3075	-382.039427	-382.03512	-382.00452	-382.000213	
27.31745	-382.039427	-382.03512	-382.00452	-382.000213	
27.32758	-382.039427	-382.03512	-382.00452	-382.000213	
27.33779	-382.039427	-382.03512	-382.00452	-382.000213	
27.34838	-382.039427	-382.03512	-382.00452	-382.000213	
27.35811	-382.039427	-382.03512	-382.00452	-382.000213	
27.36824	-382.039427	-382.03512	-382.00452	-382.000213	
27.3784	-382.039427	-382.03512	-382.00452	-382.000213	
27.38849	-382.039427	-382.03512	-382.00452	-382.000213	
27.39866	-382.039427	-382.03512	-382.00452	-382.000213	
27.40902	-382.039427	-382.03512	-382.00452	-382.000213	
27.42028	-382.039427	-382.03512	-382.00452	-382.000213	
27.42955	-382.039427	-382.03512	-382.00452	-382.000213	
27.43937	-382.039427	-382.03512	-382.00452	-382.000213	
27.44953	-382.039427	-382.03512	-382.00452	-382.000213	
27.46013	-382.039427	-382.03512	-382.00452	-382.000213	
27.46977	-382.039427	-382.03512	-382.00452	-382.000213	
27.4799	-382.039427	-382.03512	-382.00452	-382.000213	
27.4901	-382.039427	-382.03512	-382.00452	-382.000213	
27.50021	-382.039427	-382.03512	-382.00452	-382.000213	
27.51039	-382.039427	-382.03512	-382.00452	-382.000213	
27.53081	-382.039427	-382.03512	-382.00452	-382.000213	
27.53544	-382.039427	-382.03512	-382.00452	-382.000213	
27.54563	-382.039427	-382.03512	-382.00452	-382.000213	
27.55583	-382.039427	-382.03512	-382.00452	-382.000213	
27.56593	-382.039427	-382.03512	-382.00452	-382.000213	
27.57613	-382.039427	-382.03512	-382.00452	-382.000213	
27.5863	-382.039427	-382.03512	-382.00452	-382.000213	
27.5964	-382.039427	-382.03512	-382.00452	-382.000213	
27.60655	-382.039427	-382.03512	-382.00452	-382.000213	
27.61676	-382.039427	-382.03512	-382.00452	-382.000213	
27.62692	-382.039427	-382.03512	-382.00452	-382.000213	
27.63708	-382.039427	-382.03512	-382.00452	-382.000213	
27.64722	-382.039427	-382.03512	-382.00452	-382.000213	
27.6574	-382.039427	-382.03512	-382.00452	-382.000213	
27.66767	-382.039427	-382.03512	-382.00452	-382.000213	
27.67777	-382.039427	-382.03512	-382.00452	-382.000213	
27.68794	-382.039427	-382.03512	-382.00452	-382.000213	
27.69814	-382.039427	-382.03512	-382.00452	-382.000213	
27.70824	-382.039427	-382.03512	-382.00452	-382.000213	
27.7184	-382.039427	-382.03512	-382.00452	-382.000213	
27.72856	-382.039427	-382.03512	-382.00452	-382.000213	
27.73873	-382.039427	-382.03512	-382.00452	-382.000213	
27.7489	-382.039427	-382.03512	-382.00452	-382.000213	
27.75908	-382.039427	-382.03512	-382.00452	-382.000213	
27.76923	-382.039427	-382.03512	-382.00452	-382.000213	
27.77953	-382.039427	-382.03512	-382.00452	-382.000213	
27.78953	-382.039427	-382.03512	-382.00452	-382.000213	
27.79966	-382.039427	-382.03512	-382.00452	-382.000213	
27.82132	-382.039427	-382.03512	-382.00452	-382.000213	
27.83147	-382.039427	-382.03512	-382.00452	-382.000213	
27.84826	-382.039427	-382.03512	-382.00452	-382.000213	
27.86157	-382.039427	-382.03512	-382.00452	-382.000213	
27.86652	-382.039427	-382.03512	-382.00452	-382.000213	
27.87679	-382.039427	-382.03512	-382.00452	-382.000213	
27.88695	-382.039427	-382.03512	-382.00452	-382.000213	
27.89717	-382.039427	-382.03512	-382.00452	-382.000213	
27.9075	-382.039427	-382.03512	-382.00452	-382.000213	
27.91768	-382.039427	-382.03512	-382.00452	-382.000213	
27.92799	-382.039427	-382.03512	-382.00452	-382.000213	
27.93824	-382.039427	-382.03512	-382.00452	-382.000213	
27.94842	-382.039427	-382.03512	-382.00452	-382.000213	
27.9586	-382.039427	-382.03512	-382.00452	-382.000213	
27.96887	-382.039427	-382.03512	-382.00452	-382.000213	
27.97909	-382.039427	-382.03512	-382.00452	-382.000213	
27.99778	-382.039427	-382.03512	-382.00452	-382.000213	
28.00269	-382.039427	-382.03512	-382.00452	-382.000213	
28.01292	-382.039427	-382.03512	-382.00452	-382.000213	
28.02315	-382.039427	-382.03512	-382.00452	-382.000213	
28.03341	-382.039427	-382.03512	-382.00452	-382.000213	
28.0438	-382.039427	-382.03512	-382.00452	-382.000213	
28.05384	-382.039427	-382.03512	-382.00452	-382.000213	
28.06404	-382.039427	-382.03512	-382.00452	-382.000213	
28.0743	-382.039427	-382.03512	-382.00452	-382.000213	
28.08469	-382.039427	-382.03512	-382.00452	-382.000213	
28.09474	-382.039427	-382.03512	-382.00452	-382.000213	
28.10501	-382.039427	-382.03512	-382.00452	-382.000213	
28.11526	-382.039427	-382.03512	-382.00452	-382.000213	
28.12548	-382.039427	-382.03512	-382.00452	-382.000213	
28.13568	-382.039427	-382.03512	-382.00452	-382.000213	
28.14594	-382.039427	-382.03512	-382.00452	-382.000213	
28.15621	-382.039427	-382.03512	-382.00452	-382.000213	
28.16636	-382.039427	-382.03512	-382.00452	-382.000213	
28.17659	-382.039427	-382.03512	-382.00452	-382.000213	
28.18685	-382.039427	-382.03512	-382.00452	-382.000213	
28.19702	-382.039427	-382.03512	-382.00452	-382.000213	
28.20729	-382.039427	-382.03512	-382.00452	-382.000213	
28.21756	-382.039427	-382.03512	-382.00452	-382.000213	
28.22782	-382.039427	-382.03512	-382.00452	-382.000213	
28.23802	-382.039427	-382.03512	-382.00452	-382.000213	
28.2486	-382.039427	-382.03512	-382.00452	-382.000213	
28.25851	-382.039427	-382.03512	-382.00452	-382.000213	
28.26866	-382.039427	-382.03512	-382.00452	-382.000213	
28.27889	-382.039427	-382.03512	-382.00452	-382.000213	
28.2891	-382.039427	-382.03512	-382.00452	-382.000213	
28.29957	-382.039427	-382.03512	-382.00452	-382.000213	
28.30969	-382.039427	-382.03512	-382.00452	-382.000213	
28.31996	-382.039427	-382.03512	-382.00452	-382.000213	
28.33034	-382.039427	-382.03512	-382.00452	-382.000213	
28.3404	-382.039427	-382.03512	-382.00452	-382.000213	
28.35066	-382.039427	-382.03512	-382.00452	-382.000213	
28.36085	-382.039427	-382.03512	-382.00452	-382.000213	
28.37125	-382.039427	-382.03512	-382.00452	-382.000213	
28.38147	-382.039427	-382.03512	-382.00452	-382.000213	
28.39163	-382.039427	-382.03512	-382.00452	-382.000213	
28.40198	-382.039427	-382.03512	-382.00452	-382.000213	
28.41216	-382.039427	-382.03512	-382.00452	-382.000213	
28.42232	-382.039427	-382.03512	-382.00452	-382.000213	
28.43258	-382.039427	-382.03512	-382.00452	-382.000213	
28.44301	-382.039427	-382.03512	-382.00452	-382.000213	
28.45299	-382.039427	-382.03512	-382.00452	-382.000213	
28.46349	-382.039427	-382.03512	-382.00452	-382.000213	
28.47378	-382.039427	-382.03512	-382.00452	-382.000213	
28.48394	-382.039427	-382.03512	-382.00452	-382.000213	
28.49412	-382.039427	-382.03512	-382.00452	-382.000213	
28.50437	-382.039427	-382.03512	-382.00452	-382.000213	
28.51462	-382.039427	-382.03512	-382.00452	-382.000213	
28.52506	-382.039427	-382.03512	-382.00452	-382.000213	
28.535	-382.039427	-382.03512	-382.00452	-382.000213	
28.54517	-382.039427	-382.03512	-382.00452	-382.000213	
28.55556	-382.039427	-382.03512	-382.00452	-382.000213	
28.56575	-382.039427	-382.03512	-382.00452	-382.000213	
28.57603	-382.039427	-382.03512	-382.00452	-382.000213	
28.58631	-382.039427	-382.03512	-382.00452	-382.000213	
28.59684	-382.039427	-382.03512	-382.00452	-382.000213	
28.60687	-382.039427	-382.03512	-382.00452	-382.000213	
28.61711	-382.039427	-382.03512	-382.00452	-382.000213	
28.63596	-382.039427	-382.03512	-382.00452	-382.000213	
28.64094	-382.039427	-382.03512	-382.00452	-382.000213	
28.65126	-382.039427	-382.03512	-382.00452	-382.000213	
28.66168	-382.039427	-382.03512	-382.00452	-382.000213	
28.6718	-382.039427	-382.03512	-382.00452	-382.000213	
28.68206	-382.039427	-382.03512	-382.00452	-382.000213	
28.69226	-382.039427	-382.03512	-382.00452	-382.000213	
28.70244	-382.039427	-382.03512	-382.00452	-382.000213	
28.71261	-382.039427	-382.03512	-382.00452	-382.000213	
28.7229	-382.039427	-382.03512	-382.00452	-382.000213	
28.73306	-382.039427	-382.03512	-382.00452	-382.000213	
28.74342	-382.039427	-382.03512	-382.00452	-382.000213	
28.75353	-382.039427	-382.03512	-382.00452	-382.000213	
28.76384	-382.039427	-382.03512	-382.00452	-382.000213	
28.77399	-382.039427	-382.03512	-382.00452	-382.000213	
28.78427	-382.039427	-382.03512	-382.00452	-382.000213	
28.79467	-382.039427	-382.03512	-382.00452	-382.000213	
28.80464	-382.039427	-382.03512	-382.00452	-382.000213	
28.81487	-382.039427	-382.03512	-382.00452	-382.000213	
28.82506	-382.039427	-382.03512	-382.00452	-382.000213	
28.83543	-382.039427	-382.03512	-382.00452	-382.000213	
28.84559	-382.039427	-382.03512	-382.00452	-382.000213	
28.85572	-382.039427	-382.03512	-382.00452	-382.000213	
28.86606	-382.039427	-382.03512	-382.00452	-382.000213	
28.8763	-382.039427	-382.03512	-382.00452	-382.000213	
28.88653	-382.039427	-382.03512	-382.00452	-382.000213	
28.89685	-382.039427	-382.03512	-382.00452	-382.000213	
28.90711	-382.039427	-382.03512	-382.00452	-382.000213	
28.9174	-382.039427	-382.03512	-382.00452	-382.000213	
28.92763	-382.039427	-382.03512	-382.00452	-382.000213	
28.93803	-382.039427	-382.03512	-382.00452	-382.000213	
28.94827	-382.039427	-382.03512	-382.00452	-382.000213	
28.9583	-382.039427	-382.03512	-382.00452	-382.000213	
28.96854	-382.039427	-382.03512	-382.00452	-382.000213	
28.97877	-382.039427	-382.03512	-382.00452	-382.000213	
28.98898	-382.039427	-382.03512	-382.00452	-382.000213	
28.99922	-382.039427	-382.03512	-382.00452	-382.000213	
29.00952	-382.039427	-382.03512	-382.00452	-382.000213	
29.01974	-382.039427	-382.03512	-382.00452	-382.000213	
29.02994	-382.039427	-382.03512	-382.00452	-382.000213	
29.04016	-382.039427	-382.03512	-382.00452	-382.000213	
29.05045	-382.039427	-382.03512	-382.00452	-382.000213	
29.06065	-382.039427	-382.03512	-382.00452	-382.000213	
29.07093	-382.039427	-382.03512	-382.00452	-382.000213	
29.0812	-382.039427	-382.03512	-382.00452	-382.000213	
29.09168	-382.039427	-382.03512	-382.00452	-382.000213	
29.10162	-382.039427	-382.03512	-382.00452	-382.000213	
29.11179	-382.039427	-382.03512	-382.00452	-382.000213	
29.12202	-382.039427	-382.03512	-382.00452	-382.000213	
29.13228	-382.039427	-382.03512	-382.00452	-382.000213	
29.14561	-382.039427	-382.03512	-382.00452	-382.000213	
29.15243	-382.039427	-382.03512	-382.00452	-382.000213	
29.16257	-382.039427	-382.03512	-382.00452	-382.000213	
29.17267	-382.039427	-382.03512	-382.00452	-382.000213	
29.18281	-382.039427	-382.03512	-382.00452	-382.000213	
29.19295	-382.039427	-382.03512	-382.00452	-382.000213	
29.21116	-382.039427	-382.03512	-382.00452	-382.000213	
29.21581	-382.039427	-382.03512	-382.00452	-382.000213	
29.226	-382.039427	-382.03512	-382.00452	-382.000213	
29.23614	-382.039427	-382.03512	-382.00452	-382.000213	
29.24629	-382.039427	-382.03512	-382.00452	-382.000213	
29.25649	-382.039427	-382.03512	-382.00452	-382.000213	
29.26664	-382.039427	-382.03512	-382.00452	-382.000213	
29.27678	-382.039427	-382.03512	-382.00452	-382.000213	
29.28692	-382.039427	-382.03512	-382.00452	-382.000213	
29.29715	-382.039427	-382.03512	-382.00452	-382.000213	
29.31518	-382.039427	-382.03512	-382.00452	-382.000213	
29.31982	-382.039427	-382.03512	-382.00452	-382.000213	
29.33001	-382.039427	-382.03512	-382.00452	-382.000213	
29.342	-382.039427	-382.03512	-382.00452	-382.000213	
29.35024	-382.039427	-382.03512	-382.00452	-382.000213	
29.36044	-382.039427	-382.03512	-382.00452	-382.000213	
29.37058	-382.039427	-382.03512	-382.00452	-382.000213	
29.38876	-382.039427	-382.03512	-382.00452	-382.000213	
29.39339	-382.039427	-382.03512	-382.00452	-382.000213	
29.4036	-382.039427	-382.03512	-382.00452	-382.000213	
29.41369	-382.039427	-382.03512	-382.00452	-382.000213	
29.42389	-382.039427	-382.03512	-382.00452	-382.000213	
29.43412	-382.039427	-382.03512	-382.00452	-382.000213	
29.44427	-382.039427	-382.03512	-382.00452	-382.000213	
29.45437	-382.039427	-382.03512	-382.00452	-382.000213	
29.46454	-382.039427	-382.03512	-382.00452	-382.000213	
29.47472	-382.039427	-382.03512	-382.00452	-382.000213	
29.48482	-382.039427	-382.03512	-382.00452	-382.000213	
29.495	-382.039427	-382.03512	-382.00452	-382.000213	
29.50519	-382.039427	-382.03512	-382.00452	-382.000213	
29.51541	-382.039427	-382.03512	-382.00452	-382.000213	
29.53566	-382.039427	-382.03512	-382.00452	-382.000213	
29.54033	-382.039427	-382.03512	-382.00452	-382.000213	
29.55044	-382.039427	-382.03512	-382.00452	-382.000213	
29.56064	-382.039427	-382.03512	-382.00452	-382.000213	
29.57085	-382.039427	-382.03512	-382.00452	-382.000213	
29.58105	-382.039427	-382.03512	-382.00452	-382.000213	
29.59125	-382.039427	-382.03512	-382.00452	-382.000213	
29.60139	-382.039427	-382.03512	-382.00452	-382.000213	
29.61161	-382.039427	-382.03512	-382.00452	-382.000213	
29.62173	-382.039427	-382.03512	-382.00452	-382.000213	
29.6319	-382.039427	-382.03512	-382.00452	-382.000213	
29.64212	-382.039427	-382.03512	-382.00452	-382.000213	
29.65222	-382.039427	-382.03512	-382.00452	-382.000213	
29.66239	-382.039427	-382.03512	-382.00452	-382.000213	
29.67262	-382.039427	-382.03512	-382.00452	-382.000213	
29.68276	-382.039427	-382.03512	-382.00452	-382.000213	
29.69289	-382.039427	-382.03512	-382.00452	-382.000213	
29.70306	-382.039427	-382.03512	-382.00452	-382.000213	
29.71326	-382.039427	-382.03512	-382.00452	-382.000213	
29.72343	-382.039427	-382.03512	-382.00452	-382.000213	
29.7336	-382.039427	-382.03512	-382.00452	-382.000213	
29.74377	-382.039427	-382.03512	-382.00452	-382.000213	
29.75396	-382.039427	-382.03512	-382.00452	-382.000213	
29.76413	-382.039427	-382.03512	-382.00452	-382.000213	
29.77421	-382.039427	-382.03512	-382.00452	-382.000213	
29.78444	-382.039427	-382.03512	-382.00452	-382.000213	
29.79459	-382.039427	-382.03512	-382.00452	-382.000213	
29.80473	-382.039427	-382.03512	-382.00452	-382.000213	
29.8149	-382.039427	-382.03512	-382.00452	-382.000213	
29.82503	-382.039427	-382.03512	-382.00452	-382.000213	
29.83528	-382.039427	-382.03512	-382.00452	-382.000213	
29.8454	-382.039427	-382.03512	-382.00452	-382.000213	
29.85553	-382.039427	-382.03512	-382.00452	-382.000213	
29.86581	-382.039427	-382.03512	-382.00452	-382.000213	
29.8759	-382.039427	-382.03512	-382.00452	-382.000213	
29.88602	-382.039427	-382.03512	-382.00452	-382.000213	
29.89617	-382.039427	-382.03512	-382.00452	-382.000213	
29.90658	-382.039427	-382.03512	-382.00452	-382.000213	
29.91683	-382.039427	-382.03512	-382.00452	-382.000213	
29.92666	-382.039427	-382.03512	-382.00452	-382.000213	
29.93683	-382.039427	-382.03512	-382.00452	-382.000213	
29.94701	-382.039427	-382.03512	-382.00452	-382.000213	
29.95724	-382.039427	-382.03512	-382.00452	-382.000213	
29.96733	-382.039427	-382.03512	-382.00452	-382.000213	
29.97741	-382.039427	-382.03512	-382.00452	-382.000213	
29.98757	-382.039427	-382.03512	-382.00452	-382.000213	
29.99778	-382.039427	-382.03512	-382.00452	-382.000213	
30.00842	-382.039427	-382.03512	-382.00452	-382.000213	
30.01814	-382.039427	-382.03512	-382.00452	-382.000213	
30.02829	-382.039427	-382.03512	-382.00452	-382.000213	
30.03841	-382.039427	-382.03512	-382.00452	-382.000213	
30.04859	-382.039427	-382.03512	-382.00452	-382.000213	
30.05876	-382.039427	-382.03512	-382.00452	-382.000213	
30.06889	-382.039427	-382.03512	-382.00452	-382.000213	
30.07904	-382.039427	-382.03512	-382.00452	-382.000213	
30.08926	-382.039427	-382.03512	-382.00452	-382.000213	
30.09945	-382.039427	-382.03512	-382.00452	-382.000213	
30.10962	-382.039427	-382.03512	-382.00452	-382.000213	
30.11969	-382.039427	-382.03512	-382.00452	-382.000213	
30.12996	-382.039427	-382.03512	-382.00452	-382.000213	
30.14011	-382.039427	-382.03512	-382.00452	-382.000213	
30.15018	-382.039427	-382.03512	-382.00452	-382.000213	
30.16036	-382.039427	-382.03512	-382.00452	-382.000213	
30.17046	-382.039427	-382.03512	-382.00452	-382.000213	
30.18067	-382.039427	-382.03512	-382.00452	-382.000213	
30.19875	-382.039427	-382.03512	-382.00452	-382.000213	
30.20347	-382.039427	-382.03512	-382.00452	-382.000213	
30.21367	-382.039427	-382.03512	-382.00452	-382.000213	
30.22374	-382.039427	-382.03512	-382.00452	-382.000213	
30.23395	-382.039427	-382.03512	-382.00452	-382.000213	
30.24421	-382.039427	-382.03512	-382.00452	-382.000213	
30.25425	-382.039427	-382.03512	-382.00452	-382.000213	
30.26447	-382.039427	-382.03512	-382.00452	-382.000213	
30.27462	-382.039427	-382.03512	-382.00452	-382.000213	
30.28473	-382.039427	-382.03512	-382.00452	-382.000213	
30.29489	-382.039427	-382.03512	-382.00452	-382.000213	
30.30509	-382.039427	-382.03512	-382.00452	-382.000213	
30.31534	-382.039427	-382.03512	-382.00452	-382.000213	
30.32545	-382.039427	-382.03512	-382.00452	-382.000213	
30.33563	-382.039427	-382.03512	-382.00452	-382.000213	
30.34585	-382.039427	-382.03512	-382.00452	-382.000213	
30.35596	-382.039427	-382.03512	-382.00452	-382.000213	
30.36609	-382.039427	-382.03512	-382.00452	-382.000213	
30.37618	-382.039427	-382.03512	-382.00452	-382.000213	
30.38644	-382.039427	-382.03512	-382.00452	-382.000213	
30.39657	-382.039427	-382.03512	-382.00452	-382.000213	
30.40694	-382.039427	-382.03512	-382.00452	-382.000213	
30.41688	-382.039427	-382.03512	-382.00452	-382.000213	
30.42724	-382.039427	-382.03512	-382.00452	-382.000213	
30.43723	-382.039427	-382.03512	-382.00452	-382.000213	
30.4474	-382.039427	-382.03512	-382.00452	-382.000213	
30.45751	-382.039427	-382.03512	-382.00452	-382.000213	
30.46772	-382.039427	-382.03512	-382.00452	-382.000213	
30.47789	-382.039427	-382.03512	-382.00452	-382.000213	
30.48843	-382.039427	-382.03512	-382.00452	-382.000213	
30.49822	-382.039427	-382.03512	-382.00452	-382.000213	
30.50832	-382.039427	-382.03512	-382.00452	-382.000213	
30.51846	-382.039427	-382.03512	-382.00452	-382.000213	
30.53866	-382.039427	-382.03512	-382.00452	-382.000213	
30.54346	-382.039427	-382.03512	-382.00452	-382.000213	
30.55341	-382.039427	-382.03512	-382.00452	-382.000213	
30.56363	-382.039427	-382.03512	-382.00452	-382.000213	
30.57375	-382.039427	-382.03512	-382.00452	-382.000213	
30.58397	-382.039427	-382.03512	-382.00452	-382.000213	
30.59421	-382.039427	-382.03512	-382.00452	-382.000213	
30.60434	-382.039427	-382.03512	-382.00452	-382.000213	
30.61445	-382.039427	-382.03512	-382.00452	-382.000213	
30.62463	-382.039427	-382.03512	-382.00452	-382.000213	
30.63482	-382.039427	-382.03512	-382.00452	-382.000213	
30.64495	-382.039427	-382.03512	-382.00452	-382.000213	
30.65512	-382.039427	-382.03512	-382.00452	-382.000213	
30.6653	-382.039427	-382.03512	-382.00452	-382.000213	
30.6755	-382.039427	-382.03512	-382.00452	-382.000213	
30.68567	-382.039427	-382.03512	-382.00452	-382.000213	
30.69577	-382.039427	-382.03512	-382.00452	-382.000213	
30.70601	-382.039427	-382.03512	-382.00452	-382.000213	
30.7162	-382.039427	-382.03512	-382.00452	-382.000213	
30.72628	-382.039427	-382.03512	-382.00452	-382.000213	
30.73639	-382.039427	-382.03512	-382.00452	-382.000213	
30.74656	-382.039427	-382.03512	-382.00452	-382.000213	
30.75674	-382.039427	-382.03512	-382.00452	-382.000213	
30.76689	-382.039427	-382.03512	-382.00452	-382.000213	
30.77704	-382.039427	-382.03512	-382.00452	-382.000213	
30.78726	-382.039427	-382.03512	-382.00452	-382.000213	
30.79743	-382.039427	-382.03512	-382.00452	-382.000213	
30.80752	-382.039427	-382.03512	-382.00452	-382.000213	
