30.82119	-382.045037	-382.03512	-382.010131	-382.000213	
30.83129	-382.050857	-382.03512	-382.015951	-382.000213	
30.84139	-382.058717	-382.03512	-382.023811	-382.000213	
30.85161	-382.06877	-382.03512	-382.033863	-382.000213	
30.86186	-382.080961	-382.03512	-382.046054	-382.000213	
30.87199	-382.095059	-382.03512	-382.060152	-382.000213	
30.88221	-382.111365	-382.043847	-382.076458	-382.00894	
30.89237	-382.129641	-382.043847	-382.094734	-382.017667	
30.90245	-382.149798	-382.052573	-382.114891	-382.026393	
30.91269	-382.172391	-382.070027	-382.137484	-382.043847	
30.92287	-382.196891	-382.08748	-382.161985	-382.070027	
30.93303	-382.223435	-382.104933	-382.188529	-382.08748	
30.94312	-382.25183	-382.131113	-382.216924	-382.122386	
30.95334	-382.282698	-382.157293	-382.247791	-382.157293	
30.96358	-382.31567	-382.1922	-382.280764	-382.1922	
30.97367	-382.350243	-382.227106	-382.315337	-382.227106	
30.98381	-382.387024	-382.270739	-382.352117	-382.270739	
30.99405	-382.426283	-382.323099	-382.391377	-382.314373	
31.00424	-382.467397	-382.366733	-382.432491	-382.366733	
31.01427	-382.509882	-382.427819	-382.474976	-382.419092	
31.02452	-382.555428	-382.480179	-382.520522	-382.471452	
31.03466	-382.602482	-382.541265	-382.567576	-382.523812	
31.0448	-382.651635	-382.593625	-382.616729	-382.576172	
31.05494	-382.702819	-382.654712	-382.667912	-382.645985	
31.06511	-382.75629	-382.715798	-382.721384	-382.698345	
31.0753	-382.811914	-382.785612	-382.777008	-382.759432	
31.08549	-382.86958	-382.837971	-382.834674	-382.820518	
31.09564	-382.929068	-382.899058	-382.894162	-382.872878	
31.10584	-382.990978	-382.960144	-382.956071	-382.925238	
31.11599	-383.05466	-383.012504	-383.019753	-382.995051	
31.1261	-383.120127	-383.073591	-383.08522	-383.047411	
31.13625	-383.187849	-383.134677	-383.152942	-383.117224	
31.14646	-383.258103	-383.195764	-383.223196	-383.169584	
31.15662	-383.330102	-383.265577	-383.295195	-383.239397	
31.16674	-383.40378	-383.326664	-383.368873	-383.30921	
31.17688	-383.479815	-383.396477	-383.444909	-383.379023	
31.18711	-383.558472	-383.46629	-383.523566	-383.448837	
31.19728	-383.638768	-383.536103	-383.603862	-383.527376	
31.20744	-383.721098	-383.62337	-383.686192	-383.605916	
31.21757	-383.805176	-383.701909	-383.770269	-383.693183	
31.22778	-383.89201	-383.780449	-383.857103	-383.762996	
31.23796	-383.980656	-383.876442	-383.94575	-383.858989	
31.24811	-384.071218	-383.972435	-384.036311	-383.954982	
31.25823	-384.163411	-384.068429	-384.128504	-384.050975	
31.26841	-384.258323	-384.164422	-384.223416	-384.146968	
31.27852	-384.354602	-384.269141	-384.319695	-384.251688	
31.28873	-384.453788	-384.382588	-384.418882	-384.365135	
31.29888	-384.554646	-384.496034	-384.519739	-384.478581	
31.30898	-384.655616	-384.600754	-384.620709	-384.583301	
31.31914	-384.757286	-384.705474	-384.722379	-384.705474	
31.32939	-384.859736	-384.81892	-384.824829	-384.81892	
31.33962	-384.962036	-384.932367	-384.927129	-384.941093	
31.34967	-385.062506	-385.045813	-385.027599	-385.05454	
31.35979	-385.163796	-385.159259	-385.128889	-385.167986	
31.36999	-385.265666	-385.263979	-385.230759	-385.281432	
31.38012	-385.367146	-385.377425	-385.332239	-385.386152	
31.39026	-385.468436	-385.482145	-385.433529	-385.490872	
31.40045	-385.570326	-385.586865	-385.535419	-385.595592	
31.41056	-385.671516	-385.691585	-385.636609	-385.700311	
31.42986	-385.864486	-385.883571	-385.829579	-385.874844	
31.43456	-385.911426	-385.927204	-385.876519	-385.909751	
31.44469	-386.012676	-386.031924	-385.977769	-386.005744	
31.45483	-386.114096	-386.136644	-386.079189	-386.101737	
31.46501	-386.215936	-386.232637	-386.181029	-386.180277	
31.47516	-386.317456	-386.32863	-386.282549	-386.267543	
31.48538	-386.419616	-386.415896	-386.384709	-386.346083	
31.49552	-386.521016	-386.520616	-386.486109	-386.442076	
31.50562	-386.622046	-386.607883	-386.587139	-386.529343	
31.51581	-386.723926	-386.695149	-386.689019	-386.625336	
31.52634	-386.832256	-386.791142	-386.797349	-386.712602	
31.5361	-386.926846	-386.887135	-386.891939	-386.799869	
31.54635	-387.029386	-386.983128	-386.994479	-386.904589	
31.55643	-387.130096	-387.087848	-387.095189	-387.009308	
31.56654	-387.231206	-387.183841	-387.196299	-387.114028	
31.57684	-387.334246	-387.288561	-387.299339	-387.218748	
31.58693	-387.435186	-387.393281	-387.400279	-387.323468	
31.5971	-387.536856	-387.498001	-387.501949	-387.436914	
31.60721	-387.637926	-387.60272	-387.603019	-387.541634	
31.61743	-387.740126	-387.70744	-387.705219	-387.65508	
31.62763	-387.842076	-387.820886	-387.807169	-387.768527	
31.63774	-387.943226	-387.925606	-387.908319	-387.873246	
31.64793	-388.045176	-388.030326	-388.010269	-387.977966	
31.65811	-388.146916	-388.143772	-388.112009	-388.082686	
31.66841	-388.249986	-388.257219	-388.215079	-388.196132	
31.67835	-388.349306	-388.361939	-388.314399	-388.300852	
31.68853	-388.451136	-388.466658	-388.416229	-388.405572	
31.6988	-388.553896	-388.571378	-388.518989	-388.501565	
31.70886	-388.654396	-388.684824	-388.619489	-388.606285	
31.71899	-388.755696	-388.780818	-388.720789	-388.702278	
31.72924	-388.858216	-388.885537	-388.823309	-388.806997	
31.73991	-388.964946	-388.98153	-388.930039	-388.911717	
31.74954	-389.061256	-389.077524	-389.026349	-389.016437	
31.75965	-389.162316	-389.173517	-389.127409	-389.11243	
31.7698	-389.263926	-389.26951	-389.229019	-389.208423	
31.77996	-389.365476	-389.356776	-389.330569	-389.313143	
31.79016	-389.467466	-389.452769	-389.432559	-389.417863	
31.80047	-389.570586	-389.557489	-389.535679	-389.522582	
31.81044	-389.670226	-389.644756	-389.635319	-389.609849	
31.82061	-389.771926	-389.740749	-389.737019	-389.714569	
31.83078	-389.873636	-389.836742	-389.838729	-389.810562	
31.84094	-389.975216	-389.941461	-389.940309	-389.906555	
31.85115	-390.077276	-390.037455	-390.042369	-390.011275	
31.86128	-390.178576	-390.133448	-390.143669	-390.115994	
31.87145	-390.280646	-390.238167	-390.245739	-390.211988	
31.88163	-390.382126	-390.351614	-390.347219	-390.325434	
31.89173	-390.483156	-390.456334	-390.448249	-390.430154	
31.90197	-390.585586	-390.561053	-390.550679	-390.534873	
31.91216	-390.687426	-390.665773	-390.652519	-390.639593	
31.92236	-390.789456	-390.770493	-390.754549	-390.744313	
31.93251	-390.890876	-390.875213	-390.855969	-390.849033	
31.94257	-390.991546	-390.979932	-390.956639	-390.953752	
31.95281	-391.093936	-391.084652	-391.059029	-391.058472	
31.963	-391.195816	-391.198099	-391.160909	-391.163192	
31.97307	-391.296596	-391.294092	-391.261689	-391.267912	
31.98322	-391.398036	-391.398811	-391.363129	-391.372631	
31.99341	-391.499896	-391.503531	-391.464989	-391.477351	
32.00364	-391.602216	-391.608251	-391.567309	-391.582071	
32.01375	-391.703356	-391.704244	-391.668449	-391.678064	
32.0239	-391.804786	-391.808964	-391.769879	-391.774057	
32.03416	-391.907446	-391.904957	-391.872539	-391.878777	
32.04434	-392.009236	-392.009677	-391.974329	-391.97477	
32.05437	-392.109526	-392.114396	-392.074619	-392.070763	
32.06458	-392.211576	-392.21039	-392.176669	-392.15803	
32.07469	-392.312756	-392.315109	-392.277849	-392.254023	
32.08486	-392.414416	-392.419829	-392.379509	-392.350016	
32.09502	-392.516016	-392.524549	-392.481109	-392.454736	
32.10523	-392.618116	-392.620542	-392.583209	-392.542002	
32.11545	-392.720306	-392.716535	-392.685399	-392.646722	
32.12561	-392.821956	-392.812528	-392.787049	-392.742715	
32.13569	-392.922776	-392.917248	-392.887869	-392.838708	
32.14588	-393.024626	-393.013241	-392.989719	-392.943428	
32.15603	-393.126076	-393.117961	-393.091169	-393.048148	
32.16619	-393.227686	-393.213954	-393.192779	-393.152867	
32.17626	-393.328446	-393.309947	-393.293539	-393.257587	
32.18654	-393.431206	-393.40594	-393.396299	-393.35358	
32.19668	-393.533136	-393.51066	-393.498229	-393.4583	
32.20693	-393.636976	-393.61538	-393.602069	-393.56302	
32.21697	-393.735546	-393.720099	-393.700639	-393.667739	
32.2271	-393.836896	-393.816092	-393.801989	-393.763733	
32.2372	-393.937826	-393.920812	-393.902919	-393.868452	
32.24736	-394.039986	-394.025532	-394.005079	-393.973172	
32.25771	-394.143006	-394.130252	-394.108099	-394.069165	
32.26775	-394.243396	-394.234971	-394.208489	-394.165158	
32.27798	-394.345626	-394.339691	-394.310719	-394.269878	
32.28809	-394.446716	-394.444411	-394.411809	-394.365871	
32.29829	-394.548746	-394.549131	-394.513839	-394.461864	
32.30843	-394.650076	-394.645124	-394.615169	-394.557857	
32.31857	-394.751576	-394.749844	-394.716669	-394.65385	
32.32875	-394.853366	-394.845837	-394.818459	-394.75857	
32.33887	-394.954516	-394.950556	-394.919609	-394.86329	
32.34902	-395.055996	-395.04655	-395.021089	-394.96801	
32.35919	-395.157676	-395.142543	-395.122769	-395.072729	
32.36983	-395.264176	-395.247262	-395.229269	-395.177449	
32.37955	-395.361296	-395.351982	-395.326389	-395.282169	
32.38967	-395.462556	-395.447975	-395.427649	-395.386889	
32.39977	-395.563566	-395.543968	-395.528659	-395.491609	
32.41003	-395.666146	-395.648688	-395.631239	-395.596328	
32.42022	-395.768096	-395.744681	-395.733189	-395.701048	
32.43071	-395.873006	-395.849401	-395.838099	-395.805768	
32.44045	-395.970336	-395.945394	-395.935429	-395.910488	
32.45063	-396.072106	-396.050114	-396.037199	-396.015207	
32.46082	-396.174026	-396.154834	-396.139119	-396.128654	
32.47092	-396.275026	-396.259553	-396.240119	-396.224647	
32.48107	-396.376486	-396.364273	-396.341579	-396.329367	
32.49129	-396.478766	-396.468993	-396.443859	-396.434086	
32.50149	-396.580696	-396.573713	-396.545789	-396.547533	
32.51163	-396.682156	-396.678432	-396.647249	-396.643526	
32.52184	-396.784216	-396.783152	-396.749309	-396.748246	
32.54219	-396.987836	-396.992592	-396.952929	-396.957685	
32.54686	-397.034436	-397.044952	-396.999529	-397.010045	
32.55697	-397.135556	-397.140945	-397.100649	-397.106038	
32.5671	-397.236786	-397.236938	-397.201879	-397.202031	
32.57731	-397.339006	-397.341658	-397.304099	-397.306751	
32.58758	-397.441616	-397.437651	-397.406709	-397.411471	
32.59768	-397.542656	-397.533644	-397.507749	-397.51619	
32.6079	-397.644836	-397.629637	-397.609929	-397.603457	
32.61802	-397.746036	-397.72563	-397.711129	-397.708177	
32.62819	-397.847776	-397.83035	-397.812869	-397.812896	
32.63832	-397.949066	-397.926343	-397.914159	-397.90889	
32.64845	-398.050356	-398.022336	-398.015449	-398.004883	
32.65864	-398.152216	-398.127056	-398.117309	-398.109602	
32.66894	-398.255196	-398.223049	-398.220289	-398.205595	
32.67892	-398.355056	-398.336495	-398.320149	-398.301589	
32.6891	-398.456766	-398.432488	-398.421859	-398.388855	
32.6993	-398.558866	-398.537208	-398.523959	-398.493575	
32.70941	-398.659946	-398.641928	-398.625039	-398.589568	
32.71964	-398.762216	-398.746648	-398.727309	-398.694288	
32.72967	-398.862606	-398.851367	-398.827699	-398.790281	
32.74793	-399.045146	-398.964814	-399.010239	-398.886274	
32.75262	-399.091956	-399.095713	-399.057049	-399.017174	
32.76274	-399.193226	-399.200433	-399.158319	-399.121893	
32.77288	-399.294676	-399.31388	-399.259769	-399.226613	
32.78307	-399.396526	-399.418599	-399.361619	-399.331333	
32.79324	-399.498176	-399.514592	-399.463269	-399.444779	
32.80342	-399.597011	-399.619312	-399.562105	-399.549499	
32.82148	-399.764363	-399.793845	-399.729457	-399.732759	
32.82621	-399.808351	-399.846205	-399.773444	-399.785118	
32.83628	-399.899516	-399.942198	-399.864609	-399.889838	
32.84646	-399.989691	-400.038191	-399.954784	-399.994558	
32.85662	-400.077687	-400.134184	-400.042781	-400.081824	
32.86677	-400.163495	-400.221451	-400.128588	-400.169091	
32.8769	-400.247191	-400.308717	-400.212284	-400.256357	
32.88704	-400.328933	-400.387257	-400.294027	-400.343624	
32.89721	-400.408963	-400.474524	-400.374057	-400.413437	
32.90751	-400.487894	-400.544337	-400.452987	-400.48325	
32.91751	-400.562635	-400.622877	-400.527729	-400.553063	
32.92768	-400.636631	-400.69269	-400.601724	-400.622877	
32.93793	-400.709078	-400.762503	-400.674171	-400.683963	
32.94812	-400.779221	-400.823589	-400.744314	-400.74505	
32.95813	-400.84615	-400.884676	-400.811243	-400.806136	
32.96825	-400.911793	-400.937036	-400.876886	-400.867223	
32.97844	-400.975998	-400.998122	-400.941091	-400.928309	
32.98864	-401.03813	-401.050482	-401.003224	-400.980669	
32.99873	-401.097747	-401.111569	-401.06284	-401.041756	
33.00891	-401.155855	-401.155202	-401.120948	-401.102842	
33.01906	-401.211889	-401.216288	-401.176983	-401.155202	
33.02927	-401.266249	-401.268648	-401.231342	-401.216288	
33.03942	-401.318291	-401.321008	-401.283384	-401.268648	
33.04959	-401.36854	-401.364641	-401.333633	-401.321008	
33.05975	-401.416764	-401.408275	-401.381858	-401.373368	
33.06989	-401.462967	-401.460635	-401.42806	-401.425728	
33.07999	-401.507059	-401.504268	-401.472152	-401.478088	
33.0906	-401.551275	-401.547901	-401.516368	-401.530448	
33.10038	-401.590274	-401.600261	-401.555368	-401.574081	
33.11048	-401.628664	-401.643894	-401.593757	-401.617714	
33.1207	-401.665557	-401.678801	-401.63065	-401.661347	
33.13877	-401.723526	-401.748614	-401.688619	-401.722434	
33.14338	-401.738505	-401.766067	-401.703598	-401.739887	
33.15358	-401.76927	-401.800974	-401.734364	-401.774794	
33.16384	-401.798341	-401.83588	-401.763434	-401.800974	
33.17396	-401.825186	-401.86206	-401.79028	-401.827154	
33.18411	-401.850328	-401.896967	-401.815422	-401.853334	
33.19431	-401.873785	-401.923147	-401.838878	-401.879514	
33.20454	-401.895515	-401.949327	-401.860609	-401.88824	
33.21459	-401.915174	-401.958053	-401.880267	-401.905694	
33.22482	-401.933422	-401.975507	-401.898515	-401.91442	
33.23493	-401.949798	-401.984233	-401.914891	-401.923147	
33.24507	-401.964573	-401.99296	-401.929666	-401.923147	
33.25521	-401.977735	-402.001687	-401.942829	-401.931873	
33.26537	-401.989363	-402.001687	-401.954456	-401.931873	
33.27574	-401.999632	-402.001687	-401.964726	-401.9406	
33.28577	-402.008173	-402.001687	-401.973267	-401.9406	
33.29592	-402.015439	-402.001687	-401.980533	-401.9406	
33.30612	-402.021446	-401.99296	-401.98654	-401.949327	
33.31628	-402.026248	-401.99296	-401.991342	-401.949327	
33.32637	-402.02998	-401.99296	-401.995074	-401.949327	
33.33655	-402.032819	-402.001687	-401.997912	-401.949327	
33.34675	-402.034893	-402.001687	-401.999987	-401.949327	
33.35689	-402.039427	-402.001687	-402.00452	-401.949327	
33.367	-402.039427	-402.001687	-402.00452	-401.949327	
33.37711	-402.039427	-402.001687	-402.00452	-401.949327	
33.38737	-402.039427	-402.001687	-402.00452	-401.949327	
33.39746	-402.039427	-402.001687	-402.00452	-401.949327	
33.40787	-402.039427	-402.001687	-402.00452	-401.949327	
33.4181	-402.039427	-402.001687	-402.00452	-401.949327	
33.42796	-402.039427	-402.001687	-402.00452	-401.949327	
33.43813	-402.039427	-402.001687	-402.00452	-401.949327	
33.44826	-402.039427	-402.001687	-402.00452	-401.949327	
33.45844	-402.039427	-402.001687	-402.00452	-401.949327	
33.46864	-402.039427	-402.001687	-402.00452	-401.949327	
33.47872	-402.039427	-402.001687	-402.00452	-401.949327	
33.4889	-402.039427	-402.001687	-402.00452	-401.949327	
33.49908	-402.039427	-402.001687	-402.00452	-401.949327	
33.5093	-402.039427	-402.001687	-402.00452	-401.949327	
33.52003	-402.039427	-402.001687	-402.00452	-401.949327	
33.52952	-402.039427	-402.001687	-402.00452	-401.949327	
33.53982	-402.039427	-402.001687	-402.00452	-401.949327	
33.54994	-402.039427	-402.001687	-402.00452	-401.949327	
33.56006	-402.039427	-402.001687	-402.00452	-401.949327	
33.57029	-402.039427	-402.001687	-402.00452	-401.949327	
33.58047	-402.039427	-402.001687	-402.00452	-401.949327	
33.59054	-402.039427	-402.001687	-402.00452	-401.949327	
33.60076	-402.039427	-402.001687	-402.00452	-401.949327	
33.6109	-402.039427	-402.001687	-402.00452	-401.949327	
33.62106	-402.039427	-402.001687	-402.00452	-401.949327	
33.63124	-402.039427	-402.001687	-402.00452	-401.949327	
33.64138	-402.039427	-402.001687	-402.00452	-401.949327	
33.65162	-402.039427	-402.001687	-402.00452	-401.949327	
33.66179	-402.039427	-402.001687	-402.00452	-401.949327	
33.6721	-402.039427	-402.001687	-402.00452	-401.949327	
33.68236	-402.039427	-402.001687	-402.00452	-401.949327	
33.69253	-402.039427	-402.001687	-402.00452	-401.949327	
33.70259	-402.039427	-402.001687	-402.00452	-401.949327	
33.71279	-402.039427	-402.001687	-402.00452	-401.949327	
33.72299	-402.039427	-402.001687	-402.00452	-401.949327	
33.73304	-402.039427	-402.001687	-402.00452	-401.949327	
33.74325	-402.039427	-402.001687	-402.00452	-401.949327	
33.75342	-402.039427	-402.001687	-402.00452	-401.949327	
33.76371	-402.039427	-402.001687	-402.00452	-401.949327	
33.7738	-402.039427	-402.001687	-402.00452	-401.949327	
33.78401	-402.039427	-402.001687	-402.00452	-401.949327	
33.79421	-402.039427	-402.001687	-402.00452	-401.949327	
33.80437	-402.039427	-402.001687	-402.00452	-401.949327	
33.81446	-402.039427	-402.001687	-402.00452	-401.949327	
33.82464	-402.039427	-402.001687	-402.00452	-401.949327	
33.83485	-402.039427	-402.001687	-402.00452	-401.949327	
33.84496	-402.039427	-402.001687	-402.00452	-401.949327	
33.8551	-402.039427	-402.001687	-402.00452	-401.949327	
33.86527	-402.039427	-402.001687	-402.00452	-401.949327	
33.87543	-402.039427	-402.001687	-402.00452	-401.949327	
33.88562	-402.039427	-402.001687	-402.00452	-401.949327	
33.89577	-402.039427	-402.001687	-402.00452	-401.949327	
33.90593	-402.039427	-402.001687	-402.00452	-401.96678	
33.91615	-402.039427	-402.001687	-402.00452	-401.96678	
33.92623	-402.039427	-402.001687	-402.00452	-401.984233	
33.93638	-402.039427	-402.001687	-402.00452	-401.984233	
33.94662	-402.039427	-402.001687	-402.00452	-401.984233	
33.95674	-402.039427	-402.001687	-402.00452	-401.984233	
33.96688	-402.039427	-402.001687	-402.00452	-401.984233	
33.97702	-402.039427	-402.001687	-402.00452	-401.984233	
33.98718	-402.039427	-402.001687	-402.00452	-401.984233	
33.99737	-402.039427	-402.001687	-402.00452	-401.984233	
34.00751	-402.039427	-402.001687	-402.00452	-401.984233	
34.01766	-402.039427	-402.001687	-402.00452	-401.984233	
34.0358	-402.039427	-402.001687	-402.00452	-401.984233	
34.04043	-402.039427	-402.001687	-402.00452	-401.984233	
34.05064	-402.039427	-402.001687	-402.00452	-401.984233	
34.06078	-402.039427	-402.001687	-402.00452	-401.984233	
34.07137	-402.039427	-402.001687	-402.00452	-401.984233	
34.08146	-402.039427	-402.001687	-402.00452	-401.984233	
34.09172	-402.039427	-402.001687	-402.00452	-401.984233	
34.10193	-402.039427	-402.001687	-402.00452	-401.984233	
34.11207	-402.039427	-402.001687	-402.00452	-401.984233	
34.12229	-402.039427	-402.001687	-402.00452	-401.984233	
34.13241	-402.039427	-402.001687	-402.00452	-401.984233	
34.14255	-402.039427	-402.001687	-402.00452	-401.984233	
34.15271	-402.039427	-402.001687	-402.00452	-401.984233	
34.1629	-402.039427	-402.001687	-402.00452	-401.984233	
34.17302	-402.039427	-402.001687	-402.00452	-401.984233	
34.1832	-402.039427	-402.001687	-402.00452	-401.984233	
34.19337	-402.039427	-402.001687	-402.00452	-401.984233	
34.20356	-402.039427	-402.001687	-402.00452	-401.984233	
34.22162	-402.039427	-402.001687	-402.00452	-401.984233	
34.22631	-402.039427	-402.001687	-402.00452	-401.984233	
34.23639	-402.039427	-402.001687	-402.00452	-401.984233	
34.24654	-402.039427	-402.001687	-402.00452	-401.984233	
34.25667	-402.039427	-402.001687	-402.00452	-401.984233	
34.2669	-402.039427	-402.001687	-402.00452	-401.984233	
34.27702	-402.039427	-402.001687	-402.00452	-401.984233	
34.28717	-402.039427	-402.001687	-402.00452	-401.984233	
34.29732	-402.039427	-402.001687	-402.00452	-401.984233	
34.30751	-402.039427	-402.001687	-402.00452	-401.984233	
34.31764	-402.039427	-402.001687	-402.00452	-401.984233	
34.3278	-402.039427	-402.001687	-402.00452	-401.984233	
34.33795	-402.039427	-402.001687	-402.00452	-401.984233	
34.35006	-402.039427	-402.001687	-402.00452	-401.984233	
34.36011	-402.039427	-402.001687	-402.00452	-401.984233	
34.37034	-402.039427	-402.001687	-402.00452	-401.984233	
34.38052	-402.039427	-402.001687	-402.00452	-401.984233	
34.39062	-402.039427	-402.001687	-402.00452	-401.984233	
34.4089	-402.039427	-402.001687	-402.00452	-401.984233	
34.4136	-402.039427	-402.001687	-402.00452	-401.984233	
34.42375	-402.039427	-402.001687	-402.00452	-401.984233	
34.43392	-402.039427	-402.001687	-402.00452	-401.984233	
34.44408	-402.039427	-402.001687	-402.00452	-401.984233	
34.45426	-402.039427	-402.001687	-402.00452	-401.984233	
34.46443	-402.039427	-402.001687	-402.00452	-401.984233	
34.47465	-402.039427	-402.001687	-402.00452	-401.984233	
34.48475	-402.039427	-402.001687	-402.00452	-401.984233	
34.4949	-402.039427	-402.001687	-402.00452	-401.984233	
34.50509	-402.039427	-402.001687	-402.00452	-401.984233	
34.51526	-402.039427	-402.001687	-402.00452	-401.984233	
34.52538	-402.039427	-402.001687	-402.00452	-401.984233	
34.53776	-402.039427	-402.001687	-402.00452	-401.984233	
34.54565	-402.039427	-402.001687	-402.00452	-401.984233	
34.55588	-402.039427	-402.001687	-402.00452	-401.984233	
34.56595	-402.039427	-402.001687	-402.00452	-401.984233	
34.57609	-402.039427	-402.001687	-402.00452	-401.984233	
34.58634	-402.039427	-402.001687	-402.00452	-401.984233	
34.59646	-402.039427	-402.001687	-402.00452	-401.984233	
34.60657	-402.039427	-402.001687	-402.00452	-401.984233	
34.61702	-402.039427	-402.001687	-402.00452	-401.984233	
34.62696	-402.039427	-402.001687	-402.00452	-401.984233	
34.63709	-402.039427	-402.001687	-402.00452	-401.984233	
34.64723	-402.039427	-402.001687	-402.00452	-401.984233	
34.65743	-402.039427	-402.001687	-402.00452	-401.984233	
34.66759	-402.039427	-402.001687	-402.00452	-401.984233	
34.67785	-402.039427	-402.001687	-402.00452	-401.984233	
34.68794	-402.039427	-402.001687	-402.00452	-401.984233	
34.69813	-402.039427	-402.001687	-402.00452	-401.984233	
34.70823	-402.039427	-402.001687	-402.00452	-401.984233	
34.71835	-402.039427	-402.001687	-402.00452	-401.984233	
34.7285	-402.039427	-402.001687	-402.00452	-401.984233	
34.73865	-402.039427	-402.001687	-402.00452	-401.984233	
34.74887	-402.039427	-402.001687	-402.00452	-401.984233	
34.75896	-402.039427	-402.001687	-402.00452	-401.984233	
34.76912	-402.039427	-402.001687	-402.00452	-401.984233	
34.78736	-402.039427	-402.001687	-402.00452	-401.984233	
34.792	-402.039427	-402.001687	-402.00452	-401.984233	
34.80221	-402.039427	-402.001687	-402.00452	-401.984233	
34.81239	-402.039427	-402.001687	-402.00452	-401.984233	
34.82251	-402.039427	-402.001687	-402.00452	-401.984233	
34.83275	-402.039427	-402.001687	-402.00452	-401.984233	
34.84289	-402.039427	-402.001687	-402.00452	-401.984233	
34.85305	-402.039427	-402.001687	-402.00452	-401.984233	
34.86314	-402.039427	-402.001687	-402.00452	-401.984233	
34.87332	-402.039427	-402.001687	-402.00452	-401.984233	
34.88352	-402.039427	-402.001687	-402.00452	-401.984233	
34.89365	-402.039427	-402.001687	-402.00452	-401.984233	
34.90381	-402.039427	-402.001687	-402.00452	-401.984233	
34.91396	-402.039427	-402.001687	-402.00452	-401.984233	
34.92415	-402.039427	-402.001687	-402.00452	-401.984233	
34.93457	-402.039427	-402.001687	-402.00452	-401.984233	
34.94448	-402.039427	-402.001687	-402.00452	-401.984233	
34.95468	-402.039427	-402.001687	-402.00452	-401.984233	
34.96484	-402.039427	-402.001687	-402.00452	-401.984233	
34.9749	-402.039427	-402.001687	-402.00452	-401.984233	
34.98512	-402.039427	-402.010413	-402.00452	-401.984233	
34.99531	-402.039427	-402.010413	-402.00452	-401.984233	
35.00542	-402.039427	-402.01914	-402.00452	-401.984233	
35.01556	-402.039427	-402.01914	-402.00452	-401.984233	
35.02579	-402.039427	-402.027867	-402.00452	-401.984233	
35.03626	-402.039427	-402.036593	-402.00452	-401.984233	
35.04614	-402.039427	-402.04532	-402.00452	-401.984233	
35.05627	-402.039427	-402.04532	-402.00452	-401.984233	
35.06649	-402.039427	-402.054046	-402.00452	-401.984233	
35.07661	-402.039427	-402.054046	-402.00452	-401.984233	
35.08676	-402.039427	-402.04532	-402.00452	-401.984233	
35.09694	-402.039427	-402.04532	-402.00452	-401.984233	
35.10706	-402.039427	-402.036593	-402.00452	-401.984233	
35.11721	-402.039427	-402.036593	-402.00452	-401.984233	
35.12737	-402.039427	-402.036593	-402.00452	-401.984233	
35.13753	-402.039427	-402.036593	-402.00452	-401.984233	
35.14776	-402.039427	-402.036593	-402.00452	-401.984233	
35.16577	-402.039427	-402.036593	-402.00452	-401.984233	
35.17045	-402.039427	-402.036593	-402.00452	-401.984233	
35.18061	-402.039427	-402.036593	-402.00452	-401.984233	
35.19073	-402.039427	-402.04532	-402.00452	-401.984233	
35.20095	-402.039427	-402.04532	-402.00452	-401.984233	
35.21104	-402.039427	-402.04532	-402.00452	-401.984233	
35.22124	-402.039427	-402.04532	-402.00452	-401.984233	
35.23135	-402.039427	-402.04532	-402.00452	-401.984233	
35.24153	-402.039427	-402.04532	-402.00452	-401.984233	
35.25175	-402.039427	-402.04532	-402.00452	-401.984233	
35.26194	-402.039427	-402.04532	-402.00452	-401.984233	
35.27205	-402.039427	-402.04532	-402.00452	-401.984233	
35.28229	-402.039427	-402.04532	-402.00452	-401.984233	
35.29246	-402.039427	-402.04532	-402.00452	-401.984233	
35.30256	-402.039427	-402.04532	-402.00452	-401.984233	
35.31272	-402.039427	-402.04532	-402.00452	-401.984233	
35.32294	-402.039427	-402.04532	-402.00452	-401.984233	
35.33315	-402.039427	-402.04532	-402.00452	-401.984233	
35.34319	-402.039427	-402.04532	-402.00452	-401.984233	
35.35341	-402.039427	-402.04532	-402.00452	-401.984233	
35.36358	-402.039427	-402.04532	-402.00452	-401.984233	
35.37367	-402.039427	-402.04532	-402.00452	-401.984233	
35.38387	-402.039427	-402.04532	-402.00452	-401.984233	
35.39405	-402.039427	-402.04532	-402.00452	-401.984233	
35.4042	-402.039427	-402.04532	-402.00452	-401.984233	
35.41451	-402.039427	-402.04532	-402.00452	-401.984233	
35.42468	-402.039427	-402.04532	-402.00452	-401.984233	
35.43492	-402.039427	-402.04532	-402.00452	-401.984233	
35.44507	-402.039427	-402.04532	-402.00452	-401.984233	
35.45535	-402.039427	-402.04532	-402.00452	-401.984233	
35.46534	-402.039427	-402.04532	-402.00452	-401.984233	
35.47557	-402.039427	-402.04532	-402.00452	-401.984233	
35.48563	-402.039427	-402.04532	-402.00452	-401.984233	
35.49587	-402.039427	-402.04532	-402.00452	-401.984233	
35.50598	-402.039427	-402.04532	-402.00452	-401.984233	
35.51619	-402.039427	-402.04532	-402.00452	-401.984233	
35.52634	-402.039427	-402.04532	-402.00452	-401.984233	
35.53886	-402.039427	-402.04532	-402.00452	-401.984233	
35.54676	-402.039427	-402.04532	-402.00452	-401.984233	
35.55684	-402.039427	-402.04532	-402.00452	-401.984233	
35.56695	-402.039427	-402.04532	-402.00452	-401.984233	
35.57714	-402.039427	-402.04532	-402.00452	-401.984233	
35.58737	-402.039427	-402.04532	-402.00452	-401.984233	
35.59747	-402.039427	-402.04532	-402.00452	-401.984233	
35.60761	-402.039427	-402.04532	-402.00452	-401.984233	
35.61775	-402.039427	-402.04532	-402.00452	-401.984233	
35.62811	-402.039427	-402.04532	-402.00452	-401.984233	
35.63813	-402.039427	-402.04532	-402.00452	-401.984233	
35.64827	-402.039427	-402.04532	-402.00452	-401.984233	
35.65847	-402.039427	-402.04532	-402.00452	-401.984233	
35.66861	-402.039427	-402.04532	-402.00452	-401.984233	
35.67875	-402.039427	-402.04532	-402.00452	-401.984233	
35.68893	-402.039427	-402.04532	-402.00452	-401.984233	
35.69908	-402.039427	-402.04532	-402.00452	-401.984233	
35.70928	-402.039427	-402.04532	-402.00452	-401.984233	
35.71944	-402.039427	-402.04532	-402.00452	-401.984233	
35.72957	-402.039427	-402.04532	-402.00452	-401.984233	
35.73971	-402.039427	-402.04532	-402.00452	-401.984233	
35.74985	-402.039427	-402.04532	-402.00452	-401.984233	
35.76001	-402.039427	-402.04532	-402.00452	-401.984233	
35.77016	-402.039427	-402.04532	-402.00452	-401.984233	
35.78038	-402.039427	-402.04532	-402.00452	-401.984233	
35.79047	-402.039427	-402.04532	-402.00452	-401.984233	
35.80059	-402.039427	-402.04532	-402.00452	-401.984233	
35.81928	-402.039427	-402.04532	-402.00452	-401.984233	
35.82393	-402.039427	-402.04532	-402.00452	-401.984233	
35.83411	-402.039427	-402.04532	-402.00452	-401.984233	
35.84427	-402.039427	-402.04532	-402.00452	-401.984233	
35.85441	-402.039427	-402.04532	-402.00452	-401.984233	
35.86462	-402.039427	-402.04532	-402.00452	-401.984233	
35.87482	-402.039427	-402.04532	-402.00452	-401.984233	
35.88496	-402.039427	-402.04532	-402.00452	-401.984233	
35.89511	-402.039427	-402.04532	-402.00452	-401.984233	
35.90526	-402.039427	-402.04532	-402.00452	-401.984233	
35.91547	-402.039427	-402.04532	-402.00452	-401.984233	
35.92558	-402.039427	-402.04532	-402.00452	-401.984233	
35.93589	-402.039427	-402.04532	-402.00452	-401.984233	
35.946	-402.039427	-402.04532	-402.00452	-401.984233	
35.95618	-402.039427	-402.04532	-402.00452	-401.984233	
35.96637	-402.039427	-402.04532	-402.00452	-401.984233	
35.97659	-402.039427	-402.04532	-402.00452	-401.984233	
35.98665	-402.039427	-402.04532	-402.00452	-401.984233	
35.99689	-402.039427	-402.04532	-402.00452	-401.984233	
36.00697	-402.039427	-402.04532	-402.00452	-401.984233	
36.01712	-402.039427	-402.04532	-402.00452	-401.984233	
36.02731	-402.039427	-402.04532	-402.00452	-401.984233	
36.03743	-402.039427	-402.04532	-402.00452	-401.984233	
36.04759	-402.039427	-402.04532	-402.00452	-401.984233	
36.05774	-402.039427	-402.04532	-402.00452	-401.984233	
36.06793	-402.039427	-402.04532	-402.00452	-401.984233	
36.07811	-402.039427	-402.04532	-402.00452	-401.984233	
36.08827	-402.039427	-402.04532	-402.00452	-401.984233	
36.09848	-402.039427	-402.04532	-402.00452	-401.984233	
36.1086	-402.039427	-402.04532	-402.00452	-401.984233	
36.11871	-402.039427	-402.04532	-402.00452	-401.984233	
36.12886	-402.039427	-402.04532	-402.00452	-401.984233	
36.13907	-402.039427	-402.04532	-402.00452	-401.984233	
36.14928	-402.039427	-402.04532	-402.00452	-401.984233	
36.15939	-402.039427	-402.04532	-402.00452	-401.984233	
36.1695	-402.039427	-402.04532	-402.00452	-401.984233	
36.17974	-402.039427	-402.04532	-402.00452	-401.984233	
36.18979	-402.039427	-402.04532	-402.00452	-401.984233	
36.19996	-402.039427	-402.04532	-402.00452	-401.984233	
36.21012	-402.039427	-402.04532	-402.00452	-401.984233	
36.22027	-402.039427	-402.04532	-402.00452	-401.984233	
36.23042	-402.039427	-402.04532	-402.00452	-401.984233	
36.24062	-402.039427	-402.04532	-402.00452	-401.984233	
36.25089	-402.039427	-402.04532	-402.00452	-401.984233	
36.261	-402.039427	-402.04532	-402.00452	-401.984233	
36.27111	-402.039427	-402.04532	-402.00452	-401.984233	
36.28132	-402.039427	-402.04532	-402.00452	-401.984233	
36.29147	-402.039427	-402.04532	-402.00452	-401.984233	
36.30165	-402.039427	-402.04532	-402.00452	-401.984233	
36.31179	-402.039427	-402.04532	-402.00452	-401.984233	
36.32198	-402.039427	-402.04532	-402.00452	-401.984233	
36.33221	-402.039427	-402.04532	-402.00452	-401.984233	
36.34239	-402.039427	-402.04532	-402.00452	-401.984233	
36.35247	-402.039427	-402.04532	-402.00452	-401.984233	
36.36271	-402.039427	-402.04532	-402.00452	-401.984233	
36.37287	-402.039427	-402.04532	-402.00452	-401.984233	
36.383	-402.039427	-402.04532	-402.00452	-401.984233	
36.39319	-402.039427	-402.04532	-402.00452	-401.984233	
36.40334	-402.039427	-402.04532	-402.00452	-401.984233	
36.41352	-402.039427	-402.04532	-402.00452	-401.984233	
36.42363	-402.039427	-402.04532	-402.00452	-401.984233	
36.43382	-402.039427	-402.04532	-402.00452	-401.984233	
36.45205	-402.039427	-402.04532	-402.00452	-401.984233	
36.45668	-402.039427	-402.04532	-402.00452	-401.984233	
36.46697	-402.039427	-402.04532	-402.00452	-401.984233	
36.47706	-402.039427	-402.04532	-402.00452	-401.984233	
36.4871	-402.039427	-402.04532	-402.00452	-401.984233	
36.49735	-402.039427	-402.04532	-402.00452	-401.984233	
36.50751	-402.039427	-402.04532	-402.00452	-401.984233	
36.51762	-402.039427	-402.04532	-402.00452	-401.984233	
36.52776	-402.039427	-402.036593	-402.00452	-401.984233	
36.53861	-402.039427	-402.036593	-402.00452	-401.984233	
36.54817	-402.039427	-402.036593	-402.00452	-401.984233	
36.55828	-402.039427	-402.036593	-402.00452	-401.984233	
36.56842	-402.039427	-402.036593	-402.00452	-401.984233	
36.57865	-402.039427	-402.036593	-402.00452	-401.984233	
36.58886	-402.039427	-402.036593	-402.00452	-401.984233	
36.5989	-402.039427	-402.036593	-402.00452	-401.984233	
36.60912	-402.039427	-402.036593	-402.00452	-401.984233	
36.61932	-402.039427	-402.036593	-402.00452	-401.984233	
36.62944	-402.039427	-402.036593	-402.00452	-401.984233	
36.63953	-402.039427	-402.036593	-402.00452	-401.984233	
36.64969	-402.039427	-402.036593	-402.00452	-401.984233	
36.65982	-402.039427	-402.036593	-402.00452	-401.984233	
36.67001	-402.039427	-402.036593	-402.00452	-401.984233	
36.68015	-402.039427	-402.036593	-402.00452	-401.984233	
36.69032	-402.039427	-402.036593	-402.00452	-401.984233	
36.70052	-402.039427	-402.036593	-402.00452	-401.984233	
36.71089	-402.039427	-402.036593	-402.00452	-401.984233	
36.72869	-402.039427	-402.036593	-402.00452	-401.984233	
36.73332	-402.039427	-402.036593	-402.00452	-401.984233	
36.74349	-402.039427	-402.036593	-402.00452	-401.984233	
36.75362	-402.039427	-402.036593	-402.00452	-401.984233	
36.76385	-402.039427	-402.036593	-402.00452	-401.984233	
36.77395	-402.039427	-402.036593	-402.00452	-401.984233	
36.78416	-402.039427	-402.036593	-402.00452	-401.984233	
36.79434	-402.039427	-402.036593	-402.00452	-401.984233	
36.80449	-402.039427	-402.036593	-402.00452	-401.984233	
36.81464	-402.039427	-402.036593	-402.00452	-401.984233	
36.82475	-402.039427	-402.036593	-402.00452	-401.984233	
36.83499	-402.039427	-402.036593	-402.00452	-401.984233	
36.84511	-402.039427	-402.036593	-402.00452	-401.984233	
36.85525	-402.039427	-402.036593	-402.00452	-401.984233	
36.86549	-402.039427	-402.036593	-402.00452	-401.984233	
36.87561	-402.039427	-402.036593	-402.00452	-401.984233	
36.88576	-402.039427	-402.036593	-402.00452	-401.984233	
36.89593	-402.039427	-402.036593	-402.00452	-401.984233	
36.90609	-402.039427	-402.036593	-402.00452	-401.984233	
36.91656	-402.039427	-402.036593	-402.00452	-401.984233	
36.92662	-402.039427	-402.036593	-402.00452	-401.984233	
36.93679	-402.039427	-402.036593	-402.00452	-401.984233	
36.947	-402.039427	-402.036593	-402.00452	-401.984233	
36.95712	-402.039427	-402.036593	-402.00452	-401.984233	
36.96726	-402.039427	-402.036593	-402.00452	-401.984233	
36.97738	-402.039427	-402.036593	-402.00452	-401.984233	
36.98758	-402.039427	-402.036593	-402.00452	-401.984233	
36.99771	-402.039427	-402.036593	-402.00452	-401.984233	
37.00791	-402.039427	-402.036593	-402.00452	-401.984233	
37.01805	-402.039427	-402.036593	-402.00452	-401.984233	
37.02828	-402.039427	-402.036593	-402.00452	-401.984233	
37.03839	-402.039427	-402.036593	-402.00452	-401.984233	
37.04852	-402.039427	-402.036593	-402.00452	-401.984233	
37.05876	-402.039427	-402.036593	-402.00452	-401.984233	
37.06893	-402.039427	-402.036593	-402.00452	-401.984233	
37.079	-402.039427	-402.036593	-402.00452	-401.984233	
37.08927	-402.039427	-402.036593	-402.00452	-401.984233	
37.09943	-402.039427	-402.036593	-402.00452	-401.984233	
37.10947	-402.039427	-402.036593	-402.00452	-401.984233	
37.11964	-402.039427	-402.036593	-402.00452	-401.984233	
37.12986	-402.039427	-402.036593	-402.00452	-401.984233	
37.14	-402.039427	-402.036593	-402.00452	-401.984233	
37.15021	-402.039427	-402.036593	-402.00452	-401.984233	
37.16035	-402.039427	-402.036593	-402.00452	-401.984233	
37.17051	-402.039427	-402.036593	-402.00452	-401.984233	
37.18072	-402.039427	-402.036593	-402.00452	-401.984233	
37.19872	-402.039427	-402.036593	-402.00452	-401.984233	
37.20342	-402.039427	-402.036593	-402.00452	-401.984233	
37.21352	-402.039427	-402.036593	-402.00452	-401.984233	
37.22365	-402.039427	-402.036593	-402.00452	-401.984233	
37.23388	-402.039427	-402.036593	-402.00452	-401.984233	
37.24413	-402.039427	-402.036593	-402.00452	-401.984233	
37.25441	-402.039427	-402.036593	-402.00452	-401.984233	
37.26453	-402.039427	-402.036593	-402.00452	-401.984233	
37.27475	-402.039427	-402.036593	-402.00452	-401.984233	
37.28497	-402.039427	-402.036593	-402.00452	-401.984233	
37.29503	-402.039427	-402.036593	-402.00452	-401.984233	
37.30518	-402.039427	-402.036593	-402.00452	-401.984233	
37.31542	-402.039427	-402.036593	-402.00452	-401.984233	
37.32552	-402.039427	-402.036593	-402.00452	-401.984233	
37.33574	-402.039427	-402.036593	-402.00452	-401.984233	
37.3459	-402.039427	-402.036593	-402.00452	-401.984233	
37.35611	-402.039427	-402.036593	-402.00452	-401.984233	
37.36627	-402.039427	-402.036593	-402.00452	-401.984233	
37.37633	-402.039427	-402.036593	-402.00452	-401.984233	
37.38676	-402.039427	-402.036593	-402.00452	-401.984233	
37.39697	-402.039427	-402.036593	-402.00452	-401.984233	
37.407	-402.039427	-402.036593	-402.00452	-401.984233	
37.41738	-402.039427	-402.036593	-402.00452	-401.984233	
37.42742	-402.039427	-402.036593	-402.00452	-401.984233	
37.43797	-402.039427	-402.036593	-402.00452	-401.984233	
37.4481	-402.039427	-402.036593	-402.00452	-401.984233	
37.4582	-402.039427	-402.036593	-402.00452	-401.984233	
37.46842	-402.039427	-402.036593	-402.00452	-401.984233	
37.47857	-402.039427	-402.036593	-402.00452	-401.984233	
37.48871	-402.039427	-402.036593	-402.00452	-401.984233	
37.49895	-402.039427	-402.036593	-402.00452	-401.984233	
37.50911	-402.039427	-402.036593	-402.00452	-401.984233	
37.51928	-402.039427	-402.036593	-402.00452	-401.984233	
37.52944	-402.039427	-402.036593	-402.00452	-401.984233	
37.53956	-402.039427	-402.036593	-402.00452	-401.984233	
37.5497	-402.039427	-402.036593	-402.00452	-401.984233	
37.5598	-402.039427	-402.036593	-402.00452	-401.984233	
37.56995	-402.039427	-402.036593	-402.00452	-401.984233	
37.5802	-402.039427	-402.036593	-402.00452	-401.984233	
37.59029	-402.039427	-402.036593	-402.00452	-401.984233	
37.60045	-402.039427	-402.036593	-402.00452	-401.984233	
37.61067	-402.039427	-402.036593	-402.00452	-401.984233	
37.62084	-402.039427	-402.036593	-402.00452	-401.984233	
37.63093	-402.039427	-402.036593	-402.00452	-401.984233	
37.6411	-402.039427	-402.036593	-402.00452	-401.984233	
37.6513	-402.039427	-402.036593	-402.00452	-401.984233	
37.66146	-402.039427	-402.036593	-402.00452	-401.984233	
37.67172	-402.039427	-402.036593	-402.00452	-401.984233	
37.6818	-402.039427	-402.036593	-402.00452	-401.984233	
37.69197	-402.039427	-402.036593	-402.00452	-401.984233	
37.71001	-402.039427	-402.036593	-402.00452	-401.984233	
37.71472	-402.039427	-402.036593	-402.00452	-401.984233	
37.7248	-402.039427	-402.036593	-402.00452	-401.984233	
37.73494	-402.039427	-402.036593	-402.00452	-401.984233	
37.74512	-402.039427	-402.036593	-402.00452	-401.984233	
37.75533	-402.039427	-402.036593	-402.00452	-401.984233	
37.76546	-402.039427	-402.036593	-402.00452	-401.984233	
37.77557	-402.039427	-402.036593	-402.00452	-401.984233	
37.78578	-402.039427	-402.036593	-402.00452	-401.984233	
37.79596	-402.039427	-402.036593	-402.00452	-401.984233	
37.80608	-402.039427	-402.036593	-402.00452	-401.984233	
37.81627	-402.039427	-402.036593	-402.00452	-401.984233	
37.8264	-402.039427	-402.036593	-402.00452	-401.984233	
37.83665	-402.039427	-402.036593	-402.00452	-401.984233	
37.84675	-402.039427	-402.036593	-402.00452	-401.984233	
37.85693	-402.039427	-402.036593	-402.00452	-401.984233	
37.86713	-402.039427	-402.036593	-402.00452	-401.984233	
37.87724	-402.039427	-402.036593	-402.00452	-401.984233	
37.88738	-402.039427	-402.036593	-402.00452	-401.984233	
37.89749	-402.039427	-402.036593	-402.00452	-401.984233	
37.90776	-402.039427	-402.036593	-402.00452	-401.984233	
37.91793	-402.039427	-402.036593	-402.00452	-401.984233	
37.92802	-402.039427	-402.036593	-402.00452	-401.984233	
37.93816	-402.039427	-402.036593	-402.00452	-401.984233	
37.94865	-402.039427	-402.036593	-402.00452	-401.984233	
37.95855	-402.039427	-402.036593	-402.00452	-401.984233	
37.96865	-402.039427	-402.036593	-402.00452	-401.984233	
37.97885	-402.039427	-402.036593	-402.00452	-401.984233	
37.98905	-402.039427	-402.036593	-402.00452	-401.984233	
37.99913	-402.039427	-402.036593	-402.00452	-401.984233	
38.00936	-402.039427	-402.036593	-402.00452	-401.984233	
38.01952	-402.039427	-402.036593	-402.00452	-401.984233	
38.02965	-402.039427	-402.036593	-402.00452	-401.984233	
38.03974	-402.039427	-402.036593	-402.00452	-401.984233	
38.04995	-402.039427	-402.036593	-402.00452	-401.984233	
38.06014	-402.039427	-402.036593	-402.00452	-401.984233	
38.07036	-402.039427	-402.036593	-402.00452	-401.984233	
38.08048	-402.039427	-402.036593	-402.00452	-401.984233	
38.09068	-402.039427	-402.036593	-402.00452	-401.984233	
38.10888	-402.039427	-402.036593	-402.00452	-401.984233	
38.11354	-402.039427	-402.036593	-402.00452	-401.984233	
38.12373	-402.039427	-402.036593	-402.00452	-401.984233	
38.13387	-402.039427	-402.036593	-402.00452	-401.984233	
38.14402	-402.039427	-402.036593	-402.00452	-401.984233	
38.15419	-402.039427	-402.036593	-402.00452	-401.984233	
38.16443	-402.039427	-402.036593	-402.00452	-401.984233	
38.17461	-402.039427	-402.036593	-402.00452	-401.984233	
38.61889	-402.039427	-402.036593	-402.00452	-401.984233	
38.62902	-402.039427	-402.036593	-402.00452	-401.984233	
38.63907	-402.039427	-402.036593	-402.00452	-401.984233	
38.6572	-402.039427	-402.036593	-402.00452	-401.984233	
38.66186	-402.039427	-402.036593	-402.00452	-401.984233	
38.67211	-402.039427	-402.036593	-402.00452	-401.984233	
38.68224	-402.039427	-402.036593	-402.00452	-401.984233	
38.69247	-402.039427	-402.036593	-402.00452	-401.984233	
38.70258	-402.039427	-402.036593	-402.00452	-401.984233	
38.71274	-402.039427	-402.036593	-402.00452	-401.984233	
38.72295	-402.039427	-402.036593	-402.00452	-401.984233	
38.73311	-402.039427	-402.036593	-402.00452	-401.984233	
38.74321	-402.039427	-402.036593	-402.00452	-401.984233	
38.75346	-402.039427	-402.036593	-402.00452	-401.984233	
38.76361	-402.039427	-402.036593	-402.00452	-401.984233	
38.77368	-402.039427	-402.036593	-402.00452	-401.984233	
38.78388	-402.039427	-402.036593	-402.00452	-401.984233	
38.7941	-402.039427	-402.036593	-402.00452	-401.984233	
38.80436	-402.039427	-402.036593	-402.00452	-401.984233	
38.81447	-402.039427	-402.036593	-402.00452	-401.984233	
38.82459	-402.039427	-402.036593	-402.00452	-401.984233	
38.83483	-402.039427	-402.036593	-402.00452	-401.984233	
38.84499	-402.039427	-402.036593	-402.00452	-401.984233	
38.8551	-402.039427	-402.036593	-402.00452	-401.984233	
38.86532	-402.039427	-402.036593	-402.00452	-401.984233	
38.87546	-402.039427	-402.036593	-402.00452	-401.984233	
38.88557	-402.039427	-402.036593	-402.00452	-401.984233	
38.89578	-402.039427	-402.036593	-402.00452	-401.984233	
38.90595	-402.039427	-402.036593	-402.00452	-401.984233	
38.91637	-402.039427	-402.036593	-402.00452	-401.984233	
38.9263	-402.039427	-402.036593	-402.00452	-401.984233	
38.93643	-402.039427	-402.036593	-402.00452	-401.984233	
38.94661	-402.039427	-402.036593	-402.00452	-401.984233	
38.96468	-402.039427	-402.036593	-402.00452	-401.984233	
38.9694	-402.039427	-402.036593	-402.00452	-401.984233	
38.97962	-402.039427	-402.036593	-402.00452	-401.984233	
38.98968	-402.039427	-402.036593	-402.00452	-401.984233	
38.99977	-402.039427	-402.036593	-402.00452	-401.984233	
39.00991	-402.039427	-402.036593	-402.00452	-401.984233	
39.02011	-402.039427	-402.036593	-402.00452	-401.984233	
39.0303	-402.039427	-402.036593	-402.00452	-401.984233	
39.0404	-402.039427	-402.036593	-402.00452	-401.984233	
39.05056	-402.039427	-402.036593	-402.00452	-401.984233	
39.06078	-402.039427	-402.036593	-402.00452	-401.984233	
39.07092	-402.039427	-402.036593	-402.00452	-401.984233	
39.08102	-402.039427	-402.036593	-402.00452	-401.984233	
39.09124	-402.039427	-402.036593	-402.00452	-401.984233	
39.10138	-402.039427	-402.036593	-402.00452	-401.984233	
39.11156	-402.039427	-402.036593	-402.00452	-401.984233	
39.12176	-402.039427	-402.036593	-402.00452	-401.984233	
39.13189	-402.039427	-402.036593	-402.00452	-401.984233	
39.14205	-402.039427	-402.036593	-402.00452	-401.984233	
39.15226	-402.039427	-402.036593	-402.00452	-401.984233	
39.16238	-402.039427	-402.036593	-402.00452	-401.984233	
39.17253	-402.039427	-402.036593	-402.00452	-401.984233	
39.18276	-402.039427	-402.036593	-402.00452	-401.984233	
39.19287	-402.039427	-402.036593	-402.00452	-401.984233	
39.20311	-402.039427	-402.036593	-402.00452	-401.984233	
39.2133	-402.039427	-402.036593	-402.00452	-401.984233	
39.22337	-402.039427	-402.036593	-402.00452	-401.984233	
39.23354	-402.039427	-402.036593	-402.00452	-401.984233	
39.24375	-402.039427	-402.036593	-402.00452	-401.984233	
39.25388	-402.039427	-402.036593	-402.00452	-401.984233	
39.26401	-402.039427	-402.036593	-402.00452	-401.984233	
39.27419	-402.039427	-402.036593	-402.00452	-401.984233	
39.28448	-402.039427	-402.036593	-402.00452	-401.984233	
39.29461	-402.039427	-402.036593	-402.00452	-401.984233	
39.30476	-402.039427	-402.036593	-402.00452	-401.984233	
39.315	-402.039427	-402.036593	-402.00452	-401.984233	
39.32517	-402.039427	-402.036593	-402.00452	-401.984233	
39.33524	-402.039427	-402.036593	-402.00452	-401.984233	
39.34543	-402.039427	-402.036593	-402.00452	-401.984233	
39.35699	-402.039427	-402.036593	-402.00452	-401.984233	
39.36707	-402.039427	-402.036593	-402.00452	-401.984233	
39.37722	-402.039427	-402.036593	-402.00452	-401.984233	
39.38744	-402.039427	-402.036593	-402.00452	-401.984233	
39.39762	-402.039427	-402.036593	-402.00452	-401.984233	
39.40772	-402.039427	-402.036593	-402.00452	-401.984233	
39.41986	-402.039427	-402.036593	-402.00452	-401.984233	
39.4281	-402.039427	-402.036593	-402.00452	-401.984233	
39.43824	-402.039427	-402.036593	-402.00452	-401.984233	
39.4484	-402.039427	-402.036593	-402.00452	-401.984233	
39.45853	-402.039427	-402.036593	-402.00452	-401.984233	
39.46869	-402.039427	-402.036593	-402.00452	-401.984233	
39.47885	-402.039427	-402.036593	-402.00452	-401.984233	
39.489	-402.039427	-402.036593	-402.00452	-401.984233	
39.49929	-402.039427	-402.036593	-402.00452	-401.984233	
39.50943	-402.039427	-402.036593	-402.00452	-401.984233	
39.51951	-402.039427	-402.036593	-402.00452	-401.984233	
39.52968	-402.039427	-402.036593	-402.00452	-401.984233	
39.53985	-402.039427	-402.036593	-402.00452	-401.984233	
39.56019	-402.039427	-402.036593	-402.00452	-401.984233	
39.56496	-402.039427	-402.036593	-402.00452	-401.984233	
39.57503	-402.039427	-402.036593	-402.00452	-401.984233	
39.58521	-402.039427	-402.036593	-402.00452	-401.984233	
39.59546	-402.039427	-402.036593	-402.00452	-401.984233	
39.60558	-402.039427	-402.036593	-402.00452	-401.984233	
39.6157	-402.039427	-402.036593	-402.00452	-401.984233	
39.62586	-402.039427	-402.036593	-402.00452	-401.984233	
39.63608	-402.039427	-402.036593	-402.00452	-401.984233	
39.64619	-402.039427	-402.036593	-402.00452	-401.984233	
39.65636	-402.039427	-402.036593	-402.00452	-401.984233	
39.6665	-402.039427	-402.036593	-402.00452	-401.984233	
39.67687	-402.039427	-402.036593	-402.00452	-401.984233	
39.68703	-402.039427	-402.036593	-402.00452	-401.984233	
39.6971	-402.039427	-402.036593	-402.00452	-401.984233	
39.70732	-402.039427	-402.036593	-402.00452	-401.984233	
39.71743	-402.039427	-402.036593	-402.00452	-401.984233	
39.72757	-402.039427	-402.036593	-402.00452	-401.984233	
39.73776	-402.039427	-402.036593	-402.00452	-401.984233	
39.74794	-402.039427	-402.036593	-402.00452	-401.984233	
39.75802	-402.039427	-402.036593	-402.00452	-401.984233	
39.76817	-402.039427	-402.036593	-402.00452	-401.984233	
39.77838	-402.039427	-402.036593	-402.00452	-401.984233	
39.78857	-402.039427	-402.036593	-402.00452	-401.984233	
39.79871	-402.039427	-402.036593	-402.00452	-401.984233	
39.80883	-402.039427	-402.036593	-402.00452	-401.984233	
39.81906	-402.039427	-402.036593	-402.00452	-401.984233	
39.83724	-402.039427	-402.036593	-402.00452	-401.984233	
39.84194	-402.039427	-402.036593	-402.00452	-401.984233	
39.85211	-402.039427	-402.036593	-402.00452	-401.984233	
39.86231	-402.039427	-402.036593	-402.00452	-401.984233	
39.87247	-402.039427	-402.036593	-402.00452	-401.984233	
39.88259	-402.039427	-402.036593	-402.00452	-401.984233	
39.89283	-402.039427	-402.036593	-402.00452	-401.984233	
39.90294	-402.039427	-402.036593	-402.00452	-401.984233	
39.9131	-402.039427	-402.036593	-402.00452	-401.984233	
39.92334	-402.039427	-402.036593	-402.00452	-401.984233	
39.93344	-402.039427	-402.036593	-402.00452	-401.984233	
39.94364	-402.039427	-402.036593	-402.00452	-401.984233	
39.95385	-402.039427	-402.036593	-402.00452	-401.984233	
39.96397	-402.039427	-402.036593	-402.00452	-401.984233	
39.97409	-402.039427	-402.036593	-402.00452	-401.984233	
39.98423	-402.039427	-402.036593	-402.00452	-401.984233	
39.99445	-402.039427	-402.036593	-402.00452	-401.984233	
40.00465	-402.039427	-402.036593	-402.00452	-401.984233	
40.01481	-402.039427	-402.036593	-402.00452	-401.984233	
40.02494	-402.039427	-402.036593	-402.00452	-401.984233	
40.03513	-402.039427	-402.036593	-402.00452	-401.984233	
40.04538	-402.039427	-402.036593	-402.00452	-401.984233	
40.0555	-402.039427	-402.036593	-402.00452	-401.984233	
40.06568	-402.039427	-402.036593	-402.00452	-401.984233	
40.07584	-402.039427	-402.036593	-402.00452	-401.984233	
40.08598	-402.039427	-402.036593	-402.00452	-401.984233	
40.09617	-402.039427	-402.036593	-402.00452	-401.984233	
40.10642	-402.039427	-402.036593	-402.00452	-401.984233	
40.12451	-402.039427	-402.036593	-402.00452	-401.984233	
40.12913	-402.039427	-402.036593	-402.00452	-401.984233	
40.13938	-402.039427	-402.036593	-402.00452	-401.984233	
40.14992	-402.039427	-402.036593	-402.00452	-401.984233	
40.15963	-402.039427	-402.036593	-402.00452	-401.984233	
40.16974	-402.039427	-402.036593	-402.00452	-401.984233	
40.17998	-402.039427	-402.036593	-402.00452	-401.984233	
40.19006	-402.039427	-402.036593	-402.00452	-401.984233	
40.20023	-402.039427	-402.036593	-402.00452	-401.984233	
40.21042	-402.039427	-402.036593	-402.00452	-401.984233	
40.22063	-402.039427	-402.036593	-402.00452	-401.984233	
40.23864	-402.039427	-402.036593	-402.00452	-401.984233	
40.24329	-402.039427	-402.036593	-402.00452	-401.984233	
40.25344	-402.039427	-402.036593	-402.00452	-401.984233	
40.26359	-402.039427	-402.036593	-402.00452	-401.984233	
40.27377	-402.039427	-402.036593	-402.00452	-401.984233	
40.28395	-402.039427	-402.036593	-402.00452	-401.984233	
40.29407	-402.039427	-402.036593	-402.00452	-401.984233	
40.30423	-402.039427	-402.036593	-402.00452	-401.984233	
40.31442	-402.039427	-402.036593	-402.00452	-401.984233	
40.32462	-402.039427	-402.036593	-402.00452	-401.984233	
40.33477	-402.039427	-402.036593	-402.00452	-401.984233	
40.3449	-402.039427	-402.036593	-402.00452	-401.984233	
40.35514	-402.039427	-402.036593	-402.00452	-401.984233	
40.36535	-402.039427	-402.036593	-402.00452	-401.984233	
40.37536	-402.039427	-402.036593	-402.00452	-401.984233	
40.38559	-402.039427	-402.036593	-402.00452	-401.984233	
40.39578	-402.039427	-402.036593	-402.00452	-401.984233	
40.40587	-402.039427	-402.036593	-402.00452	-401.984233	
40.41621	-402.039427	-402.036593	-402.00452	-401.984233	
40.42627	-402.039427	-402.036593	-402.00452	-401.984233	
40.43647	-402.039427	-402.036593	-402.00452	-401.984233	
40.44663	-402.039427	-402.036593	-402.00452	-401.984233	
40.45678	-402.039427	-402.036593	-402.00452	-401.984233	
40.46705	-402.039427	-402.036593	-402.00452	-401.984233	
40.47717	-402.039427	-402.036593	-402.00452	-401.984233	
40.48722	-402.039427	-402.036593	-402.00452	-401.984233	
40.49741	-402.039427	-402.036593	-402.00452	-401.984233	
40.50757	-402.039427	-402.036593	-402.00452	-401.984233	
40.51772	-402.039427	-402.036593	-402.00452	-401.984233	
40.52793	-402.039427	-402.036593	-402.00452	-401.984233	
40.53812	-402.039427	-402.036593	-402.00452	-401.984233	
40.54887	-402.039427	-402.036593	-402.00452	-401.984233	
40.55862	-402.039427	-402.036593	-402.00452	-401.984233	
40.56856	-402.039427	-402.036593	-402.00452	-401.984233	
40.57872	-402.039427	-402.036593	-402.00452	-401.984233	
40.58892	-402.039427	-402.036593	-402.00452	-401.984233	
40.59905	-402.039427	-402.036593	-402.00452	-401.984233	
40.60926	-402.039427	-402.036593	-402.00452	-401.984233	
40.61942	-402.039427	-402.036593	-402.00452	-401.984233	
40.62955	-402.039427	-402.036593	-402.00452	-401.984233	
40.63969	-402.039427	-402.036593	-402.00452	-401.984233	
40.64983	-402.039427	-402.036593	-402.00452	-401.984233	
40.66002	-402.039427	-402.036593	-402.00452	-401.984233	
40.67013	-402.039427	-402.036593	-402.00452	-401.984233	
40.68032	-402.039427	-402.036593	-402.00452	-401.984233	
40.69049	-402.039427	-402.036593	-402.00452	-401.984233	
40.70072	-402.039427	-402.036593	-402.00452	-401.984233	
40.71882	-402.039427	-402.036593	-402.00452	-401.984233	
40.72347	-402.039427	-402.036593	-402.00452	-401.984233	
40.73357	-402.039427	-402.036593	-402.00452	-401.984233	
40.74377	-402.039427	-402.036593	-402.00452	-401.984233	
40.75395	-402.039427	-402.036593	-402.00452	-401.984233	
40.76411	-402.039427	-402.036593	-402.00452	-401.984233	
40.77419	-402.039427	-402.036593	-402.00452	-401.984233	
40.78447	-402.039427	-402.036593	-402.00452	-401.984233	
40.79457	-402.039427	-402.036593	-402.00452	-401.984233	
40.80476	-402.039427	-402.036593	-402.00452	-401.984233	
40.81495	-402.039427	-402.036593	-402.00452	-401.984233	
40.82504	-402.039427	-402.036593	-402.00452	-401.984233	
40.83526	-402.039427	-402.036593	-402.00452	-401.984233	
40.84543	-402.039427	-402.036593	-402.00452	-401.984233	
40.85553	-402.039427	-402.036593	-402.00452	-401.984233	
40.86575	-402.039427	-402.036593	-402.00452	-401.984233	
40.87588	-402.039427	-402.036593	-402.00452	-401.984233	
40.88605	-402.039427	-402.036593	-402.00452	-401.984233	
40.89618	-402.039427	-402.036593	-402.00452	-401.984233	
40.90635	-402.039427	-402.036593	-402.00452	-401.984233	
40.93257	-402.039427	-402.036593	-402.00452	-401.984233	
40.93726	-402.039427	-402.036593	-402.00452	-401.984233	
40.94745	-402.039427	-402.036593	-402.00452	-401.984233	
40.95757	-402.039427	-402.036593	-402.00452	-401.984233	
40.96775	-402.039427	-402.036593	-402.00452	-401.984233	
40.97809	-402.039427	-402.036593	-402.00452	-401.984233	
40.98805	-402.039427	-402.036593	-402.00452	-401.984233	
40.9982	-402.039427	-402.036593	-402.00452	-401.984233	
41.00826	-402.039427	-402.036593	-402.00452	-401.984233	
41.0185	-402.039427	-402.036593	-402.00452	-401.984233	
41.0287	-402.039427	-402.036593	-402.00452	-401.984233	
41.03884	-402.039427	-402.036593	-402.00452	-401.984233	
41.04897	-402.039427	-402.036593	-402.00452	-401.984233	
41.05926	-402.039427	-402.036593	-402.00452	-401.984233	
41.06945	-402.039427	-402.036593	-402.00452	-401.984233	
41.07945	-402.039427	-402.036593	-402.00452	-401.984233	
41.08998	-402.039427	-402.036593	-402.00452	-401.984233	
41.09989	-402.039427	-402.036593	-402.00452	-401.984233	
41.10997	-402.039427	-402.036593	-402.00452	-401.984233	
41.12011	-402.039427	-402.036593	-402.00452	-401.984233	
41.13028	-402.039427	-402.036593	-402.00452	-401.984233	
41.14047	-402.039427	-402.036593	-402.00452	-401.984233	
41.15065	-402.039427	-402.036593	-402.00452	-401.984233	
41.16083	-402.039427	-402.036593	-402.00452	-401.984233	
41.17096	-402.039427	-402.036593	-402.00452	-401.984233	
41.18117	-402.039427	-402.036593	-402.00452	-401.984233	
41.19124	-402.039427	-402.036593	-402.00452	-401.984233	
41.20175	-402.039427	-402.036593	-402.00452	-401.984233	
41.21166	-402.039427	-402.036593	-402.00452	-401.984233	
41.22185	-402.039427	-402.036593	-402.00452	-401.984233	
41.23189	-402.039427	-402.036593	-402.00452	-401.984233	
41.2421	-402.039427	-402.036593	-402.00452	-401.984233	
41.25231	-402.039427	-402.036593	-402.00452	-401.984233	
41.26249	-402.039427	-402.036593	-402.00452	-401.984233	
41.27265	-402.039427	-402.036593	-402.00452	-401.984233	
41.28281	-402.039427	-402.036593	-402.00452	-401.984233	
41.29298	-402.039427	-402.036593	-402.00452	-401.984233	
41.30334	-402.039427	-402.036593	-402.00452	-401.984233	
41.31327	-402.039427	-402.036593	-402.00452	-401.984233	
41.32348	-402.039427	-402.036593	-402.00452	-401.984233	
41.33362	-402.039427	-402.036593	-402.00452	-401.984233	
41.34376	-402.039427	-402.036593	-402.00452	-401.984233	
41.35394	-402.039427	-402.036593	-402.00452	-401.984233	
41.36412	-402.039427	-402.036593	-402.00452	-401.984233	
41.37422	-402.039427	-402.036593	-402.00452	-401.984233	
41.38441	-402.039427	-402.036593	-402.00452	-401.984233	
41.39458	-402.039427	-402.036593	-402.00452	-401.984233	
41.40481	-402.039427	-402.036593	-402.00452	-401.984233	
41.41497	-402.039427	-402.036593	-402.00452	-401.984233	
41.42516	-402.039427	-402.036593	-402.00452	-401.984233	
