12.93112	-342.055463	-342.0409	-342.020556	-342.01472	
12.93582	-342.058295	-342.0409	-342.023389	-342.01472	
12.94592	-342.066975	-342.049627	-342.032069	-342.01472	
12.95604	-342.077719	-342.049627	-342.042813	-342.01472	
12.96621	-342.090591	-342.049627	-342.055684	-342.01472	
12.97661	-342.105961	-342.049627	-342.071055	-342.01472	
12.98652	-342.122501	-342.049627	-342.087594	-342.01472	
12.99676	-342.141728	-342.049627	-342.106821	-342.01472	
13.00688	-342.162765	-342.058353	-342.127859	-342.032174	
13.01731	-342.186679	-342.06708	-342.151772	-342.049627	
13.02726	-342.211373	-342.084533	-342.176467	-342.06708	
13.03735	-342.238473	-342.101987	-342.203566	-342.101987	
13.04746	-342.267699	-342.128167	-342.232792	-342.136893	
13.05771	-342.299469	-342.163073	-342.264563	-342.180526	
13.06778	-342.332653	-342.19798	-342.297746	-342.22416	
13.07797	-342.36832	-342.241613	-342.333413	-342.267793	
13.08821	-342.406271	-342.285246	-342.371364	-342.311426	
13.0983	-342.445695	-342.337606	-342.410788	-342.363786	
13.10846	-342.487477	-342.389966	-342.452571	-342.416146	
13.11861	-342.531303	-342.451053	-342.496397	-342.468506	
13.12881	-342.577333	-342.512139	-342.542426	-342.520866	
13.13892	-342.625062	-342.581952	-342.590155	-342.573226	
13.14908	-342.675092	-342.643039	-342.640186	-342.634312	
13.1593	-342.727487	-342.712852	-342.69258	-342.695399	
13.16946	-342.781659	-342.782665	-342.746752	-342.747759	
13.17974	-342.838562	-342.843752	-342.803656	-342.808845	
13.1897	-342.895669	-342.913565	-342.860762	-342.861205	
13.20015	-342.957838	-342.974651	-342.922932	-342.922291	
13.21016	-343.019294	-343.027011	-342.984388	-342.974651	
13.2202	-343.083024	-343.088098	-343.048118	-343.027011	
13.23038	-343.149697	-343.140458	-343.114791	-343.079371	
13.2405	-343.217977	-343.201544	-343.183071	-343.131731	
13.2507	-343.288934	-343.253904	-343.254028	-343.201544	
13.26089	-343.361958	-343.314991	-343.327051	-343.262631	
13.27126	-343.438343	-343.376077	-343.403437	-343.332444	
13.28147	-343.515593	-343.44589	-343.480687	-343.39353	
13.29161	-343.594457	-343.506977	-343.55955	-343.463343	
13.30172	-343.67513	-343.57679	-343.640223	-343.533157	
13.31212	-343.760278	-343.646603	-343.725371	-343.611696	
13.32216	-343.844441	-343.725143	-343.809534	-343.690236	
13.33223	-343.930816	-343.803683	-343.895909	-343.768776	
13.34246	-344.020797	-343.882223	-343.98589	-343.856043	
13.3526	-344.112008	-343.969489	-344.077102	-343.934582	
13.36271	-344.204973	-344.065482	-344.170066	-344.021849	
13.37281	-344.299778	-344.161475	-344.264872	-344.117842	
13.38303	-344.398066	-344.257468	-344.363159	-344.213835	
13.39321	-344.49776	-344.362188	-344.462854	-344.318555	
13.40339	-344.599698	-344.466908	-344.564791	-344.423275	
13.41346	-344.700438	-344.580354	-344.665531	-344.527994	
13.42372	-344.803058	-344.693801	-344.768151	-344.632714	
13.43389	-344.904698	-344.807247	-344.869791	-344.754887	
13.44399	-345.005698	-344.92942	-344.970791	-344.868334	
13.45411	-345.106958	-345.051593	-345.072051	-344.990507	
13.46434	-345.209228	-345.173766	-345.174321	-345.121406	
13.47451	-345.310958	-345.295939	-345.276051	-345.234853	
13.48682	-345.434088	-345.418112	-345.399181	-345.365752	
13.4948	-345.513798	-345.540285	-345.478891	-345.487925	
13.50498	-345.615568	-345.653732	-345.580661	-345.610098	
13.51509	-345.716738	-345.775905	-345.681831	-345.723545	
13.5253	-345.819178	-345.889351	-345.784271	-345.854445	
13.53541	-345.920018	-345.994071	-345.885111	-345.959164	
13.54562	-346.022058	-346.098791	-345.987151	-346.063884	
13.5558	-346.123818	-346.20351	-346.088911	-346.168604	
13.56588	-346.224648	-346.30823	-346.189741	-346.273324	
13.57612	-346.327088	-346.404223	-346.292181	-346.378043	
13.58632	-346.429048	-346.49149	-346.394141	-346.474036	
13.59649	-346.530728	-346.578756	-346.495821	-346.561303	
13.60665	-346.632918	-346.666023	-346.598011	-346.657296	
13.61711	-346.737768	-346.753289	-346.702861	-346.744562	
13.62698	-346.835658	-346.831829	-346.800751	-346.831829	
13.63712	-346.937088	-346.910369	-346.902181	-346.910369	
13.64732	-347.039028	-346.988909	-347.004121	-346.997635	
13.65765	-347.142368	-347.076175	-347.107461	-347.076175	
13.66805	-347.246408	-347.163442	-347.211501	-347.172168	
13.678	-347.345808	-347.250708	-347.310901	-347.250708	
13.68825	-347.448298	-347.346701	-347.413391	-347.346701	
13.69831	-347.548978	-347.442694	-347.514071	-347.442694	
13.70841	-347.649968	-347.547414	-347.615061	-347.538687	
13.71866	-347.752448	-347.643407	-347.717541	-347.643407	
13.72907	-347.856588	-347.756853	-347.821681	-347.7394	
13.73891	-347.954938	-347.8703	-347.920031	-347.852847	
13.74906	-348.056488	-347.983746	-348.021581	-347.957566	
13.75939	-348.159788	-348.105919	-348.124881	-348.071013	
13.76991	-348.264918	-348.228092	-348.230011	-348.175732	
13.77953	-348.361178	-348.350265	-348.326271	-348.297906	
13.78967	-348.462488	-348.472438	-348.427581	-348.411352	
13.79988	-348.564558	-348.594612	-348.529651	-348.524798	
13.80999	-348.665728	-348.708058	-348.630821	-348.638245	
13.82017	-348.767518	-348.821504	-348.732611	-348.751691	
13.83057	-348.871648	-348.943677	-348.836741	-348.856411	
13.84048	-348.970628	-349.048397	-348.935721	-348.961131	
13.85059	-349.071798	-349.153117	-349.036891	-349.06585	
13.86081	-349.173888	-349.257837	-349.138981	-349.179297	
13.8709	-349.274848	-349.35383	-349.239941	-349.27529	
13.88148	-349.380608	-349.449823	-349.345701	-349.38001	
13.89158	-349.481708	-349.537089	-349.446801	-349.476003	
13.90172	-349.583058	-349.624356	-349.548151	-349.563269	
13.91196	-349.685438	-349.711622	-349.650531	-349.659262	
13.92204	-349.786298	-349.798889	-349.751391	-349.746529	
13.93221	-349.887928	-349.868702	-349.853021	-349.833795	
13.94241	-349.989868	-349.955968	-349.954961	-349.921062	
13.95254	-350.091198	-350.043235	-350.056291	-350.008328	
13.96275	-350.193338	-350.130501	-350.158431	-350.086868	
13.97282	-350.294038	-350.217768	-350.259131	-350.174134	
13.98305	-350.396288	-350.305034	-350.361381	-350.252674	
13.99323	-350.498188	-350.401027	-350.463281	-350.339941	
14.00344	-350.600228	-350.505747	-350.565321	-350.435934	
14.01353	-350.701188	-350.60174	-350.666281	-350.531927	
14.02373	-350.803168	-350.70646	-350.768261	-350.636647	
14.03395	-350.905288	-350.81118	-350.870381	-350.73264	
14.04406	-351.006388	-350.924626	-350.971481	-350.846086	
14.05438	-351.109668	-351.038072	-351.074761	-350.950806	
14.06442	-351.210048	-351.160246	-351.175141	-351.055526	
14.0746	-351.311818	-351.264965	-351.276911	-351.168972	
14.08472	-351.413078	-351.387138	-351.378171	-351.291145	
14.09488	-351.514608	-351.509311	-351.479701	-351.404592	
14.10508	-351.616648	-351.614031	-351.581741	-351.526765	
14.11519	-351.717768	-351.736204	-351.682861	-351.648938	
14.12536	-351.819738	-351.849651	-351.784831	-351.771111	
14.13551	-351.920978	-351.963097	-351.886071	-351.893284	
14.1457	-352.022858	-352.067817	-351.987951	-352.00673	
14.15587	-352.124488	-352.172536	-352.089581	-352.128903	
14.16601	-352.225938	-352.277256	-352.191031	-352.24235	
14.17619	-352.327718	-352.381976	-352.292811	-352.347069	
14.18637	-352.429528	-352.469242	-352.394621	-352.451789	
14.19647	-352.530558	-352.573962	-352.495651	-352.556509	
14.20674	-352.633218	-352.661229	-352.598311	-352.661229	
14.21689	-352.734768	-352.757222	-352.699861	-352.748495	
14.22698	-352.835578	-352.844488	-352.800671	-352.835762	
14.23706	-352.936418	-352.940481	-352.901511	-352.940481	
14.24727	-353.038908	-353.027748	-353.004001	-353.027748	
14.25756	-353.141398	-353.115014	-353.106491	-353.115014	
14.26767	-353.242468	-353.202281	-353.207561	-353.193554	
14.27786	-353.344488	-353.289547	-353.309581	-353.289547	
14.28816	-353.447498	-353.38554	-353.412591	-353.368087	
14.29817	-353.547558	-353.481533	-353.512651	-353.46408	
14.30831	-353.648878	-353.5688	-353.613971	-353.551347	
14.31848	-353.750638	-353.67352	-353.715731	-353.64734	
14.3286	-353.851828	-353.778239	-353.816921	-353.743333	
14.34004	-353.966248	-353.891686	-353.931341	-353.865506	
14.35013	-354.067098	-353.996406	-354.032191	-353.970226	
14.3603	-354.168898	-354.109852	-354.133991	-354.074945	
14.37044	-354.270188	-354.223298	-354.235281	-354.188392	
14.38061	-354.371988	-354.345471	-354.337081	-354.301838	
14.39875	-354.553318	-354.546184	-354.518411	-354.493824	
14.41136	-354.679428	-354.694537	-354.644521	-354.642177	
14.41609	-354.726708	-354.755624	-354.691801	-354.685811	
14.42615	-354.827378	-354.860344	-354.792471	-354.799257	
14.43634	-354.929168	-354.982517	-354.894261	-354.903977	
14.4466	-355.031778	-355.095963	-354.996871	-355.017423	
14.45677	-355.133558	-355.200683	-355.098651	-355.122143	
14.46688	-355.234638	-355.296676	-355.199731	-355.226863	
14.47701	-355.335868	-355.401396	-355.300961	-355.322856	
14.48946	-355.460468	-355.497389	-355.425561	-355.418849	
14.49729	-355.538708	-355.593382	-355.503801	-355.523569	
14.50744	-355.640198	-355.680648	-355.605291	-355.610835	
14.51778	-355.743678	-355.767915	-355.708771	-355.706828	
14.52778	-355.843678	-355.863908	-355.808771	-355.802821	
14.538	-355.945768	-355.951174	-355.910861	-355.890088	
14.54809	-356.046728	-356.038441	-356.011821	-355.977354	
14.55823	-356.148068	-356.125707	-356.113161	-356.064621	
14.56846	-356.250468	-356.212974	-356.215561	-356.151887	
14.57859	-356.351728	-356.30024	-356.316821	-356.24788	
14.58869	-356.452698	-356.396233	-356.417791	-356.335147	
14.59888	-356.554628	-356.492226	-356.519721	-356.43114	
14.60905	-356.656338	-356.588219	-356.621431	-356.518406	
14.61927	-356.758488	-356.684213	-356.723581	-356.605673	
14.62943	-356.860438	-356.788932	-356.825531	-356.710393	
14.63951	-356.960888	-356.893652	-356.925981	-356.815112	
14.64968	-357.062628	-356.998372	-357.027721	-356.911105	
14.65988	-357.164588	-357.103092	-357.129681	-357.015825	
14.67028	-357.268608	-357.216538	-357.233701	-357.129272	
14.68021	-357.367888	-357.321258	-357.332981	-357.233991	
14.69035	-357.469298	-357.434704	-357.434391	-357.347438	
14.70042	-357.569958	-357.548151	-357.535051	-357.460884	
14.71062	-357.672078	-357.661597	-357.637171	-357.583057	
14.72918	-357.857718	-357.86231	-357.822811	-357.801223	
14.73379	-357.903688	-357.905943	-357.868781	-357.853583	
14.74406	-358.006398	-358.019389	-357.971491	-357.975756	
14.75415	-358.107348	-358.132836	-358.072441	-358.089203	
14.76425	-358.208348	-358.237556	-358.173441	-358.193922	
14.77441	-358.309958	-358.342275	-358.275051	-358.307369	
14.78463	-358.412098	-358.455722	-358.377191	-358.403362	
14.79476	-358.513388	-358.560442	-358.478481	-358.508082	
14.80492	-358.614958	-358.656435	-358.580051	-358.604075	
14.81512	-358.717028	-358.752428	-358.682121	-358.700068	
14.82527	-358.818518	-358.848421	-358.783611	-358.804788	
14.84336	-358.999378	-359.022954	-358.964471	-358.970594	
14.84809	-359.046708	-359.05786	-359.011801	-359.014227	
14.85817	-359.147548	-359.153853	-359.112641	-359.101494	
14.86829	-359.248748	-359.24112	-359.213841	-359.18876	
14.87848	-359.350678	-359.337113	-359.315771	-359.29348	
14.88883	-359.454128	-359.42438	-359.419221	-359.380746	
14.89893	-359.552121	-359.511646	-359.517215	-359.476739	
14.90907	-359.648561	-359.598912	-359.613654	-359.572732	
14.92766	-359.817239	-359.694906	-359.782333	-359.677452	
14.93235	-359.860003	-359.817079	-359.825097	-359.799625	
14.94257	-359.950511	-359.913072	-359.915604	-359.895618	
14.95271	-360.038479	-360.009065	-360.003573	-360.000338	
14.96283	-360.124209	-360.113785	-360.089303	-360.113785	
14.973	-360.208425	-360.218504	-360.173518	-360.209778	
14.99125	-360.351797	-360.393037	-360.31689	-360.384311	
14.99602	-360.389456	-360.445397	-360.35455	-360.427944	
15.00616	-360.466981	-360.54139	-360.432074	-360.523937	
15.01631	-360.542612	-360.628657	-360.507705	-360.61993	
15.02652	-360.61675	-360.72465	-360.581844	-360.689743	
15.03667	-360.688838	-360.80319	-360.653932	-360.759556	
15.04685	-360.758444	-360.881729	-360.723537	-360.82937	
15.05702	-360.826388	-360.960269	-360.791481	-360.899183	
15.06716	-360.892146	-361.021356	-360.857239	-360.968996	
15.0773	-360.956031	-361.082442	-360.921124	-361.021356	
15.08751	-361.018337	-361.134802	-360.983431	-361.073716	
15.09768	-361.078442	-361.178435	-361.043535	-361.117349	
15.10794	-361.137157	-361.222069	-361.10225	-361.160982	
15.118	-361.192823	-361.265702	-361.157916	-361.195889	
15.12821	-361.247337	-361.300608	-361.21243	-361.239522	
15.13838	-361.299774	-361.335515	-361.264867	-361.283155	
15.14844	-361.349718	-361.370422	-361.314812	-361.318062	
15.15862	-361.398355	-361.396602	-361.363449	-361.352968	
15.16879	-361.444994	-361.431508	-361.410088	-361.387875	
15.17892	-361.489611	-361.466415	-361.454705	-361.422782	
15.18906	-361.532371	-361.492595	-361.497465	-361.457688	
15.19931	-361.573634	-361.527501	-361.538727	-361.483868	
15.20943	-361.612548	-361.562408	-361.577641	-361.527501	
15.21963	-361.649874	-361.597314	-361.614967	-361.562408	
15.22966	-361.684792	-361.640948	-361.649886	-361.597314	
15.23986	-361.718417	-361.684581	-361.683511	-361.632221	
15.25818	-361.771468	-361.763121	-361.736561	-361.710761	
15.26286	-361.7852	-361.780574	-361.750294	-361.736941	
15.27306	-361.812856	-361.824207	-361.777949	-361.771847	
15.28339	-361.839029	-361.86784	-361.804123	-361.806754	
15.29333	-361.862534	-361.911474	-361.827628	-361.841661	
15.30353	-361.884883	-361.94638	-361.849977	-361.876567	
15.31373	-361.9055	-361.97256	-361.870593	-361.911474	
15.32388	-361.924328	-362.007467	-361.889422	-361.94638	
15.334	-361.941433	-362.02492	-361.906527	-361.963834	
15.34421	-361.957033	-362.0511	-361.922127	-361.990014	
15.35443	-361.971013	-362.059827	-361.936107	-362.007467	
15.3645	-361.983275	-362.07728	-361.948369	-362.016193	
15.37462	-361.994076	-362.07728	-361.959169	-362.033647	
15.38503	-362.003642	-362.07728	-361.968736	-362.033647	
15.39496	-362.011464	-362.068553	-361.976558	-362.033647	
15.40514	-362.018144	-362.059827	-361.983238	-362.033647	
15.41525	-362.023568	-362.0511	-361.988662	-362.02492	
15.42554	-362.027935	-362.033647	-361.993028	-362.016193	
15.43566	-362.031263	-362.016193	-361.996356	-362.016193	
15.4458	-362.033751	-362.016193	-361.998844	-362.007467	
15.456	-362.039427	-361.99874	-362.00452	-361.99874	
15.46613	-362.039427	-361.99874	-362.00452	-361.990014	
15.47628	-362.039427	-361.990014	-362.00452	-361.981287	
15.48639	-362.039427	-361.990014	-362.00452	-361.981287	
15.49746	-362.039427	-361.981287	-362.00452	-361.981287	
15.50757	-362.039427	-361.981287	-362.00452	-361.981287	
15.51769	-362.039427	-361.990014	-362.00452	-361.981287	
15.52792	-362.039427	-361.990014	-362.00452	-361.990014	
15.5382	-362.039427	-361.99874	-362.00452	-361.99874	
15.54823	-362.039427	-362.007467	-362.00452	-361.99874	
15.55832	-362.039427	-362.016193	-362.00452	-361.99874	
15.56852	-362.039427	-362.033647	-362.00452	-362.007467	
15.57871	-362.039427	-362.042373	-362.00452	-362.016193	
15.58884	-362.039427	-362.059827	-362.00452	-362.016193	
15.59901	-362.039427	-362.068553	-362.00452	-362.016193	
15.60915	-362.039427	-362.07728	-362.00452	-362.016193	
15.61934	-362.039427	-362.086007	-362.00452	-362.016193	
15.62951	-362.039427	-362.086007	-362.00452	-362.016193	
15.63964	-362.039427	-362.086007	-362.00452	-362.016193	
15.64977	-362.039427	-362.086007	-362.00452	-362.016193	
15.65996	-362.039427	-362.086007	-362.00452	-362.016193	
15.6701	-362.039427	-362.07728	-362.00452	-362.016193	
15.68029	-362.039427	-362.068553	-362.00452	-362.016193	
15.69048	-362.039427	-362.0511	-362.00452	-362.016193	
15.70053	-362.039427	-362.0511	-362.00452	-362.016193	
15.71888	-362.039427	-362.02492	-362.00452	-362.016193	
15.72359	-362.039427	-362.02492	-362.00452	-362.016193	
15.73366	-362.039427	-362.016193	-362.00452	-362.016193	
15.74386	-362.039427	-362.007467	-362.00452	-362.016193	
15.75404	-362.039427	-361.99874	-362.00452	-362.016193	
15.76414	-362.039427	-361.99874	-362.00452	-362.016193	
15.77426	-362.039427	-361.99874	-362.00452	-362.016193	
15.78449	-362.039427	-361.99874	-362.00452	-362.016193	
15.7946	-362.039427	-362.007467	-362.00452	-362.016193	
15.80475	-362.039427	-362.016193	-362.00452	-362.016193	
15.81495	-362.039427	-362.02492	-362.00452	-362.016193	
15.82512	-362.039427	-362.033647	-362.00452	-362.016193	
15.83527	-362.039427	-362.042373	-362.00452	-362.016193	
15.8454	-362.039427	-362.0511	-362.00452	-362.016193	
15.85793	-362.039427	-362.059827	-362.00452	-362.016193	
15.8677	-362.039427	-362.068553	-362.00452	-362.016193	
15.87791	-362.039427	-362.068553	-362.00452	-362.016193	
15.88831	-362.039427	-362.068553	-362.00452	-362.016193	
15.89825	-362.039427	-362.068553	-362.00452	-362.016193	
15.9083	-362.039427	-362.068553	-362.00452	-362.016193	
15.91848	-362.039427	-362.068553	-362.00452	-362.016193	
15.92871	-362.039427	-362.059827	-362.00452	-362.016193	
15.93883	-362.039427	-362.059827	-362.00452	-362.016193	
15.94897	-362.039427	-362.0511	-362.00452	-362.016193	
15.95911	-362.039427	-362.0511	-362.00452	-362.016193	
15.97756	-362.039427	-362.042373	-362.00452	-362.016193	
15.98218	-362.039427	-362.042373	-362.00452	-362.016193	
15.99241	-362.039427	-362.042373	-362.00452	-362.016193	
16.00258	-362.039427	-362.042373	-362.00452	-362.016193	
16.01264	-362.039427	-362.0511	-362.00452	-362.016193	
16.02287	-362.039427	-362.0511	-362.00452	-362.016193	
16.03308	-362.039427	-362.0511	-362.00452	-362.016193	
16.04317	-362.039427	-362.0511	-362.00452	-362.016193	
16.05337	-362.039427	-362.0511	-362.00452	-362.016193	
16.06357	-362.039427	-362.0511	-362.00452	-362.016193	
16.07376	-362.039427	-362.0511	-362.00452	-362.016193	
16.08392	-362.039427	-362.0511	-362.00452	-362.016193	
16.094	-362.039427	-362.0511	-362.00452	-362.016193	
16.10431	-362.039427	-362.0511	-362.00452	-362.016193	
16.11447	-362.039427	-362.0511	-362.00452	-362.016193	
16.12452	-362.039427	-362.0511	-362.00452	-362.016193	
16.13479	-362.039427	-362.0511	-362.00452	-362.016193	
16.14488	-362.039427	-362.0511	-362.00452	-362.016193	
16.15504	-362.039427	-362.0511	-362.00452	-362.016193	
16.16519	-362.039427	-362.0511	-362.00452	-362.016193	
16.17529	-362.039427	-362.0511	-362.00452	-362.016193	
16.18556	-362.039427	-362.0511	-362.00452	-362.016193	
16.1957	-362.039427	-362.0511	-362.00452	-362.016193	
16.20582	-362.039427	-362.0511	-362.00452	-362.016193	
16.21602	-362.039427	-362.0511	-362.00452	-362.016193	
16.22619	-362.039427	-362.0511	-362.00452	-362.016193	
16.23626	-362.039427	-362.0511	-362.00452	-362.016193	
16.24645	-362.039427	-362.0511	-362.00452	-362.016193	
16.25662	-362.039427	-362.0511	-362.00452	-362.016193	
16.26685	-362.039427	-362.0511	-362.00452	-362.016193	
16.27695	-362.039427	-362.0511	-362.00452	-362.016193	
16.2871	-362.039427	-362.0511	-362.00452	-362.016193	
16.2973	-362.039427	-362.0511	-362.00452	-362.016193	
16.30741	-362.039427	-362.0511	-362.00452	-362.016193	
16.3176	-362.039427	-362.0511	-362.00452	-362.016193	
16.32771	-362.039427	-362.0511	-362.00452	-362.016193	
16.33793	-362.039427	-362.0511	-362.00452	-362.016193	
16.3481	-362.039427	-362.0511	-362.00452	-362.016193	
16.35822	-362.039427	-362.0511	-362.00452	-362.016193	
16.3684	-362.039427	-362.0511	-362.00452	-362.016193	
16.37856	-362.039427	-362.0511	-362.00452	-362.016193	
16.38891	-362.039427	-362.0511	-362.00452	-362.016193	
16.39887	-362.039427	-362.0511	-362.00452	-362.016193	
16.40899	-362.039427	-362.0511	-362.00452	-362.016193	
16.41921	-362.039427	-362.0511	-362.00452	-362.016193	
16.42937	-362.039427	-362.0511	-362.00452	-362.016193	
16.43947	-362.039427	-362.0511	-362.00452	-362.016193	
16.44973	-362.039427	-362.0511	-362.00452	-362.016193	
16.45982	-362.039427	-362.0511	-362.00452	-362.016193	
16.46995	-362.039427	-362.0511	-362.00452	-362.016193	
16.48017	-362.039427	-362.0511	-362.00452	-362.016193	
16.49247	-362.039427	-362.0511	-362.00452	-362.016193	
16.50039	-362.039427	-362.0511	-362.00452	-362.016193	
16.51052	-362.039427	-362.0511	-362.00452	-362.016193	
16.52862	-362.039427	-362.0511	-362.00452	-362.016193	
16.53322	-362.039427	-362.0511	-362.00452	-362.016193	
16.54345	-362.039427	-362.0511	-362.00452	-362.016193	
16.56166	-362.039427	-362.0511	-362.00452	-362.016193	
16.56629	-362.039427	-362.0511	-362.00452	-362.016193	
16.57645	-362.039427	-362.0511	-362.00452	-362.016193	
16.58666	-362.039427	-362.0511	-362.00452	-362.016193	
16.59676	-362.039427	-362.0511	-362.00452	-362.016193	
16.60696	-362.039427	-362.0511	-362.00452	-362.016193	
16.61712	-362.039427	-362.0511	-362.00452	-362.016193	
16.62724	-362.039427	-362.0511	-362.00452	-362.016193	
16.63737	-362.039427	-362.0511	-362.00452	-362.016193	
16.64754	-362.039427	-362.0511	-362.00452	-362.016193	
16.65799	-362.039427	-362.0511	-362.00452	-362.016193	
16.668	-362.039427	-362.0511	-362.00452	-362.016193	
16.6781	-362.039427	-362.0511	-362.00452	-362.016193	
16.68833	-362.039427	-362.0511	-362.00452	-362.016193	
16.69843	-362.039427	-362.0511	-362.00452	-362.016193	
16.70852	-362.039427	-362.0511	-362.00452	-362.016193	
16.71874	-362.039427	-362.0511	-362.00452	-362.016193	
16.72884	-362.039427	-362.0511	-362.00452	-362.016193	
16.73901	-362.039427	-362.0511	-362.00452	-362.016193	
16.74923	-362.039427	-362.0511	-362.00452	-362.016193	
16.75944	-362.039427	-362.0511	-362.00452	-362.016193	
16.76959	-362.039427	-362.0511	-362.00452	-362.016193	
16.77979	-362.039427	-362.0511	-362.00452	-362.016193	
16.78986	-362.039427	-362.0511	-362.00452	-362.016193	
16.80005	-362.039427	-362.0511	-362.00452	-362.016193	
16.81021	-362.039427	-362.0511	-362.00452	-362.016193	
16.82032	-362.039427	-362.0511	-362.00452	-362.016193	
16.83049	-362.039427	-362.0511	-362.00452	-362.016193	
16.84066	-362.039427	-362.0511	-362.00452	-362.016193	
16.85896	-362.039427	-362.0511	-362.00452	-362.016193	
16.86382	-362.039427	-362.0511	-362.00452	-362.016193	
16.87397	-362.039427	-362.0511	-362.00452	-362.016193	
16.88414	-362.039427	-362.0511	-362.00452	-362.016193	
16.89435	-362.039427	-362.0511	-362.00452	-362.016193	
16.90452	-362.039427	-362.0511	-362.00452	-362.016193	
16.9147	-362.039427	-362.0511	-362.00452	-362.016193	
16.92484	-362.039427	-362.0511	-362.00452	-362.016193	
16.93503	-362.039427	-362.0511	-362.00452	-362.016193	
16.94517	-362.039427	-362.0511	-362.00452	-362.016193	
16.95527	-362.039427	-362.0511	-362.00452	-362.016193	
16.96564	-362.039427	-362.0511	-362.00452	-362.016193	
16.97555	-362.039427	-362.0511	-362.00452	-362.016193	
16.9858	-362.039427	-362.0511	-362.00452	-362.016193	
16.99591	-362.039427	-362.0511	-362.00452	-362.016193	
17.00605	-362.039427	-362.0511	-362.00452	-362.016193	
17.01626	-362.039427	-362.0511	-362.00452	-362.016193	
17.02641	-362.039427	-362.0511	-362.00452	-362.016193	
17.0365	-362.039427	-362.0511	-362.00452	-362.016193	
17.04677	-362.039427	-362.0511	-362.00452	-362.016193	
17.05688	-362.039427	-362.0511	-362.00452	-362.016193	
17.06704	-362.039427	-362.0511	-362.00452	-362.016193	
17.0772	-362.039427	-362.0511	-362.00452	-362.016193	
17.08736	-362.039427	-362.0511	-362.00452	-362.016193	
17.09752	-362.039427	-362.0511	-362.00452	-362.016193	
17.1077	-362.039427	-362.0511	-362.00452	-362.016193	
17.11787	-362.039427	-362.0511	-362.00452	-362.016193	
17.12803	-362.039427	-362.0511	-362.00452	-362.016193	
17.13821	-362.039427	-362.0511	-362.00452	-362.016193	
17.14828	-362.039427	-362.0511	-362.00452	-362.016193	
17.15843	-362.039427	-362.0511	-362.00452	-362.016193	
17.16862	-362.039427	-362.0511	-362.00452	-362.016193	
17.17878	-362.039427	-362.0511	-362.00452	-362.016193	
17.18892	-362.039427	-362.0511	-362.00452	-362.016193	
17.19908	-362.039427	-362.0511	-362.00452	-362.016193	
17.2093	-362.039427	-362.0511	-362.00452	-362.016193	
17.21944	-362.039427	-362.0511	-362.00452	-362.016193	
17.22957	-362.039427	-362.0511	-362.00452	-362.016193	
17.23973	-362.039427	-362.0511	-362.00452	-362.016193	
17.25007	-362.039427	-362.0511	-362.00452	-362.016193	
17.26023	-362.039427	-362.0511	-362.00452	-362.016193	
17.2704	-362.039427	-362.0511	-362.00452	-362.016193	
17.28069	-362.039427	-362.0511	-362.00452	-362.016193	
17.29873	-362.039427	-362.0511	-362.00452	-362.016193	
17.30335	-362.039427	-362.0511	-362.00452	-362.016193	
17.31355	-362.039427	-362.0511	-362.00452	-362.016193	
17.32368	-362.039427	-362.0511	-362.00452	-362.016193	
17.33386	-362.039427	-362.0511	-362.00452	-362.016193	
17.34406	-362.039427	-362.0511	-362.00452	-362.016193	
17.35422	-362.039427	-362.0511	-362.00452	-362.016193	
17.36432	-362.039427	-362.0511	-362.00452	-362.016193	
17.37444	-362.039427	-362.0511	-362.00452	-362.016193	
17.38474	-362.039427	-362.0511	-362.00452	-362.016193	
17.39485	-362.039427	-362.0511	-362.00452	-362.016193	
17.40499	-362.039427	-362.0511	-362.00452	-362.016193	
17.41511	-362.039427	-362.0511	-362.00452	-362.016193	
17.42573	-362.039427	-362.0511	-362.00452	-362.016193	
17.43546	-362.039427	-362.0511	-362.00452	-362.016193	
17.44561	-362.039427	-362.0511	-362.00452	-362.016193	
17.45577	-362.039427	-362.0511	-362.00452	-362.016193	
17.46598	-362.039427	-362.0511	-362.00452	-362.016193	
17.4762	-362.039427	-362.0511	-362.00452	-362.016193	
17.48629	-362.039427	-362.0511	-362.00452	-362.016193	
17.50603	-362.039427	-362.0511	-362.00452	-362.016193	
17.51074	-362.039427	-362.0511	-362.00452	-362.016193	
17.52092	-362.039427	-362.0511	-362.00452	-362.016193	
17.53136	-362.039427	-362.0511	-362.00452	-362.016193	
17.54144	-362.039427	-362.0511	-362.00452	-362.016193	
17.5516	-362.039427	-362.0511	-362.00452	-362.016193	
17.56184	-362.039427	-362.0511	-362.00452	-362.016193	
17.57192	-362.039427	-362.0511	-362.00452	-362.016193	
17.58211	-362.039427	-362.0511	-362.00452	-362.016193	
17.59234	-362.039427	-362.0511	-362.00452	-362.016193	
17.60245	-362.039427	-362.0511	-362.00452	-362.016193	
17.61257	-362.039427	-362.0511	-362.00452	-362.016193	
17.62273	-362.039427	-362.0511	-362.00452	-362.016193	
17.63295	-362.039427	-362.0511	-362.00452	-362.016193	
17.64309	-362.039427	-362.0511	-362.00452	-362.016193	
17.65323	-362.039427	-362.0511	-362.00452	-362.016193	
17.66341	-362.039427	-362.0511	-362.00452	-362.016193	
17.67359	-362.039427	-362.0511	-362.00452	-362.016193	
17.68379	-362.039427	-362.0511	-362.00452	-362.016193	
17.6939	-362.039427	-362.0511	-362.00452	-362.016193	
17.70406	-362.039427	-362.0511	-362.00452	-362.016193	
17.71429	-362.039427	-362.0511	-362.00452	-362.016193	
17.72439	-362.039427	-362.0511	-362.00452	-362.016193	
17.7345	-362.039427	-362.0511	-362.00452	-362.016193	
17.74476	-362.039427	-362.0511	-362.00452	-362.016193	
17.75486	-362.039427	-362.0511	-362.00452	-362.016193	
17.76502	-362.039427	-362.0511	-362.00452	-362.016193	
17.77513	-362.039427	-362.0511	-362.00452	-362.016193	
17.78538	-362.039427	-362.0511	-362.00452	-362.016193	
17.79571	-362.039427	-362.0511	-362.00452	-362.016193	
17.80566	-362.039427	-362.0511	-362.00452	-362.016193	
17.81586	-362.039427	-362.0511	-362.00452	-362.016193	
17.82606	-362.039427	-362.0511	-362.00452	-362.016193	
17.83623	-362.039427	-362.0511	-362.00452	-362.016193	
17.84637	-362.039427	-362.0511	-362.00452	-362.016193	
17.85656	-362.039427	-362.0511	-362.00452	-362.016193	
17.86676	-362.039427	-362.0511	-362.00452	-362.016193	
17.87682	-362.039427	-362.0511	-362.00452	-362.016193	
17.88703	-362.039427	-362.0511	-362.00452	-362.016193	
17.89719	-362.039427	-362.0511	-362.00452	-362.016193	
17.9073	-362.039427	-362.0511	-362.00452	-362.016193	
17.91747	-362.039427	-362.0511	-362.00452	-362.016193	
17.92763	-362.039427	-362.0511	-362.00452	-362.016193	
17.9379	-362.039427	-362.0511	-362.00452	-362.016193	
17.94799	-362.039427	-362.0511	-362.00452	-362.016193	
17.95811	-362.039427	-362.0511	-362.00452	-362.016193	
17.96833	-362.039427	-362.0511	-362.00452	-362.016193	
17.97843	-362.039427	-362.0511	-362.00452	-362.016193	
17.98856	-362.039427	-362.0511	-362.00452	-362.016193	
17.99872	-362.039427	-362.0511	-362.00452	-362.016193	
18.0089	-362.039427	-362.0511	-362.00452	-362.016193	
18.01916	-362.039427	-362.0511	-362.00452	-362.016193	
18.02925	-362.039427	-362.0511	-362.00452	-362.016193	
18.0394	-362.039427	-362.0511	-362.00452	-362.016193	
18.04959	-362.039427	-362.0511	-362.00452	-362.016193	
18.06045	-362.039427	-362.0511	-362.00452	-362.016193	
18.06982	-362.039427	-362.0511	-362.00452	-362.016193	
18.0802	-362.039427	-362.0511	-362.00452	-362.016193	
18.09016	-362.039427	-362.0511	-362.00452	-362.016193	
18.10037	-362.039427	-362.0511	-362.00452	-362.016193	
18.11049	-362.039427	-362.0511	-362.00452	-362.016193	
18.1208	-362.039427	-362.0511	-362.00452	-362.016193	
18.13091	-362.039427	-362.0511	-362.00452	-362.016193	
18.14101	-362.039427	-362.0511	-362.00452	-362.016193	
18.15116	-362.039427	-362.0511	-362.00452	-362.016193	
18.16143	-362.039427	-362.0511	-362.00452	-362.016193	
18.17154	-362.039427	-362.0511	-362.00452	-362.016193	
18.18181	-362.039427	-362.0511	-362.00452	-362.016193	
18.19189	-362.039427	-362.0511	-362.00452	-362.016193	
18.20207	-362.039427	-362.0511	-362.00452	-362.016193	
18.2123	-362.039427	-362.0511	-362.00452	-362.016193	
18.22243	-362.039427	-362.0511	-362.00452	-362.016193	
18.2326	-362.039427	-362.0511	-362.00452	-362.016193	
18.24283	-362.039427	-362.0511	-362.00452	-362.016193	
18.25293	-362.039427	-362.0511	-362.00452	-362.016193	
18.26312	-362.039427	-362.0511	-362.00452	-362.016193	
18.27345	-362.039427	-362.0511	-362.00452	-362.016193	
18.28361	-362.039427	-362.0511	-362.00452	-362.016193	
18.29373	-362.039427	-362.0511	-362.00452	-362.016193	
18.30393	-362.039427	-362.0511	-362.00452	-362.016193	
18.31411	-362.039427	-362.0511	-362.00452	-362.016193	
18.32432	-362.039427	-362.0511	-362.00452	-362.016193	
18.33442	-362.039427	-362.0511	-362.00452	-362.016193	
18.34465	-362.039427	-362.0511	-362.00452	-362.016193	
18.3548	-362.039427	-362.0511	-362.00452	-362.016193	
18.36492	-362.039427	-362.0511	-362.00452	-362.016193	
18.37506	-362.039427	-362.0511	-362.00452	-362.016193	
18.38525	-362.039427	-362.0511	-362.00452	-362.016193	
18.39544	-362.039427	-362.0511	-362.00452	-362.016193	
18.40556	-362.039427	-362.0511	-362.00452	-362.016193	
18.41572	-362.039427	-362.0511	-362.00452	-362.016193	
18.42595	-362.039427	-362.0511	-362.00452	-362.016193	
18.43607	-362.039427	-362.0511	-362.00452	-362.016193	
18.4462	-362.039427	-362.0511	-362.00452	-362.016193	
18.45645	-362.039427	-362.0511	-362.00452	-362.016193	
18.46657	-362.039427	-362.0511	-362.00452	-362.016193	
18.47667	-362.039427	-362.0511	-362.00452	-362.016193	
18.48682	-362.039427	-362.0511	-362.00452	-362.016193	
18.4997	-362.039427	-362.0511	-362.00452	-362.016193	
18.50715	-362.039427	-362.0511	-362.00452	-362.016193	
18.51728	-362.039427	-362.0511	-362.00452	-362.016193	
18.52745	-362.039427	-362.0511	-362.00452	-362.016193	
18.53767	-362.039427	-362.0511	-362.00452	-362.016193	
18.54791	-362.039427	-362.0511	-362.00452	-362.016193	
18.558	-362.039427	-362.0511	-362.00452	-362.016193	
18.56811	-362.039427	-362.0511	-362.00452	-362.016193	
18.5783	-362.039427	-362.0511	-362.00452	-362.016193	
18.58842	-362.039427	-362.0511	-362.00452	-362.016193	
18.59858	-362.039427	-362.0511	-362.00452	-362.016193	
18.60874	-362.039427	-362.0511	-362.00452	-362.016193	
18.61893	-362.039427	-362.0511	-362.00452	-362.016193	
18.62903	-362.039427	-362.0511	-362.00452	-362.016193	
18.63926	-362.039427	-362.0511	-362.00452	-362.016193	
18.64945	-362.039427	-362.0511	-362.00452	-362.016193	
18.65965	-362.039427	-362.0511	-362.00452	-362.016193	
18.66969	-362.039427	-362.0511	-362.00452	-362.016193	
18.67986	-362.039427	-362.0511	-362.00452	-362.016193	
18.69007	-362.039427	-362.0511	-362.00452	-362.016193	
18.70016	-362.039427	-362.0511	-362.00452	-362.016193	
18.71035	-362.039427	-362.0511	-362.00452	-362.016193	
18.72055	-362.039427	-362.0511	-362.00452	-362.016193	
18.73066	-362.039427	-362.0511	-362.00452	-362.016193	
18.74879	-362.039427	-362.0511	-362.00452	-362.016193	
18.75346	-362.039427	-362.0511	-362.00452	-362.016193	
18.76359	-362.039427	-362.0511	-362.00452	-362.016193	
18.7737	-362.039427	-362.0511	-362.00452	-362.016193	
18.7839	-362.039427	-362.0511	-362.00452	-362.016193	
18.79414	-362.039427	-362.0511	-362.00452	-362.016193	
18.8043	-362.039427	-362.0511	-362.00452	-362.016193	
18.81439	-362.039427	-362.0511	-362.00452	-362.016193	
18.82462	-362.039427	-362.0511	-362.00452	-362.016193	
18.83478	-362.039427	-362.0511	-362.00452	-362.016193	
18.8451	-362.039427	-362.0511	-362.00452	-362.016193	
18.85512	-362.039427	-362.0511	-362.00452	-362.016193	
18.86528	-362.039427	-362.0511	-362.00452	-362.016193	
18.87537	-362.039427	-362.0511	-362.00452	-362.016193	
18.88553	-362.039427	-362.0511	-362.00452	-362.016193	
18.89572	-362.039427	-362.0511	-362.00452	-362.016193	
18.90597	-362.039427	-362.0511	-362.00452	-362.016193	
18.91608	-362.039427	-362.0511	-362.00452	-362.016193	
18.92624	-362.039427	-362.0511	-362.00452	-362.016193	
18.93646	-362.039427	-362.0511	-362.00452	-362.016193	
18.95486	-362.039427	-362.0511	-362.00452	-362.016193	
18.95953	-362.039427	-362.0511	-362.00452	-362.016193	
18.96968	-362.039427	-362.0511	-362.00452	-362.016193	
18.97983	-362.039427	-362.0511	-362.00452	-362.016193	
18.99002	-362.039427	-362.0511	-362.00452	-362.016193	
19.00014	-362.039427	-362.0511	-362.00452	-362.016193	
19.01026	-362.039427	-362.0511	-362.00452	-362.016193	
19.02048	-362.039427	-362.0511	-362.00452	-362.016193	
19.03062	-362.039427	-362.0511	-362.00452	-362.016193	
19.04881	-362.039427	-362.0511	-362.00452	-362.016193	
19.05345	-362.039427	-362.0511	-362.00452	-362.016193	
19.06365	-362.039427	-362.0511	-362.00452	-362.016193	
19.07379	-362.039427	-362.0511	-362.00452	-362.016193	
19.09183	-362.039427	-362.0511	-362.00452	-362.016193	
19.09653	-362.039427	-362.0511	-362.00452	-362.016193	
19.10664	-362.039427	-362.0511	-362.00452	-362.016193	
19.11677	-362.039427	-362.0511	-362.00452	-362.016193	
19.12695	-362.039427	-362.0511	-362.00452	-362.016193	
19.13715	-362.039427	-362.0511	-362.00452	-362.016193	
19.14726	-362.039427	-362.0511	-362.00452	-362.016193	
19.15741	-362.039427	-362.0511	-362.00452	-362.016193	
19.16753	-362.039427	-362.0511	-362.00452	-362.016193	
19.17769	-362.039427	-362.0511	-362.00452	-362.016193	
19.18791	-362.039427	-362.0511	-362.00452	-362.016193	
19.19806	-362.039427	-362.0511	-362.00452	-362.016193	
19.20817	-362.039427	-362.0511	-362.00452	-362.016193	
19.21862	-362.039427	-362.0511	-362.00452	-362.016193	
19.2285	-362.039427	-362.0511	-362.00452	-362.016193	
19.23867	-362.039427	-362.0511	-362.00452	-362.016193	
19.24884	-362.039427	-362.0511	-362.00452	-362.016193	
19.25899	-362.039427	-362.0511	-362.00452	-362.016193	
19.26914	-362.039427	-362.0511	-362.00452	-362.016193	
19.27941	-362.039427	-362.0511	-362.00452	-362.016193	
19.2895	-362.039427	-362.0511	-362.00452	-362.016193	
19.29967	-362.039427	-362.0511	-362.00452	-362.016193	
19.30973	-362.039427	-362.0511	-362.00452	-362.016193	
19.31994	-362.039427	-362.0511	-362.00452	-362.016193	
19.34001	-362.039427	-362.0511	-362.00452	-362.016193	
19.34468	-362.039427	-362.0511	-362.00452	-362.016193	
19.35486	-362.039427	-362.0511	-362.00452	-362.016193	
19.36491	-362.039427	-362.0511	-362.00452	-362.016193	
19.37509	-362.039427	-362.0511	-362.00452	-362.016193	
19.38534	-362.039427	-362.0511	-362.00452	-362.016193	
19.39545	-362.039427	-362.0511	-362.00452	-362.016193	
19.40559	-362.039427	-362.0511	-362.00452	-362.016193	
19.41571	-362.039427	-362.0511	-362.00452	-362.016193	
19.42596	-362.039427	-362.0511	-362.00452	-362.016193	
19.43609	-362.039427	-362.0511	-362.00452	-362.016193	
19.44626	-362.039427	-362.0511	-362.00452	-362.016193	
19.45645	-362.039427	-362.0511	-362.00452	-362.016193	
19.46662	-362.039427	-362.0511	-362.00452	-362.016193	
19.47674	-362.039427	-362.0511	-362.00452	-362.016193	
19.48684	-362.039427	-362.0511	-362.00452	-362.016193	
19.4977	-362.039427	-362.0511	-362.00452	-362.016193	
19.5072	-362.039427	-362.0511	-362.00452	-362.016193	
19.51731	-362.039427	-362.0511	-362.00452	-362.016193	
19.52746	-362.039427	-362.0511	-362.00452	-362.016193	
19.53767	-362.039427	-362.0511	-362.00452	-362.016193	
19.54789	-362.039427	-362.0511	-362.00452	-362.016193	
19.558	-362.039427	-362.0511	-362.00452	-362.016193	
19.56814	-362.039427	-362.0511	-362.00452	-362.016193	
19.57831	-362.039427	-362.0511	-362.00452	-362.016193	
19.58846	-362.039427	-362.0511	-362.00452	-362.016193	
19.59858	-362.039427	-362.0511	-362.00452	-362.016193	
19.60874	-362.039427	-362.0511	-362.00452	-362.016193	
19.61895	-362.039427	-362.0511	-362.00452	-362.016193	
19.62905	-362.039427	-362.0511	-362.00452	-362.016193	
19.63929	-362.039427	-362.0511	-362.00452	-362.016193	
19.64946	-362.039427	-362.0511	-362.00452	-362.016193	
19.65964	-362.039427	-362.0511	-362.00452	-362.016193	
19.6699	-362.039427	-362.0511	-362.00452	-362.016193	
19.68005	-362.039427	-362.0511	-362.00452	-362.016193	
19.69813	-362.039427	-362.0511	-362.00452	-362.016193	
19.70275	-362.039427	-362.0511	-362.00452	-362.016193	
19.71292	-362.039427	-362.0511	-362.00452	-362.016193	
19.7231	-362.039427	-362.0511	-362.00452	-362.016193	
19.73319	-362.039427	-362.0511	-362.00452	-362.016193	
19.7434	-362.039427	-362.0511	-362.00452	-362.016193	
19.75358	-362.039427	-362.0511	-362.00452	-362.016193	
19.76372	-362.039427	-362.0511	-362.00452	-362.016193	
19.77382	-362.039427	-362.0511	-362.00452	-362.016193	
19.78406	-362.039427	-362.0511	-362.00452	-362.016193	
19.79426	-362.039427	-362.0511	-362.00452	-362.016193	
19.80445	-362.039427	-362.0511	-362.00452	-362.016193	
19.81457	-362.039427	-362.0511	-362.00452	-362.016193	
19.82476	-362.039427	-362.0511	-362.00452	-362.016193	
19.83498	-362.039427	-362.0511	-362.00452	-362.016193	
19.84507	-362.039427	-362.0511	-362.00452	-362.016193	
19.85526	-362.039427	-362.0511	-362.00452	-362.016193	
19.86542	-362.039427	-362.0511	-362.00452	-362.016193	
19.87555	-362.039427	-362.0511	-362.00452	-362.016193	
19.88571	-362.039427	-362.0511	-362.00452	-362.016193	
19.8959	-362.039427	-362.0511	-362.00452	-362.016193	
19.90619	-362.039427	-362.0511	-362.00452	-362.016193	
19.91624	-362.039427	-362.0511	-362.00452	-362.016193	
19.92641	-362.039427	-362.0511	-362.00452	-362.016193	
19.93665	-362.039427	-362.0511	-362.00452	-362.016193	
19.94677	-362.039427	-362.0511	-362.00452	-362.016193	
19.95689	-362.039427	-362.0511	-362.00452	-362.016193	
19.96705	-362.039427	-362.0511	-362.00452	-362.016193	
19.97718	-362.039427	-362.0511	-362.00452	-362.016193	
19.98731	-362.039427	-362.0511	-362.00452	-362.016193	
19.99751	-362.039427	-362.0511	-362.00452	-362.016193	
20.00766	-362.039427	-362.0511	-362.00452	-362.016193	
20.01777	-362.039427	-362.0511	-362.00452	-362.016193	
20.028	-362.039427	-362.0511	-362.00452	-362.016193	
20.03815	-362.039427	-362.0511	-362.00452	-362.016193	
20.04827	-362.039427	-362.0511	-362.00452	-362.016193	
20.0584	-362.039427	-362.0511	-362.00452	-362.016193	
20.0686	-362.039427	-362.0511	-362.00452	-362.016193	
20.07875	-362.039427	-362.0511	-362.00452	-362.016193	
20.08898	-362.039427	-362.0511	-362.00452	-362.016193	
20.09913	-362.039427	-362.0511	-362.00452	-362.016193	
20.10928	-362.039427	-362.0511	-362.00452	-362.016193	
20.1195	-362.039427	-362.0511	-362.00452	-362.016193	
20.12965	-362.039427	-362.0511	-362.00452	-362.016193	
20.1397	-362.039427	-362.0511	-362.00452	-362.016193	
20.14986	-362.039427	-362.0511	-362.00452	-362.016193	
20.16006	-362.039427	-362.0511	-362.00452	-362.016193	
20.17025	-362.039427	-362.0511	-362.00452	-362.016193	
20.1804	-362.039427	-362.0511	-362.00452	-362.016193	
20.19051	-362.039427	-362.0511	-362.00452	-362.016193	
20.20078	-362.039427	-362.0511	-362.00452	-362.016193	
20.21098	-362.039427	-362.0511	-362.00452	-362.016193	
20.2214	-362.039427	-362.0511	-362.00452	-362.016193	
20.23142	-362.039427	-362.0511	-362.00452	-362.016193	
20.24163	-362.039427	-362.0511	-362.00452	-362.016193	
20.25179	-362.039427	-362.0511	-362.00452	-362.016193	
20.26194	-362.039427	-362.0511	-362.00452	-362.016193	
20.27211	-362.039427	-362.0511	-362.00452	-362.016193	
20.28231	-362.039427	-362.0511	-362.00452	-362.016193	
20.30063	-362.039427	-362.0511	-362.00452	-362.016193	
20.30588	-362.039427	-362.0511	-362.00452	-362.016193	
20.31581	-362.039427	-362.0511	-362.00452	-362.016193	
20.32593	-362.039427	-362.0511	-362.00452	-362.016193	
20.33611	-362.039427	-362.0511	-362.00452	-362.016193	
20.34633	-362.039427	-362.0511	-362.00452	-362.016193	
20.35655	-362.039427	-362.0511	-362.00452	-362.016193	
20.36674	-362.039427	-362.0511	-362.00452	-362.016193	
20.37685	-362.039427	-362.0511	-362.00452	-362.016193	
20.38706	-362.039427	-362.0511	-362.00452	-362.016193	
20.39718	-362.039427	-362.0511	-362.00452	-362.016193	
20.40735	-362.039427	-362.0511	-362.00452	-362.016193	
20.41756	-362.039427	-362.0511	-362.00452	-362.016193	
20.42764	-362.039427	-362.0511	-362.00452	-362.016193	
20.43786	-362.039427	-362.0511	-362.00452	-362.016193	
20.44798	-362.039427	-362.0511	-362.00452	-362.016193	
20.45825	-362.039427	-362.0511	-362.00452	-362.016193	
20.46832	-362.039427	-362.0511	-362.00452	-362.016193	
20.47845	-362.039427	-362.0511	-362.00452	-362.016193	
20.48869	-362.039427	-362.0511	-362.00452	-362.016193	
20.49921	-362.039427	-362.0511	-362.00452	-362.016193	
20.50893	-362.039427	-362.0511	-362.00452	-362.016193	
20.51945	-362.039427	-362.0511	-362.00452	-362.016193	
20.52948	-362.039427	-362.0511	-362.00452	-362.016193	
20.53968	-362.039427	-362.0511	-362.00452	-362.016193	
20.54979	-362.039427	-362.0511	-362.00452	-362.016193	
20.55995	-362.039427	-362.0511	-362.00452	-362.016193	
20.57013	-362.039427	-362.0511	-362.00452	-362.016193	
20.5803	-362.039427	-362.0511	-362.00452	-362.016193	
20.59042	-362.039427	-362.0511	-362.00452	-362.016193	
20.60066	-362.039427	-362.0511	-362.00452	-362.016193	
20.61082	-362.039427	-362.0511	-362.00452	-362.016193	
20.62098	-362.039427	-362.0511	-362.00452	-362.016193	
20.6311	-362.039427	-362.0511	-362.00452	-362.016193	
20.64131	-362.039427	-362.0511	-362.00452	-362.016193	
20.65146	-362.039427	-362.0511	-362.00452	-362.016193	
20.66174	-362.039427	-362.0511	-362.00452	-362.016193	
20.67183	-362.039427	-362.0511	-362.00452	-362.016193	
20.682	-362.039427	-362.0511	-362.00452	-362.016193	
20.6922	-362.039427	-362.0511	-362.00452	-362.016193	
20.70232	-362.039427	-362.0511	-362.00452	-362.016193	
20.71248	-362.039427	-362.0511	-362.00452	-362.016193	
20.7227	-362.039427	-362.0511	-362.00452	-362.016193	
20.7328	-362.039427	-362.0511	-362.00452	-362.016193	
20.74298	-362.039427	-362.0511	-362.00452	-362.016193	
20.75321	-362.039427	-362.0511	-362.00452	-362.016193	
20.76336	-362.039427	-362.0511	-362.00452	-362.016193	
20.77343	-362.039427	-362.0511	-362.00452	-362.016193	
20.78364	-362.039427	-362.0511	-362.00452	-362.016193	
20.79384	-362.039427	-362.0511	-362.00452	-362.016193	
20.80396	-362.039427	-362.0511	-362.00452	-362.016193	
20.81413	-362.039427	-362.0511	-362.00452	-362.016193	
20.82427	-362.039427	-362.0511	-362.00452	-362.016193	
20.83447	-362.039427	-362.0511	-362.00452	-362.016193	
20.84463	-362.039427	-362.0511	-362.00452	-362.016193	
20.85479	-362.039427	-362.0511	-362.00452	-362.016193	
20.86503	-362.039427	-362.0511	-362.00452	-362.016193	
20.87516	-362.039427	-362.0511	-362.00452	-362.016193	
20.88529	-362.039427	-362.0511	-362.00452	-362.016193	
20.89553	-362.039427	-362.0511	-362.00452	-362.016193	
20.90565	-362.039427	-362.0511	-362.00452	-362.016193	
20.91577	-362.039427	-362.0511	-362.00452	-362.016193	
20.92595	-362.039427	-362.0511	-362.00452	-362.016193	
20.93615	-362.039427	-362.0511	-362.00452	-362.016193	
20.94635	-362.039427	-362.0511	-362.00452	-362.016193	
20.95655	-362.039427	-362.0511	-362.00452	-362.016193	
20.96667	-362.039427	-362.0511	-362.00452	-362.016193	
20.97686	-362.039427	-362.0511	-362.00452	-362.016193	
20.98704	-362.039427	-362.0511	-362.00452	-362.016193	
20.99719	-362.039427	-362.0511	-362.00452	-362.016193	
21.0073	-362.039427	-362.0511	-362.00452	-362.016193	
21.01741	-362.039427	-362.0511	-362.00452	-362.016193	
21.02762	-362.039427	-362.0511	-362.00452	-362.016193	
21.03776	-362.039427	-362.0511	-362.00452	-362.016193	
21.04794	-362.039427	-362.0511	-362.00452	-362.016193	
21.05815	-362.039427	-362.0511	-362.00452	-362.016193	
21.06829	-362.039427	-362.0511	-362.00452	-362.016193	
21.07844	-362.039427	-362.0511	-362.00452	-362.016193	
21.08866	-362.039427	-362.0511	-362.00452	-362.016193	
21.09882	-362.039427	-362.0511	-362.00452	-362.016193	
21.1089	-362.039427	-362.0511	-362.00452	-362.016193	
21.11907	-362.039427	-362.0511	-362.00452	-362.016193	
21.1293	-362.039427	-362.0511	-362.00452	-362.016193	
21.13987	-362.039427	-362.0511	-362.00452	-362.016193	
21.14963	-362.039427	-362.0511	-362.00452	-362.016193	
21.15969	-362.039427	-362.0511	-362.00452	-362.016193	
21.16987	-362.039427	-362.0511	-362.00452	-362.016193	
21.17998	-362.039427	-362.0511	-362.00452	-362.016193	
21.1902	-362.039427	-362.0511	-362.00452	-362.016193	
21.20032	-362.039427	-362.0511	-362.00452	-362.016193	
21.21051	-362.039427	-362.0511	-362.00452	-362.016193	
21.22073	-362.039427	-362.0511	-362.00452	-362.016193	
21.23087	-362.039427	-362.0511	-362.00452	-362.016193	
21.24139	-362.039427	-362.0511	-362.00452	-362.016193	
21.25146	-362.039427	-362.0511	-362.00452	-362.016193	
21.26164	-362.039427	-362.0511	-362.00452	-362.016193	
21.27186	-362.039427	-362.0511	-362.00452	-362.016193	
21.28202	-362.039427	-362.0511	-362.00452	-362.016193	
21.30009	-362.039427	-362.0511	-362.00452	-362.016193	
21.30481	-362.039427	-362.0511	-362.00452	-362.016193	
21.31487	-362.039427	-362.0511	-362.00452	-362.016193	
21.32502	-362.039427	-362.0511	-362.00452	-362.016193	
21.33516	-362.039427	-362.0511	-362.00452	-362.016193	
21.34539	-362.039427	-362.0511	-362.00452	-362.016193	
21.35556	-362.039427	-362.0511	-362.00452	-362.016193	
21.36571	-362.039427	-362.0511	-362.00452	-362.016193	
21.37584	-362.039427	-362.0511	-362.00452	-362.016193	
21.386	-362.039427	-362.0511	-362.00452	-362.016193	
21.39627	-362.039427	-362.0511	-362.00452	-362.016193	
21.40634	-362.039427	-362.0511	-362.00452	-362.016193	
21.41655	-362.039427	-362.0511	-362.00452	-362.016193	
21.42676	-362.039427	-362.0511	-362.00452	-362.016193	
21.43689	-362.039427	-362.0511	-362.00452	-362.016193	
21.44704	-362.039427	-362.0511	-362.00452	-362.016193	
21.45725	-362.039427	-362.0511	-362.00452	-362.016193	
21.46735	-362.039427	-362.0511	-362.00452	-362.016193	
21.4775	-362.039427	-362.0511	-362.00452	-362.016193	
21.48764	-362.039427	-362.0511	-362.00452	-362.016193	
21.49779	-362.039427	-362.0511	-362.00452	-362.016193	
21.508	-362.039427	-362.0511	-362.00452	-362.016193	
21.5182	-362.039427	-362.0511	-362.00452	-362.016193	
21.52826	-362.039427	-362.0511	-362.00452	-362.016193	
21.53848	-362.039427	-362.0511	-362.00452	-362.016193	
21.54866	-362.039427	-362.0511	-362.00452	-362.016193	
21.55878	-362.039427	-362.0511	-362.00452	-362.016193	
21.56894	-362.039427	-362.0511	-362.00452	-362.016193	
21.57929	-362.039427	-362.0511	-362.00452	-362.016193	
21.58929	-362.039427	-362.0511	-362.00452	-362.016193	
21.59944	-362.039427	-362.0511	-362.00452	-362.016193	
21.60962	-362.039427	-362.0511	-362.00452	-362.016193	
21.61968	-362.039427	-362.0511	-362.00452	-362.016193	
21.62984	-362.039427	-362.0511	-362.00452	-362.016193	
21.63998	-362.039427	-362.0511	-362.00452	-362.016193	
21.65019	-362.039427	-362.0511	-362.00452	-362.016193	
21.66046	-362.039427	-362.0511	-362.00452	-362.016193	
21.67047	-362.039427	-362.0511	-362.00452	-362.016193	
21.68067	-362.039427	-362.0511	-362.00452	-362.016193	
21.69877	-362.039427	-362.0511	-362.00452	-362.016193	
21.70347	-362.039427	-362.0511	-362.00452	-362.016193	
21.71362	-362.039427	-362.0511	-362.00452	-362.016193	
21.73185	-362.039427	-362.0511	-362.00452	-362.016193	
21.73647	-362.039427	-362.0511	-362.00452	-362.016193	
21.74673	-362.039427	-362.0511	-362.00452	-362.016193	
21.7568	-362.039427	-362.0511	-362.00452	-362.016193	
21.76696	-362.039427	-362.0511	-362.00452	-362.016193	
21.77712	-362.039427	-362.0511	-362.00452	-362.016193	
21.78733	-362.039427	-362.0511	-362.00452	-362.016193	
21.79747	-362.039427	-362.0511	-362.00452	-362.016193	
21.80764	-362.039427	-362.0511	-362.00452	-362.016193	
21.8178	-362.039427	-362.0511	-362.00452	-362.016193	
21.82795	-362.039427	-362.0511	-362.00452	-362.016193	
21.83812	-362.039427	-362.0511	-362.00452	-362.016193	
21.84828	-362.039427	-362.0511	-362.00452	-362.016193	
21.85845	-362.039427	-362.0511	-362.00452	-362.016193	
21.86861	-362.039427	-362.0511	-362.00452	-362.016193	
21.87873	-362.039427	-362.0511	-362.00452	-362.016193	
21.88894	-362.039427	-362.0511	-362.00452	-362.016193	
21.89922	-362.039427	-362.0511	-362.00452	-362.016193	
21.90927	-362.039427	-362.0511	-362.00452	-362.016193	
21.91948	-362.039427	-362.0511	-362.00452	-362.016193	
21.92964	-362.039427	-362.0511	-362.00452	-362.016193	
21.93969	-362.039427	-362.0511	-362.00452	-362.016193	
21.94983	-362.039427	-362.0511	-362.00452	-362.016193	
21.95999	-362.039427	-362.0511	-362.00452	-362.016193	
21.9702	-362.039427	-362.0511	-362.00452	-362.016193	
21.98039	-362.039427	-362.0511	-362.00452	-362.016193	
21.99047	-362.039427	-362.0511	-362.00452	-362.016193	
22.00067	-362.039427	-362.0511	-362.00452	-362.016193	
22.01869	-362.039427	-362.0511	-362.00452	-362.016193	
22.02336	-362.039427	-362.0511	-362.00452	-362.016193	
22.03349	-362.039427	-362.0511	-362.00452	-362.016193	
22.04366	-362.039427	-362.0511	-362.00452	-362.016193	
22.05382	-362.039427	-362.0511	-362.00452	-362.016193	
22.06399	-362.039427	-362.0511	-362.00452	-362.016193	
22.07415	-362.039427	-362.0511	-362.00452	-362.016193	
22.09226	-362.039427	-362.0511	-362.00452	-362.016193	
22.09698	-362.039427	-362.0511	-362.00452	-362.016193	
22.1071	-362.039427	-362.0511	-362.00452	-362.016193	
22.11722	-362.039427	-362.0511	-362.00452	-362.016193	
22.12741	-362.039427	-362.0511	-362.00452	-362.016193	
22.13753	-362.039427	-362.0511	-362.00452	-362.016193	
22.14767	-362.039427	-362.0511	-362.00452	-362.016193	
22.15788	-362.039427	-362.0511	-362.00452	-362.016193	
22.16802	-362.039427	-362.0511	-362.00452	-362.016193	
22.17823	-362.039427	-362.0511	-362.00452	-362.016193	
22.1884	-362.039427	-362.0511	-362.00452	-362.016193	
22.19849	-362.039427	-362.0511	-362.00452	-362.016193	
22.20866	-362.039427	-362.0511	-362.00452	-362.016193	
22.21888	-362.039427	-362.0511	-362.00452	-362.016193	
22.22896	-362.039427	-362.0511	-362.00452	-362.016193	
22.2391	-362.039427	-362.0511	-362.00452	-362.016193	
22.24938	-362.039427	-362.0511	-362.00452	-362.016193	
22.25988	-362.039427	-362.0511	-362.00452	-362.016193	
22.26965	-362.039427	-362.0511	-362.00452	-362.016193	
22.27976	-362.039427	-362.0511	-362.00452	-362.016193	
22.28989	-362.039427	-362.0511	-362.00452	-362.016193	
22.30003	-362.039427	-362.0511	-362.00452	-362.016193	
22.3102	-362.039427	-362.0511	-362.00452	-362.016193	
22.32036	-362.039427	-362.0511	-362.00452	-362.016193	
22.33055	-362.039427	-362.0511	-362.00452	-362.016193	
22.34078	-362.039427	-362.0511	-362.00452	-362.016193	
22.35088	-362.039427	-362.0511	-362.00452	-362.016193	
22.36104	-362.039427	-362.0511	-362.00452	-362.016193	
22.37122	-362.039427	-362.0511	-362.00452	-362.016193	
22.38134	-362.039427	-362.0511	-362.00452	-362.016193	
22.39153	-362.039427	-362.0511	-362.00452	-362.016193	
22.40179	-362.039427	-362.0511	-362.00452	-362.016193	
22.41187	-362.039427	-362.0511	-362.00452	-362.016193	
22.42203	-362.039427	-362.0511	-362.00452	-362.016193	
22.43245	-362.039427	-362.0511	-362.00452	-362.016193	
22.44264	-362.039427	-362.0511	-362.00452	-362.016193	
22.45281	-362.039427	-362.0511	-362.00452	-362.016193	
22.46297	-362.039427	-362.0511	-362.00452	-362.016193	
22.47319	-362.039427	-362.0511	-362.00452	-362.016193	
22.48333	-362.039427	-362.0511	-362.00452	-362.016193	
22.49346	-362.039427	-362.0511	-362.00452	-362.016193	
22.50407	-362.039427	-362.0511	-362.00452	-362.016193	
22.51383	-362.039427	-362.0511	-362.00452	-362.016193	
22.5239	-362.039427	-362.0511	-362.00452	-362.016193	
22.53406	-362.039427	-362.0511	-362.00452	-362.016193	
22.5443	-362.039427	-362.0511	-362.00452	-362.016193	
22.55454	-362.039427	-362.0511	-362.00452	-362.016193	
22.56466	-362.039427	-362.0511	-362.00452	-362.016193	
22.57473	-362.039427	-362.0511	-362.00452	-362.016193	
22.58499	-362.039427	-362.0511	-362.00452	-362.016193	
22.59514	-362.039427	-362.0511	-362.00452	-362.016193	
22.60524	-362.039427	-362.0511	-362.00452	-362.016193	
22.61543	-362.039427	-362.0511	-362.00452	-362.016193	
22.62556	-362.039427	-362.0511	-362.00452	-362.016193	
22.63572	-362.039427	-362.0511	-362.00452	-362.016193	
22.64589	-362.039427	-362.0511	-362.00452	-362.016193	
22.65603	-362.039427	-362.0511	-362.00452	-362.016193	
22.66622	-362.039427	-362.0511	-362.00452	-362.016193	
22.67641	-362.039427	-362.0511	-362.00452	-362.016193	
22.68651	-362.039427	-362.0511	-362.00452	-362.016193	
22.69676	-362.039427	-362.0511	-362.00452	-362.016193	
22.70688	-362.039427	-362.0511	-362.00452	-362.016193	
22.71697	-362.039427	-362.0511	-362.00452	-362.016193	
22.72717	-362.039427	-362.0511	-362.00452	-362.016193	
22.73731	-362.039427	-362.0511	-362.00452	-362.016193	
22.7475	-362.039427	-362.0511	-362.00452	-362.016193	
22.75764	-362.039427	-362.0511	-362.00452	-362.016193	
