0.03939227	-322.039427	-322.039427	-322.00452	-322.00452	
0.04446418	-322.040197	-322.039427	-322.005291	-322.00452	
0.05444799	-322.044196	-322.039427	-322.00929	-322.00452	
0.0646578	-322.050395	-322.039427	-322.015489	-322.00452	
0.07472162	-322.058516	-322.039427	-322.02361	-322.00452	
0.08493243	-322.068857	-322.039427	-322.033951	-322.00452	
0.09507724	-322.081181	-322.039427	-322.046275	-322.00452	
0.1052251	-322.095575	-322.039427	-322.060669	-322.013247	
0.1153289	-322.111932	-322.048154	-322.077026	-322.013247	
0.1255327	-322.130557	-322.048154	-322.095651	-322.013247	
0.1436803	-322.171695	-322.074334	-322.136788	-322.0307	
0.1482933	-322.181963	-322.08306	-322.147057	-322.048154	
0.1584901	-322.207285	-322.100513	-322.172378	-322.065607	
0.1686559	-322.234584	-322.126693	-322.199677	-322.091787	
0.1787507	-322.263753	-322.152873	-322.228846	-322.117967	
0.1889415	-322.295261	-322.196507	-322.260354	-322.1616	
0.1991033	-322.328773	-322.231413	-322.293866	-322.205233	
0.2092941	-322.364417	-322.26632	-322.32951	-322.257593	
0.2194339	-322.401956	-322.309953	-322.367049	-322.309953	
0.2295138	-322.44129	-322.34486	-322.406383	-322.362313	
0.2397336	-322.483291	-322.388493	-322.448384	-322.423399	
0.2498684	-322.526984	-322.432126	-322.492078	-322.475759	
0.2600332	-322.572877	-322.484486	-322.53797	-322.536846	
0.270213	-322.620902	-322.536846	-322.585995	-322.580479	
0.2803888	-322.670968	-322.589206	-322.636061	-322.641566	
0.2904776	-322.722648	-322.641566	-322.687741	-322.693925	
0.3006334	-322.776763	-322.711379	-322.741856	-322.746285	
0.3108882	-322.833497	-322.781192	-322.798591	-322.816098	
0.3209611	-322.891211	-322.851005	-322.856305	-322.868458	
0.3311089	-322.951427	-322.920818	-322.916521	-322.920818	
0.3413017	-323.014024	-322.990631	-322.979117	-322.981905	
0.3515095	-323.078792	-323.060445	-323.043886	-323.034265	
0.3617263	-323.145714	-323.130258	-323.110807	-323.095351	
0.3718581	-323.21411	-323.191344	-323.179203	-323.156438	
0.3820939	-323.2853	-323.261157	-323.250393	-323.226251	
0.3922247	-323.3578	-323.330971	-323.322894	-323.287337	
0.4023326	-323.432192	-323.400784	-323.397285	-323.357151	
0.4125024	-323.509146	-323.470597	-323.47424	-323.418237	
0.4227332	-323.588591	-323.54041	-323.553684	-323.48805	
0.432855	-323.669266	-323.61895	-323.634359	-323.557863	
0.4429988	-323.752202	-323.688763	-323.717295	-323.636403	
0.4554456	-323.857365	-323.77603	-323.822459	-323.714943	
0.4634724	-323.926056	-323.854569	-323.891149	-323.793483	
0.4733942	-324.013144	-323.933109	-323.978238	-323.880749	
0.483551	-324.104373	-324.020376	-324.069467	-323.968016	
0.4937629	-324.198252	-324.107642	-324.163346	-324.072736	
0.5040117	-324.29453	-324.203635	-324.259623	-324.160002	
0.5142485	-324.392758	-324.299628	-324.357852	-324.264722	
0.5243093	-324.491343	-324.395621	-324.456437	-324.369441	
0.5345141	-324.593478	-324.500341	-324.558572	-324.474161	
0.5447259	-324.695558	-324.605061	-324.660652	-324.587608	
0.5548277	-324.796568	-324.718507	-324.761662	-324.692327	
0.5650095	-324.898398	-324.831954	-324.863492	-324.797047	
0.5751453	-324.999808	-324.9454	-324.964902	-324.910494	
0.5853302	-325.101608	-325.067573	-325.066702	-325.015213	
0.595486	-325.203158	-325.18102	-325.168252	-325.119933	
0.6056118	-325.304408	-325.294466	-325.269502	-325.224653	
0.6158956	-325.407298	-325.416639	-325.372392	-325.338099	
0.6259994	-325.508298	-325.521359	-325.473392	-325.442819	
0.6361422	-325.609728	-325.634805	-325.574822	-325.547539	
0.646387	-325.712218	-325.748252	-325.677312	-325.652258	
0.6564338	-325.812628	-325.852971	-325.777722	-325.765705	
0.6666307	-325.914608	-325.957691	-325.879702	-325.870425	
0.6768345	-326.016688	-326.062411	-325.981782	-325.983871	
0.6869793	-326.118088	-326.158404	-326.083182	-326.088591	
0.6971161	-326.219488	-326.254397	-326.184582	-326.202037	
0.7072159	-326.320498	-326.35039	-326.285592	-326.29803	
0.7174447	-326.422748	-326.437657	-326.387842	-326.394023	
0.7275985	-326.524298	-326.53365	-326.489392	-326.498743	
0.7377053	-326.625358	-326.620916	-326.590452	-326.58601	
0.7479372	-326.727728	-326.716909	-326.692822	-326.690729	
0.758026	-326.828548	-326.804176	-326.793642	-326.777996	
0.7682178	-326.930498	-326.891442	-326.895592	-326.865262	
0.7786456	-327.034798	-326.978709	-326.999892	-326.952529	
0.7884974	-327.133278	-327.074702	-327.098372	-327.048522	
0.7986822	-327.235178	-327.170695	-327.200272	-327.144515	
0.808838	-327.336678	-327.266688	-327.301772	-327.240508	
0.8189238	-327.437548	-327.371408	-327.402642	-327.336501	
0.8291276	-327.539618	-327.476128	-327.504712	-327.441221	
0.8393545	-327.641858	-327.580847	-327.606952	-327.545941	
0.8493973	-327.742268	-327.685567	-327.707362	-327.65066	
0.8596561	-327.844888	-327.799013	-327.809982	-327.75538	
0.8699059	-327.947388	-327.91246	-327.912482	-327.868827	
0.8802587	-328.050948	-328.025906	-328.016042	-327.982273	
0.8900235	-328.148538	-328.139353	-328.113632	-328.086993	
0.9001983	-328.250318	-328.244072	-328.215412	-328.209166	
0.9104141	-328.352478	-328.357519	-328.317572	-328.322612	
0.920504	-328.453348	-328.462239	-328.418442	-328.436059	
0.9306408	-328.554698	-328.566958	-328.519792	-328.540778	
0.9487174	-328.735498	-328.750218	-328.700592	-328.750218	
0.9533693	-328.781988	-328.802578	-328.747082	-328.802578	
0.9635152	-328.883448	-328.907298	-328.848542	-328.907298	
0.973637	-328.984658	-329.012017	-328.949752	-329.003291	
0.9918006	-329.166368	-329.195277	-329.131462	-329.18655	
0.9964545	-329.212898	-329.23891	-329.177992	-329.230183	
1.006657	-329.315528	-329.334903	-329.280622	-329.31745	
1.016784	-329.416178	-329.430896	-329.381272	-329.404716	
1.026953	-329.517878	-329.535616	-329.482972	-329.491983	
1.037169	-329.620018	-329.631609	-329.585112	-329.587976	
1.047296	-329.721248	-329.727602	-329.686342	-329.666516	
1.057419	-329.822498	-329.823595	-329.787592	-329.762509	
1.067568	-329.923968	-329.919589	-329.889062	-329.849775	
1.077707	-330.025818	-330.015582	-329.990912	-329.937042	
1.088038	-330.128728	-330.111575	-330.093822	-330.033035	
1.098182	-330.230108	-330.207568	-330.195202	-330.120301	
1.108282	-330.331138	-330.303561	-330.296232	-330.216294	
1.118504	-330.433338	-330.408281	-330.398432	-330.321014	
1.128704	-330.535388	-330.504274	-330.500482	-330.425734	
1.138758	-330.635858	-330.600267	-330.600952	-330.521727	
1.148941	-330.737698	-330.704987	-330.702792	-330.626447	
1.159037	-330.838668	-330.809706	-330.803762	-330.731167	
1.16925	-330.940798	-330.914426	-330.905892	-330.844613	
1.179478	-331.043118	-331.019146	-331.008212	-330.949333	
1.189546	-331.143748	-331.123866	-331.108842	-331.054053	
1.19977	-331.246048	-331.228585	-331.211142	-331.158772	
1.209911	-331.347408	-331.342032	-331.312502	-331.272219	
1.220052	-331.448858	-331.446752	-331.413952	-331.376938	
1.230217	-331.550528	-331.551471	-331.515622	-331.481658	
1.240432	-331.652628	-331.656191	-331.617722	-331.586378	
1.250536	-331.753678	-331.760911	-331.718772	-331.691098	
1.260764	-331.855998	-331.856904	-331.821092	-331.787091	
1.270939	-331.957738	-331.961624	-331.922832	-331.891811	
1.281119	-332.059548	-332.066343	-332.024642	-331.99653	
1.291172	-332.160028	-332.171063	-332.125122	-332.10125	
1.301436	-332.262678	-332.267056	-332.227772	-332.197243	
1.311586	-332.364168	-332.363049	-332.329262	-332.293236	
1.321712	-332.465398	-332.467769	-332.430492	-332.397956	
1.332107	-332.569448	-332.563762	-332.534542	-332.502676	
1.342045	-332.668768	-332.659755	-332.633862	-332.589942	
1.35228	-332.771098	-332.755749	-332.736192	-332.694662	
1.362409	-332.872388	-332.851742	-332.837482	-332.799382	
1.372545	-332.973738	-332.947735	-332.938832	-332.895375	
1.382798	-333.076308	-333.043728	-333.041402	-332.991368	
1.392929	-333.177598	-333.148448	-333.142692	-333.078634	
1.403048	-333.278808	-333.244441	-333.243902	-333.183354	
1.413208	-333.380398	-333.340434	-333.345492	-333.288074	
1.423427	-333.482598	-333.445154	-333.447692	-333.392794	
1.433739	-333.585758	-333.549873	-333.550852	-333.497513	
1.443673	-333.685018	-333.645866	-333.650112	-333.602233	
1.456081	-333.809158	-333.759313	-333.774252	-333.706953	
1.464054	-333.888838	-333.864033	-333.853932	-333.811673	
1.474212	-333.990418	-333.977479	-333.955512	-333.925119	
1.484288	-334.091208	-334.082199	-334.056302	-334.038566	
1.494571	-334.194038	-334.195645	-334.159132	-334.152012	
1.504687	-334.295188	-334.300365	-334.260282	-334.265458	
1.514827	-334.396578	-334.405085	-334.361672	-334.370178	
1.525002	-334.498338	-334.518531	-334.463432	-334.474898	
1.535123	-334.599528	-334.623251	-334.564622	-334.579618	
1.545337	-334.701708	-334.727971	-334.666802	-334.684337	
1.555462	-334.802928	-334.823964	-334.768022	-334.789057	
1.56567	-334.904998	-334.928683	-334.870092	-334.893777	
1.575828	-335.006598	-335.033403	-334.971692	-334.998497	
1.586016	-335.108498	-335.129396	-335.073592	-335.103216	
1.596182	-335.210148	-335.225389	-335.175242	-335.199209	
1.606366	-335.311958	-335.321383	-335.277052	-335.295203	
1.616593	-335.414248	-335.426102	-335.379342	-335.391196	
1.626633	-335.514638	-335.522095	-335.479732	-335.487189	
1.636825	-335.616548	-335.618089	-335.581642	-335.574455	
1.647125	-335.719588	-335.714082	-335.684682	-335.661722	
1.657314	-335.821468	-335.810075	-335.786562	-335.757715	
1.667452	-335.922828	-335.906068	-335.887922	-335.853708	
1.677628	-336.024578	-336.010788	-335.989672	-335.940974	
1.687859	-336.126878	-336.098054	-336.091972	-336.036968	
1.698	-336.228308	-336.202774	-336.193402	-336.132961	
1.708245	-336.330778	-336.307494	-336.295872	-336.23768	
1.726366	-336.512008	-336.482026	-336.477102	-336.412213	
1.73105	-336.558808	-336.534386	-336.523902	-336.464573	
1.741267	-336.660968	-336.639106	-336.626062	-336.569293	
1.751475	-336.763038	-336.743826	-336.728132	-336.674013	
1.76159	-336.864198	-336.848546	-336.829292	-336.778732	
1.771711	-336.965408	-336.953265	-336.930502	-336.883452	
1.781922	-337.067588	-337.057985	-337.032682	-336.988172	
1.792126	-337.169558	-337.162705	-337.134652	-337.092892	
1.802362	-337.271898	-337.267425	-337.236992	-337.206338	
1.812487	-337.373188	-337.372144	-337.338282	-337.302331	
1.823072	-337.479068	-337.476864	-337.444162	-337.407051	
1.832881	-337.577108	-337.581584	-337.542202	-337.511771	
1.842982	-337.678118	-337.677577	-337.643212	-337.616491	
1.853192	-337.780228	-337.782297	-337.745322	-337.712484	
1.863363	-337.881968	-337.887017	-337.847062	-337.808477	
1.873522	-337.983578	-337.98301	-337.948672	-337.90447	
1.88365	-338.084798	-338.087729	-338.049892	-338.000463	
1.893874	-338.187038	-338.174996	-338.152132	-338.096456	
1.904133	-338.289638	-338.279716	-338.254732	-338.192449	
1.914214	-338.390448	-338.384435	-338.355542	-338.288442	
1.924389	-338.492218	-338.480428	-338.457312	-338.384435	
1.934649	-338.594818	-338.576422	-338.559912	-338.489155	
1.944819	-338.696508	-338.672415	-338.661602	-338.593875	
1.954876	-338.797038	-338.777134	-338.762132	-338.698595	
1.965056	-338.898888	-338.873128	-338.863982	-338.803314	
1.975166	-339.000008	-338.969121	-338.965102	-338.899308	
1.985337	-339.101688	-339.065114	-339.066782	-339.004027	
1.995543	-339.203748	-339.169834	-339.168842	-339.10002	
2.005887	-339.307188	-339.274553	-339.272282	-339.20474	
2.015938	-339.407708	-339.370546	-339.372802	-339.30946	
2.026128	-339.509598	-339.475266	-339.474692	-339.41418	
2.036276	-339.608025	-339.579986	-339.573119	-339.527626	
2.054433	-339.776188	-339.684706	-339.741281	-339.632346	
2.05906	-339.819229	-339.815605	-339.784323	-339.763245	
2.069309	-339.911945	-339.920325	-339.877038	-339.867965	
2.079452	-340.001749	-340.033772	-339.966843	-339.990138	
2.089614	-340.089573	-340.147218	-340.054666	-340.094858	
2.099906	-340.176555	-340.251938	-340.141648	-340.199578	
2.110018	-340.259949	-340.347931	-340.225042	-340.304298	
2.120185	-340.341769	-340.443924	-340.306862	-340.409017	
2.130408	-340.42203	-340.539917	-340.387124	-340.496284	
2.140511	-340.49936	-340.618457	-340.464454	-340.58355	
2.150765	-340.575773	-340.696997	-340.540867	-340.670817	
2.161117	-340.650827	-340.775536	-340.615921	-340.749357	
2.171102	-340.721325	-340.836623	-340.686418	-340.827896	
2.181209	-340.790674	-340.906436	-340.755768	-340.897709	
2.191342	-340.858217	-340.967523	-340.82331	-340.941343	
2.201528	-340.924081	-341.019883	-340.889174	-340.993703	
2.211673	-340.987691	-341.072242	-340.952785	-341.037336	
2.221932	-341.050001	-341.115876	-341.015095	-341.080969	
2.232122	-341.109879	-341.159509	-341.074973	-341.124602	
2.242272	-341.167589	-341.211869	-341.132682	-341.176962	
2.252394	-341.223152	-341.246775	-341.188246	-341.211869	
2.26266	-341.277485	-341.281682	-341.242579	-341.246775	
2.272834	-341.329359	-341.316589	-341.294453	-341.290409	
2.282891	-341.378728	-341.360222	-341.343821	-341.325315	
2.293095	-341.426865	-341.395128	-341.391958	-341.360222	
2.303292	-341.472975	-341.430035	-341.438069	-341.395128	
2.313406	-341.5168	-341.473668	-341.481894	-341.438762	
2.32354	-341.558783	-341.517301	-341.523876	-341.473668	
2.333781	-341.599258	-341.560935	-341.564351	-341.517301	
2.343953	-341.637538	-341.604568	-341.602631	-341.560935	
2.35412	-341.673897	-341.656928	-341.63899	-341.604568	
2.364259	-341.708263	-341.700561	-341.673356	-341.656928	
2.374433	-341.740863	-341.744194	-341.705956	-341.700561	
2.384664	-341.771721	-341.787827	-341.736814	-341.735468	
2.394736	-341.800301	-341.831461	-341.765395	-341.779101	
2.404881	-341.827246	-341.875094	-341.79234	-341.822734	
2.415076	-341.852468	-341.91	-341.817562	-341.857641	
2.42526	-341.875869	-341.944907	-341.840962	-341.892547	
2.435408	-341.897376	-341.979814	-341.86247	-341.927454	
2.445599	-341.917231	-342.005994	-341.882325	-341.953634	
2.458024	-341.938585	-342.032174	-341.903679	-341.979814	
2.46596	-341.951492	-342.049627	-341.916586	-342.005994	
2.476054	-341.966091	-342.06708	-341.931184	-342.023447	
2.486195	-341.979136	-342.075807	-341.944229	-342.032174	
2.496455	-341.990713	-342.075807	-341.955806	-342.049627	
2.506576	-342.000636	-342.075807	-341.965729	-342.049627	
2.516738	-342.009144	-342.06708	-341.974237	-342.049627	
2.52695	-342.0163	-342.058353	-341.981393	-342.049627	
2.537154	-342.022188	-342.049627	-341.987282	-342.032174	
2.547196	-342.026787	-342.0409	-341.991881	-342.023447	
2.557581	-342.030461	-342.032174	-341.995554	-342.01472	
2.567574	-342.033151	-342.01472	-341.998245	-342.005994	
2.577641	-342.039427	-342.01472	-342.00452	-341.98854	
2.587884	-342.039427	-342.01472	-342.00452	-341.979814	
2.598384	-342.039427	-342.005994	-342.00452	-341.971087	
2.608214	-342.039427	-342.005994	-342.00452	-341.96236	
2.618375	-342.039427	-342.005994	-342.00452	-341.96236	
2.628459	-342.039427	-342.005994	-342.00452	-341.96236	
2.638684	-342.039427	-341.997267	-342.00452	-341.96236	
2.648889	-342.039427	-341.997267	-342.00452	-341.96236	
2.658956	-342.039427	-341.997267	-342.00452	-341.971087	
2.669132	-342.039427	-342.005994	-342.00452	-341.979814	
2.679391	-342.039427	-342.005994	-342.00452	-341.979814	
2.689442	-342.039427	-342.01472	-342.00452	-341.98854	
2.699599	-342.039427	-342.01472	-342.00452	-341.997267	
2.709845	-342.039427	-342.023447	-342.00452	-342.005994	
2.719932	-342.039427	-342.023447	-342.00452	-342.01472	
2.73006	-342.039427	-342.032174	-342.00452	-342.01472	
2.740214	-342.039427	-342.0409	-342.00452	-342.023447	
2.750394	-342.039427	-342.049627	-342.00452	-342.032174	
2.768455	-342.039427	-342.049627	-342.00452	-342.032174	
2.773092	-342.039427	-342.049627	-342.00452	-342.032174	
2.783255	-342.039427	-342.058353	-342.00452	-342.023447	
2.793418	-342.039427	-342.058353	-342.00452	-342.01472	
2.803562	-342.039427	-342.06708	-342.00452	-342.01472	
2.813737	-342.039427	-342.06708	-342.00452	-342.01472	
2.823895	-342.039427	-342.06708	-342.00452	-341.997267	
2.841959	-342.039427	-342.058353	-342.00452	-341.997267	
2.846678	-342.039427	-342.049627	-342.00452	-341.997267	
2.856789	-342.039427	-342.049627	-342.00452	-341.997267	
2.866942	-342.039427	-342.049627	-342.00452	-341.997267	
2.877131	-342.039427	-342.0409	-342.00452	-341.997267	
2.887246	-342.039427	-342.0409	-342.00452	-341.997267	
2.897398	-342.039427	-342.032174	-342.00452	-341.98854	
2.907532	-342.039427	-342.032174	-342.00452	-341.98854	
2.917695	-342.039427	-342.032174	-342.00452	-341.979814	
2.927918	-342.039427	-342.032174	-342.00452	-341.979814	
2.938121	-342.039427	-342.032174	-342.00452	-341.979814	
2.948194	-342.039427	-342.0409	-342.00452	-341.979814	
2.958362	-342.039427	-342.0409	-342.00452	-341.98854	
2.96855	-342.039427	-342.0409	-342.00452	-341.98854	
2.978623	-342.039427	-342.0409	-342.00452	-341.997267	
2.988795	-342.039427	-342.049627	-342.00452	-341.997267	
2.999005	-342.039427	-342.049627	-342.00452	-341.997267	
3.009117	-342.039427	-342.049627	-342.00452	-342.005994	
3.027499	-342.039427	-342.049627	-342.00452	-342.005994	
3.032506	-342.039427	-342.0409	-342.00452	-342.01472	
3.042641	-342.039427	-342.0409	-342.00452	-342.01472	
3.052806	-342.039427	-342.0409	-342.00452	-342.01472	
3.063016	-342.039427	-342.0409	-342.00452	-342.005994	
3.073372	-342.039427	-342.0409	-342.00452	-342.005994	
3.083303	-342.039427	-342.0409	-342.00452	-342.005994	
3.093446	-342.039427	-342.0409	-342.00452	-342.005994	
3.103647	-342.039427	-342.0409	-342.00452	-342.005994	
3.11378	-342.039427	-342.0409	-342.00452	-342.005994	
3.123927	-342.039427	-342.0409	-342.00452	-342.005994	
3.134114	-342.039427	-342.0409	-342.00452	-342.005994	
3.144284	-342.039427	-342.0409	-342.00452	-342.005994	
3.154526	-342.039427	-342.0409	-342.00452	-342.005994	
3.164639	-342.039427	-342.0409	-342.00452	-342.005994	
3.174801	-342.039427	-342.0409	-342.00452	-342.005994	
3.185054	-342.039427	-342.0409	-342.00452	-342.005994	
3.195148	-342.039427	-342.0409	-342.00452	-342.005994	
3.205326	-342.039427	-342.0409	-342.00452	-342.005994	
3.215528	-342.039427	-342.0409	-342.00452	-342.005994	
3.225612	-342.039427	-342.0409	-342.00452	-342.005994	
3.235744	-342.039427	-342.0409	-342.00452	-342.005994	
3.245953	-342.039427	-342.0409	-342.00452	-342.005994	
3.256164	-342.039427	-342.0409	-342.00452	-342.005994	
3.266503	-342.039427	-342.0409	-342.00452	-342.005994	
3.276454	-342.039427	-342.0409	-342.00452	-342.005994	
3.286747	-342.039427	-342.0409	-342.00452	-342.005994	
3.296825	-342.039427	-342.0409	-342.00452	-342.005994	
3.306955	-342.039427	-342.0409	-342.00452	-342.005994	
3.317113	-342.039427	-342.0409	-342.00452	-342.005994	
3.327293	-342.039427	-342.0409	-342.00452	-342.005994	
3.337434	-342.039427	-342.0409	-342.00452	-342.005994	
3.34758	-342.039427	-342.0409	-342.00452	-342.005994	
3.357735	-342.039427	-342.0409	-342.00452	-342.005994	
3.367918	-342.039427	-342.0409	-342.00452	-342.005994	
3.3782	-342.039427	-342.0409	-342.00452	-342.005994	
3.388219	-342.039427	-342.0409	-342.00452	-342.005994	
3.398374	-342.039427	-342.0409	-342.00452	-342.005994	
3.408533	-342.039427	-342.0409	-342.00452	-342.005994	
3.420175	-342.039427	-342.0409	-342.00452	-342.005994	
3.428818	-342.039427	-342.0409	-342.00452	-342.005994	
3.439022	-342.039427	-342.0409	-342.00452	-342.005994	
3.449215	-342.039427	-342.0409	-342.00452	-342.005994	
3.461702	-342.039427	-342.0409	-342.00452	-342.005994	
3.469466	-342.039427	-342.0409	-342.00452	-342.005994	
3.479676	-342.039427	-342.0409	-342.00452	-342.005994	
3.489947	-342.039427	-342.0409	-342.00452	-342.005994	
3.499922	-342.039427	-342.0409	-342.00452	-342.005994	
3.510099	-342.039427	-342.0409	-342.00452	-342.005994	
3.520301	-342.039427	-342.0409	-342.00452	-342.005994	
3.530389	-342.039427	-342.0409	-342.00452	-342.005994	
3.54055	-342.039427	-342.0409	-342.00452	-342.005994	
3.5508	-342.039427	-342.0409	-342.00452	-342.005994	
3.56102	-342.039427	-342.0409	-342.00452	-342.005994	
3.571035	-342.039427	-342.0409	-342.00452	-342.005994	
3.581306	-342.039427	-342.0409	-342.00452	-342.005994	
3.591458	-342.039427	-342.0409	-342.00452	-342.005994	
3.601592	-342.039427	-342.0409	-342.00452	-342.005994	
3.61175	-342.039427	-342.0409	-342.00452	-342.005994	
3.621968	-342.039427	-342.0409	-342.00452	-342.005994	
3.632201	-342.039427	-342.0409	-342.00452	-342.005994	
3.642284	-342.039427	-342.0409	-342.00452	-342.005994	
3.652513	-342.039427	-342.0409	-342.00452	-342.005994	
3.662748	-342.039427	-342.0409	-342.00452	-342.005994	
3.672841	-342.039427	-342.0409	-342.00452	-342.005994	
3.683193	-342.039427	-342.0409	-342.00452	-342.005994	
3.693209	-342.039427	-342.0409	-342.00452	-342.005994	
3.703325	-342.039427	-342.0409	-342.00452	-342.005994	
3.713512	-342.039427	-342.0409	-342.00452	-342.005994	
3.723638	-342.039427	-342.0409	-342.00452	-342.005994	
3.733832	-342.039427	-342.0409	-342.00452	-342.005994	
3.744003	-342.039427	-342.0409	-342.00452	-342.005994	
3.754204	-342.039427	-342.0409	-342.00452	-342.005994	
3.764304	-342.039427	-342.0409	-342.00452	-342.005994	
3.774464	-342.039427	-342.0409	-342.00452	-342.005994	
3.784689	-342.039427	-342.0409	-342.00452	-342.005994	
3.794789	-342.039427	-342.0409	-342.00452	-342.005994	
3.804973	-342.039427	-342.0409	-342.00452	-342.005994	
3.815164	-342.039427	-342.0409	-342.00452	-342.005994	
3.825228	-342.039427	-342.0409	-342.00452	-342.005994	
3.835447	-342.039427	-342.0409	-342.00452	-342.005994	
3.845626	-342.039427	-342.0409	-342.00452	-342.005994	
3.855844	-342.039427	-342.0409	-342.00452	-342.005994	
3.874093	-342.039427	-342.0409	-342.00452	-342.005994	
3.878826	-342.039427	-342.0409	-342.00452	-342.005994	
3.888951	-342.039427	-342.0409	-342.00452	-342.005994	
3.899036	-342.039427	-342.0409	-342.00452	-342.005994	
3.917196	-342.039427	-342.0409	-342.00452	-342.005994	
3.921857	-342.039427	-342.0409	-342.00452	-342.005994	
3.932012	-342.039427	-342.0409	-342.00452	-342.005994	
3.94218	-342.039427	-342.0409	-342.00452	-342.005994	
3.952381	-342.039427	-342.0409	-342.00452	-342.005994	
3.962623	-342.039427	-342.0409	-342.00452	-342.005994	
3.972708	-342.039427	-342.0409	-342.00452	-342.005994	
3.982877	-342.039427	-342.0409	-342.00452	-342.005994	
3.993127	-342.039427	-342.0409	-342.00452	-342.005994	
4.003165	-342.039427	-342.0409	-342.00452	-342.005994	
4.013561	-342.039427	-342.0409	-342.00452	-342.005994	
4.023542	-342.039427	-342.0409	-342.00452	-342.005994	
4.03367	-342.039427	-342.0409	-342.00452	-342.005994	
4.043812	-342.039427	-342.0409	-342.00452	-342.005994	
4.054023	-342.039427	-342.0409	-342.00452	-342.005994	
4.07218	-342.039427	-342.0409	-342.00452	-342.005994	
4.076797	-342.039427	-342.0409	-342.00452	-342.005994	
4.087	-342.039427	-342.0409	-342.00452	-342.005994	
4.097175	-342.039427	-342.0409	-342.00452	-342.005994	
4.107267	-342.039427	-342.0409	-342.00452	-342.005994	
4.117482	-342.039427	-342.0409	-342.00452	-342.005994	
4.127663	-342.039427	-342.0409	-342.00452	-342.005994	
4.13775	-342.039427	-342.0409	-342.00452	-342.005994	
4.147919	-342.039427	-342.0409	-342.00452	-342.005994	
4.158166	-342.039427	-342.0409	-342.00452	-342.005994	
4.168282	-342.039427	-342.0409	-342.00452	-342.005994	
4.178379	-342.039427	-342.0409	-342.00452	-342.005994	
4.188526	-342.039427	-342.0409	-342.00452	-342.005994	
4.198756	-342.039427	-342.0409	-342.00452	-342.005994	
4.208875	-342.039427	-342.0409	-342.00452	-342.005994	
4.219011	-342.039427	-342.0409	-342.00452	-342.005994	
4.229266	-342.039427	-342.0409	-342.00452	-342.005994	
4.239399	-342.039427	-342.0409	-342.00452	-342.005994	
4.249502	-342.039427	-342.0409	-342.00452	-342.005994	
4.259619	-342.039427	-342.0409	-342.00452	-342.005994	
4.270191	-342.039427	-342.0409	-342.00452	-342.005994	
4.27997	-342.039427	-342.0409	-342.00452	-342.005994	
4.290116	-342.039427	-342.0409	-342.00452	-342.005994	
4.300291	-342.039427	-342.0409	-342.00452	-342.005994	
4.310374	-342.039427	-342.0409	-342.00452	-342.005994	
4.320628	-342.039427	-342.0409	-342.00452	-342.005994	
4.332781	-342.039427	-342.0409	-342.00452	-342.005994	
4.342922	-342.039427	-342.0409	-342.00452	-342.005994	
4.353113	-342.039427	-342.0409	-342.00452	-342.005994	
4.363164	-342.039427	-342.0409	-342.00452	-342.005994	
4.373424	-342.039427	-342.0409	-342.00452	-342.005994	
4.383567	-342.039427	-342.0409	-342.00452	-342.005994	
4.393662	-342.039427	-342.0409	-342.00452	-342.005994	
4.403804	-342.039427	-342.0409	-342.00452	-342.005994	
4.414038	-342.039427	-342.0409	-342.00452	-342.005994	
4.424262	-342.039427	-342.0409	-342.00452	-342.005994	
4.434429	-342.039427	-342.0409	-342.00452	-342.005994	
4.444556	-342.039427	-342.0409	-342.00452	-342.005994	
4.454793	-342.039427	-342.0409	-342.00452	-342.005994	
4.465965	-342.039427	-342.0409	-342.00452	-342.005994	
4.476067	-342.039427	-342.0409	-342.00452	-342.005994	
4.486226	-342.039427	-342.0409	-342.00452	-342.005994	
4.49641	-342.039427	-342.0409	-342.00452	-342.005994	
4.50664	-342.039427	-342.0409	-342.00452	-342.005994	
4.51675	-342.039427	-342.0409	-342.00452	-342.005994	
4.526963	-342.039427	-342.0409	-342.00452	-342.005994	
4.537369	-342.039427	-342.0409	-342.00452	-342.005994	
4.547225	-342.039427	-342.0409	-342.00452	-342.005994	
4.557437	-342.039427	-342.0409	-342.00452	-342.005994	
4.567604	-342.039427	-342.0409	-342.00452	-342.005994	
4.577639	-342.039427	-342.0409	-342.00452	-342.005994	
4.58811	-342.039427	-342.0409	-342.00452	-342.005994	
4.598002	-342.039427	-342.0409	-342.00452	-342.005994	
4.608222	-342.039427	-342.0409	-342.00452	-342.005994	
4.618349	-342.039427	-342.0409	-342.00452	-342.005994	
4.628455	-342.039427	-342.0409	-342.00452	-342.005994	
4.638835	-342.039427	-342.0409	-342.00452	-342.005994	
4.648972	-342.039427	-342.0409	-342.00452	-342.005994	
4.658929	-342.039427	-342.0409	-342.00452	-342.005994	
4.669095	-342.039427	-342.0409	-342.00452	-342.005994	
4.687195	-342.039427	-342.0409	-342.00452	-342.005994	
4.691817	-342.039427	-342.0409	-342.00452	-342.005994	
4.70196	-342.039427	-342.0409	-342.00452	-342.005994	
4.712209	-342.039427	-342.0409	-342.00452	-342.005994	
4.722367	-342.039427	-342.0409	-342.00452	-342.005994	
4.732457	-342.039427	-342.0409	-342.00452	-342.005994	
4.742717	-342.039427	-342.0409	-342.00452	-342.005994	
4.752876	-342.039427	-342.0409	-342.00452	-342.005994	
4.762971	-342.039427	-342.0409	-342.00452	-342.005994	
4.773107	-342.039427	-342.0409	-342.00452	-342.005994	
4.783366	-342.039427	-342.0409	-342.00452	-342.005994	
4.793501	-342.039427	-342.0409	-342.00452	-342.005994	
4.803611	-342.039427	-342.0409	-342.00452	-342.005994	
4.813773	-342.039427	-342.0409	-342.00452	-342.005994	
4.823984	-342.039427	-342.0409	-342.00452	-342.005994	
4.834099	-342.039427	-342.0409	-342.00452	-342.005994	
4.844277	-342.039427	-342.0409	-342.00452	-342.005994	
4.85444	-342.039427	-342.0409	-342.00452	-342.005994	
4.864624	-342.039427	-342.0409	-342.00452	-342.005994	
4.874989	-342.039427	-342.0409	-342.00452	-342.005994	
4.884963	-342.039427	-342.0409	-342.00452	-342.005994	
4.895239	-342.039427	-342.0409	-342.00452	-342.005994	
4.905332	-342.039427	-342.0409	-342.00452	-342.005994	
4.915469	-342.039427	-342.0409	-342.00452	-342.005994	
4.92561	-342.039427	-342.0409	-342.00452	-342.005994	
4.935811	-342.039427	-342.0409	-342.00452	-342.005994	
4.945918	-342.039427	-342.0409	-342.00452	-342.005994	
4.964242	-342.039427	-342.0409	-342.00452	-342.005994	
4.968971	-342.039427	-342.0409	-342.00452	-342.005994	
4.979041	-342.039427	-342.0409	-342.00452	-342.005994	
4.997153	-342.039427	-342.0409	-342.00452	-342.005994	
5.00181	-342.039427	-342.0409	-342.00452	-342.005994	
5.01193	-342.039427	-342.0409	-342.00452	-342.005994	
5.022175	-342.039427	-342.0409	-342.00452	-342.005994	
5.032386	-342.039427	-342.0409	-342.00452	-342.005994	
5.042498	-342.039427	-342.0409	-342.00452	-342.005994	
5.052662	-342.039427	-342.0409	-342.00452	-342.005994	
5.062949	-342.039427	-342.0409	-342.00452	-342.005994	
5.073026	-342.039427	-342.0409	-342.00452	-342.005994	
5.083179	-342.039427	-342.0409	-342.00452	-342.005994	
5.093364	-342.039427	-342.0409	-342.00452	-342.005994	
5.10351	-342.039427	-342.0409	-342.00452	-342.005994	
5.113684	-342.039427	-342.0409	-342.00452	-342.005994	
5.123826	-342.039427	-342.0409	-342.00452	-342.005994	
5.134007	-342.039427	-342.0409	-342.00452	-342.005994	
5.144178	-342.039427	-342.0409	-342.00452	-342.005994	
5.162484	-342.039427	-342.0409	-342.00452	-342.005994	
5.167175	-342.039427	-342.0409	-342.00452	-342.005994	
5.177274	-342.039427	-342.0409	-342.00452	-342.005994	
5.18742	-342.039427	-342.0409	-342.00452	-342.005994	
5.197642	-342.039427	-342.0409	-342.00452	-342.005994	
5.207774	-342.039427	-342.0409	-342.00452	-342.005994	
5.217913	-342.039427	-342.0409	-342.00452	-342.005994	
5.228026	-342.039427	-342.0409	-342.00452	-342.005994	
5.238191	-342.039427	-342.0409	-342.00452	-342.005994	
5.248404	-342.039427	-342.0409	-342.00452	-342.005994	
5.258516	-342.039427	-342.0409	-342.00452	-342.005994	
5.268704	-342.039427	-342.0409	-342.00452	-342.005994	
5.278919	-342.039427	-342.0409	-342.00452	-342.005994	
5.28903	-342.039427	-342.0409	-342.00452	-342.005994	
5.299211	-342.039427	-342.0409	-342.00452	-342.005994	
5.3094	-342.039427	-342.0409	-342.00452	-342.005994	
5.319896	-342.039427	-342.0409	-342.00452	-342.005994	
5.329666	-342.039427	-342.0409	-342.00452	-342.005994	
5.339779	-342.039427	-342.0409	-342.00452	-342.005994	
5.349936	-342.039427	-342.0409	-342.00452	-342.005994	
5.360083	-342.039427	-342.0409	-342.00452	-342.005994	
5.370212	-342.039427	-342.0409	-342.00452	-342.005994	
5.380501	-342.039427	-342.0409	-342.00452	-342.005994	
5.390547	-342.039427	-342.0409	-342.00452	-342.005994	
5.400839	-342.039427	-342.0409	-342.00452	-342.005994	
5.410906	-342.039427	-342.0409	-342.00452	-342.005994	
5.430969	-342.039427	-342.0409	-342.00452	-342.005994	
5.435617	-342.039427	-342.0409	-342.00452	-342.005994	
5.445804	-342.039427	-342.0409	-342.00452	-342.005994	
5.455942	-342.039427	-342.0409	-342.00452	-342.005994	
5.476297	-342.039427	-342.0409	-342.00452	-342.005994	
5.481228	-342.039427	-342.0409	-342.00452	-342.005994	
5.491299	-342.039427	-342.0409	-342.00452	-342.005994	
5.501489	-342.039427	-342.0409	-342.00452	-342.005994	
5.511647	-342.039427	-342.0409	-342.00452	-342.005994	
5.521801	-342.039427	-342.0409	-342.00452	-342.005994	
5.531918	-342.039427	-342.0409	-342.00452	-342.005994	
5.542145	-342.039427	-342.0409	-342.00452	-342.005994	
5.552412	-342.039427	-342.0409	-342.00452	-342.005994	
5.562511	-342.039427	-342.0409	-342.00452	-342.005994	
5.572648	-342.039427	-342.0409	-342.00452	-342.005994	
5.583065	-342.039427	-342.0409	-342.00452	-342.005994	
5.593253	-342.039427	-342.0409	-342.00452	-342.005994	
5.603313	-342.039427	-342.0409	-342.00452	-342.005994	
5.613565	-342.039427	-342.0409	-342.00452	-342.005994	
5.623695	-342.039427	-342.0409	-342.00452	-342.005994	
5.633825	-342.039427	-342.0409	-342.00452	-342.005994	
5.643978	-342.039427	-342.0409	-342.00452	-342.005994	
5.654139	-342.039427	-342.0409	-342.00452	-342.005994	
5.664425	-342.039427	-342.0409	-342.00452	-342.005994	
5.674557	-342.039427	-342.0409	-342.00452	-342.005994	
5.684789	-342.039427	-342.0409	-342.00452	-342.005994	
5.69495	-342.039427	-342.0409	-342.00452	-342.005994	
5.705033	-342.039427	-342.0409	-342.00452	-342.005994	
5.715208	-342.039427	-342.0409	-342.00452	-342.005994	
5.72532	-342.039427	-342.0409	-342.00452	-342.005994	
5.735531	-342.039427	-342.0409	-342.00452	-342.005994	
5.745696	-342.039427	-342.0409	-342.00452	-342.005994	
5.755832	-342.039427	-342.0409	-342.00452	-342.005994	
5.765987	-342.039427	-342.0409	-342.00452	-342.005994	
5.77612	-342.039427	-342.0409	-342.00452	-342.005994	
5.786335	-342.039427	-342.0409	-342.00452	-342.005994	
5.796551	-342.039427	-342.0409	-342.00452	-342.005994	
5.80676	-342.039427	-342.0409	-342.00452	-342.005994	
5.8248	-342.039427	-342.0409	-342.00452	-342.005994	
5.829486	-342.039427	-342.0409	-342.00452	-342.005994	
5.839632	-342.039427	-342.0409	-342.00452	-342.005994	
5.849739	-342.039427	-342.0409	-342.00452	-342.005994	
5.85988	-342.039427	-342.0409	-342.00452	-342.005994	
5.87005	-342.039427	-342.0409	-342.00452	-342.005994	
5.880237	-342.039427	-342.0409	-342.00452	-342.005994	
5.890422	-342.039427	-342.0409	-342.00452	-342.005994	
5.900528	-342.039427	-342.0409	-342.00452	-342.005994	
5.910745	-342.039427	-342.0409	-342.00452	-342.005994	
5.920938	-342.039427	-342.0409	-342.00452	-342.005994	
5.930998	-342.039427	-342.0409	-342.00452	-342.005994	
5.941167	-342.039427	-342.0409	-342.00452	-342.005994	
5.951381	-342.039427	-342.0409	-342.00452	-342.005994	
5.961513	-342.039427	-342.0409	-342.00452	-342.005994	
5.971653	-342.039427	-342.0409	-342.00452	-342.005994	
5.981851	-342.039427	-342.0409	-342.00452	-342.005994	
5.991986	-342.039427	-342.0409	-342.00452	-342.005994	
6.002398	-342.039427	-342.0409	-342.00452	-342.005994	
6.01237	-342.039427	-342.0409	-342.00452	-342.005994	
6.0225	-342.039427	-342.0409	-342.00452	-342.005994	
6.032716	-342.039427	-342.0409	-342.00452	-342.005994	
6.042878	-342.039427	-342.0409	-342.00452	-342.005994	
6.053011	-342.039427	-342.0409	-342.00452	-342.005994	
6.063187	-342.039427	-342.0409	-342.00452	-342.005994	
6.073406	-342.039427	-342.0409	-342.00452	-342.005994	
6.0835	-342.039427	-342.0409	-342.00452	-342.005994	
6.093689	-342.039427	-342.0409	-342.00452	-342.005994	
6.104119	-342.039427	-342.0409	-342.00452	-342.005994	
6.114002	-342.039427	-342.0409	-342.00452	-342.005994	
6.124133	-342.039427	-342.0409	-342.00452	-342.005994	
6.134312	-342.039427	-342.0409	-342.00452	-342.005994	
6.152497	-342.039427	-342.0409	-342.00452	-342.005994	
6.157131	-342.039427	-342.0409	-342.00452	-342.005994	
6.167381	-342.039427	-342.0409	-342.00452	-342.005994	
6.177451	-342.039427	-342.0409	-342.00452	-342.005994	
6.187624	-342.039427	-342.0409	-342.00452	-342.005994	
6.19777	-342.039427	-342.0409	-342.00452	-342.005994	
6.207983	-342.039427	-342.0409	-342.00452	-342.005994	
6.218117	-342.039427	-342.0409	-342.00452	-342.005994	
6.228227	-342.039427	-342.0409	-342.00452	-342.005994	
6.238387	-342.039427	-342.0409	-342.00452	-342.005994	
6.248603	-342.039427	-342.0409	-342.00452	-342.005994	
6.258649	-342.039427	-342.0409	-342.00452	-342.005994	
6.268806	-342.039427	-342.0409	-342.00452	-342.005994	
6.279056	-342.039427	-342.0409	-342.00452	-342.005994	
6.289231	-342.039427	-342.0409	-342.00452	-342.005994	
6.299322	-342.039427	-342.0409	-342.00452	-342.005994	
6.309433	-342.039427	-342.0409	-342.00452	-342.005994	
6.319639	-342.039427	-342.0409	-342.00452	-342.005994	
6.32975	-342.039427	-342.0409	-342.00452	-342.005994	
6.339897	-342.039427	-342.0409	-342.00452	-342.005994	
6.350042	-342.039427	-342.0409	-342.00452	-342.005994	
6.360196	-342.039427	-342.0409	-342.00452	-342.005994	
6.370329	-342.039427	-342.0409	-342.00452	-342.005994	
6.380568	-342.039427	-342.0409	-342.00452	-342.005994	
6.390709	-342.039427	-342.0409	-342.00452	-342.005994	
6.408825	-342.039427	-342.0409	-342.00452	-342.005994	
6.413506	-342.039427	-342.0409	-342.00452	-342.005994	
6.423675	-342.039427	-342.0409	-342.00452	-342.005994	
6.433821	-342.039427	-342.0409	-342.00452	-342.005994	
6.443977	-342.039427	-342.0409	-342.00452	-342.005994	
6.454144	-342.039427	-342.0409	-342.00452	-342.005994	
6.464909	-342.039427	-342.0409	-342.00452	-342.005994	
6.482305	-342.039427	-342.0409	-342.00452	-342.005994	
6.494919	-342.039427	-342.0409	-342.00452	-342.005994	
6.499636	-342.039427	-342.0409	-342.00452	-342.005994	
6.509773	-342.039427	-342.0409	-342.00452	-342.005994	
6.519929	-342.039427	-342.0409	-342.00452	-342.005994	
6.530057	-342.039427	-342.0409	-342.00452	-342.005994	
6.54018	-342.039427	-342.0409	-342.00452	-342.005994	
6.550359	-342.039427	-342.0409	-342.00452	-342.005994	
6.560589	-342.039427	-342.0409	-342.00452	-342.005994	
6.571108	-342.039427	-342.0409	-342.00452	-342.005994	
6.58101	-342.039427	-342.0409	-342.00452	-342.005994	
6.591091	-342.039427	-342.0409	-342.00452	-342.005994	
6.601193	-342.039427	-342.0409	-342.00452	-342.005994	
6.611337	-342.039427	-342.0409	-342.00452	-342.005994	
6.621586	-342.039427	-342.0409	-342.00452	-342.005994	
6.631704	-342.039427	-342.0409	-342.00452	-342.005994	
6.641856	-342.039427	-342.0409	-342.00452	-342.005994	
6.652172	-342.039427	-342.0409	-342.00452	-342.005994	
6.662344	-342.039427	-342.0409	-342.00452	-342.005994	
6.680465	-342.039427	-342.0409	-342.00452	-342.01472	
6.68509	-342.039427	-342.0409	-342.00452	-342.01472	
6.6953	-342.039427	-342.0409	-342.00452	-342.01472	
6.705428	-342.039427	-342.0409	-342.00452	-342.01472	
6.715583	-342.039427	-342.0409	-342.00452	-342.01472	
6.725737	-342.039427	-342.0409	-342.00452	-342.01472	
6.735932	-342.039427	-342.0409	-342.00452	-342.01472	
6.746073	-342.039427	-342.0409	-342.00452	-342.01472	
6.756221	-342.039427	-342.0409	-342.00452	-342.01472	
6.766387	-342.039427	-342.0409	-342.00452	-342.01472	
6.776548	-342.039427	-342.0409	-342.00452	-342.01472	
6.786732	-342.039427	-342.0409	-342.00452	-342.01472	
6.796876	-342.039427	-342.0409	-342.00452	-342.01472	
6.807088	-342.039427	-342.0409	-342.00452	-342.01472	
6.81722	-342.039427	-342.0409	-342.00452	-342.01472	
6.827259	-342.039427	-342.0409	-342.00452	-342.01472	
6.837517	-342.039427	-342.0409	-342.00452	-342.01472	
6.847708	-342.039427	-342.0409	-342.00452	-342.01472	
6.857925	-342.039427	-342.0409	-342.00452	-342.01472	
6.867962	-342.039427	-342.0409	-342.00452	-342.01472	
6.87817	-342.039427	-342.0409	-342.00452	-342.01472	
6.888271	-342.039427	-342.0409	-342.00452	-342.01472	
6.89861	-342.039427	-342.0409	-342.00452	-342.01472	
6.908597	-342.039427	-342.0409	-342.00452	-342.01472	
6.918742	-342.039427	-342.0409	-342.00452	-342.01472	
6.928978	-342.039427	-342.0409	-342.00452	-342.01472	
6.939058	-342.039427	-342.0409	-342.00452	-342.01472	
6.957645	-342.039427	-342.0409	-342.00452	-342.01472	
6.962323	-342.039427	-342.0409	-342.00452	-342.01472	
6.972419	-342.039427	-342.0409	-342.00452	-342.01472	
6.982575	-342.039427	-342.0409	-342.00452	-342.01472	
6.992812	-342.039427	-342.0409	-342.00452	-342.01472	
7.002991	-342.039427	-342.0409	-342.00452	-342.01472	
7.013092	-342.039427	-342.0409	-342.00452	-342.01472	
7.023331	-342.039427	-342.0409	-342.00452	-342.01472	
7.033508	-342.039427	-342.0409	-342.00452	-342.01472	
7.043807	-342.039427	-342.0409	-342.00452	-342.01472	
7.053791	-342.039427	-342.0409	-342.00452	-342.01472	
7.063974	-342.039427	-342.0409	-342.00452	-342.005994	
7.074071	-342.039427	-342.0409	-342.00452	-342.005994	
7.084246	-342.039427	-342.0409	-342.00452	-342.005994	
7.094418	-342.039427	-342.0409	-342.00452	-342.005994	
7.104633	-342.039427	-342.0409	-342.00452	-342.005994	
7.114749	-342.039427	-342.0409	-342.00452	-342.005994	
7.124899	-342.039427	-342.0409	-342.00452	-342.005994	
7.135131	-342.039427	-342.0409	-342.00452	-342.005994	
7.145242	-342.039427	-342.0409	-342.00452	-342.005994	
7.155389	-342.039427	-342.0409	-342.00452	-342.005994	
7.165592	-342.039427	-342.0409	-342.00452	-342.005994	
7.175708	-342.039427	-342.0409	-342.00452	-342.005994	
7.185865	-342.039427	-342.0409	-342.00452	-342.005994	
7.196015	-342.039427	-342.0409	-342.00452	-342.005994	
7.206166	-342.039427	-342.0409	-342.00452	-342.005994	
7.216344	-342.039427	-342.0409	-342.00452	-342.005994	
7.226579	-342.039427	-342.0409	-342.00452	-342.005994	
7.236661	-342.039427	-342.0409	-342.00452	-342.005994	
7.247094	-342.039427	-342.0409	-342.00452	-342.005994	
7.257239	-342.039427	-342.0409	-342.00452	-342.005994	
7.267326	-342.039427	-342.0409	-342.00452	-342.005994	
7.277493	-342.039427	-342.0409	-342.00452	-342.005994	
7.287673	-342.039427	-342.0409	-342.00452	-342.005994	
7.297901	-342.039427	-342.0409	-342.00452	-342.005994	
7.307991	-342.039427	-342.0409	-342.00452	-342.005994	
7.318127	-342.039427	-342.0409	-342.00452	-342.005994	
7.328302	-342.039427	-342.0409	-342.00452	-342.005994	
7.338413	-342.039427	-342.0409	-342.00452	-342.005994	
7.348572	-342.039427	-342.0409	-342.00452	-342.005994	
7.35893	-342.039427	-342.0409	-342.00452	-342.005994	
7.376925	-342.039427	-342.0409	-342.00452	-342.005994	
7.381631	-342.039427	-342.0409	-342.00452	-342.005994	
7.391729	-342.039427	-342.0409	-342.00452	-342.005994	
7.401926	-342.039427	-342.0409	-342.00452	-342.005994	
7.412045	-342.039427	-342.0409	-342.00452	-342.005994	
7.431562	-342.039427	-342.0409	-342.00452	-342.005994	
7.436229	-342.039427	-342.0409	-342.00452	-342.005994	
7.446394	-342.039427	-342.0409	-342.00452	-342.005994	
7.464671	-342.039427	-342.0409	-342.00452	-342.005994	
7.471767	-342.039427	-342.0409	-342.00452	-342.005994	
7.479495	-342.039427	-342.0409	-342.00452	-342.005994	
7.489747	-342.039427	-342.0409	-342.00452	-342.005994	
7.499761	-342.039427	-342.0409	-342.00452	-342.005994	
7.510161	-342.039427	-342.0409	-342.00452	-342.005994	
7.520144	-342.039427	-342.0409	-342.00452	-342.005994	
7.530204	-342.039427	-342.0409	-342.00452	-342.005994	
7.540394	-342.039427	-342.0409	-342.00452	-342.005994	
7.550549	-342.039427	-342.0409	-342.00452	-342.005994	
7.577133	-342.039427	-342.0409	-342.00452	-342.005994	
7.581834	-342.039427	-342.0409	-342.00452	-342.005994	
7.591948	-342.039427	-342.0409	-342.00452	-342.005994	
7.602129	-342.039427	-342.0409	-342.00452	-342.005994	
7.61229	-342.039427	-342.0409	-342.00452	-342.005994	
7.622449	-342.039427	-342.0409	-342.00452	-342.005994	
7.632694	-342.039427	-342.0409	-342.00452	-342.005994	
7.6428	-342.039427	-342.0409	-342.00452	-342.005994	
7.653097	-342.039427	-342.0409	-342.00452	-342.005994	
7.663307	-342.039427	-342.0409	-342.00452	-342.005994	
7.673557	-342.039427	-342.0409	-342.00452	-342.005994	
7.683622	-342.039427	-342.0409	-342.00452	-342.005994	
7.693813	-342.039427	-342.0409	-342.00452	-342.005994	
7.703939	-342.039427	-342.0409	-342.00452	-342.005994	
7.714046	-342.039427	-342.0409	-342.00452	-342.005994	
7.724233	-342.039427	-342.0409	-342.00452	-342.005994	
7.734403	-342.039427	-342.0409	-342.00452	-342.005994	
7.744706	-342.039427	-342.0409	-342.00452	-342.005994	
7.754816	-342.039427	-342.0409	-342.00452	-342.005994	
7.76492	-342.039427	-342.0409	-342.00452	-342.005994	
7.775357	-342.039427	-342.0409	-342.00452	-342.005994	
7.785325	-342.039427	-342.0409	-342.00452	-342.005994	
7.795429	-342.039427	-342.0409	-342.00452	-342.005994	
7.80558	-342.039427	-342.0409	-342.00452	-342.005994	
7.815739	-342.039427	-342.0409	-342.00452	-342.005994	
7.825929	-342.039427	-342.0409	-342.00452	-342.005994	
7.836073	-342.039427	-342.0409	-342.00452	-342.005994	
7.846236	-342.039427	-342.0409	-342.00452	-342.005994	
7.85639	-342.039427	-342.0409	-342.00452	-342.005994	
7.866525	-342.039427	-342.0409	-342.00452	-342.005994	
7.876912	-342.039427	-342.0409	-342.00452	-342.005994	
7.886887	-342.039427	-342.0409	-342.00452	-342.005994	
7.897095	-342.039427	-342.0409	-342.00452	-342.005994	
7.907205	-342.039427	-342.0409	-342.00452	-342.005994	
7.917358	-342.039427	-342.0409	-342.00452	-342.005994	
7.927609	-342.039427	-342.0409	-342.00452	-342.005994	
7.937729	-342.039427	-342.0409	-342.00452	-342.005994	
7.947872	-342.039427	-342.0409	-342.00452	-342.005994	
7.958006	-342.039427	-342.0409	-342.00452	-342.005994	
7.968175	-342.039427	-342.0409	-342.00452	-342.005994	
7.978254	-342.039427	-342.0409	-342.00452	-342.005994	
7.988439	-342.039427	-342.0409	-342.00452	-342.005994	
7.998627	-342.039427	-342.0409	-342.00452	-342.005994	
8.008782	-342.039427	-342.0409	-342.00452	-342.005994	
8.018927	-342.039427	-342.0409	-342.00452	-342.005994	
8.029067	-342.039427	-342.0409	-342.00452	-342.005994	
8.04731	-342.039427	-342.0409	-342.00452	-342.005994	
8.051964	-342.039427	-342.0409	-342.00452	-342.005994	
8.062114	-342.039427	-342.0409	-342.00452	-342.005994	
8.07235	-342.039427	-342.0409	-342.00452	-342.005994	
8.08246	-342.039427	-342.0409	-342.00452	-342.005994	
8.092659	-342.039427	-342.0409	-342.00452	-342.005994	
8.102801	-342.039427	-342.0409	-342.00452	-342.005994	
8.112978	-342.039427	-342.0409	-342.00452	-342.005994	
8.123161	-342.039427	-342.0409	-342.00452	-342.005994	
8.133318	-342.039427	-342.0409	-342.00452	-342.005994	
8.143513	-342.039427	-342.0409	-342.00452	-342.005994	
8.153682	-342.039427	-342.0409	-342.00452	-342.005994	
8.163793	-342.039427	-342.0409	-342.00452	-342.005994	
8.173948	-342.039427	-342.0409	-342.00452	-342.005994	
8.18417	-342.039427	-342.0409	-342.00452	-342.005994	
8.194358	-342.039427	-342.0409	-342.00452	-342.005994	
8.204489	-342.039427	-342.0409	-342.00452	-342.005994	
8.214799	-342.039427	-342.0409	-342.00452	-342.005994	
8.224904	-342.039427	-342.0409	-342.00452	-342.005994	
8.235043	-342.039427	-342.0409	-342.00452	-342.005994	
8.245197	-342.039427	-342.0409	-342.00452	-342.005994	
8.255388	-342.039427	-342.0409	-342.00452	-342.005994	
8.265778	-342.039427	-342.0409	-342.00452	-342.005994	
8.275644	-342.039427	-342.0409	-342.00452	-342.005994	
8.285893	-342.039427	-342.0409	-342.00452	-342.005994	
8.296061	-342.039427	-342.0409	-342.00452	-342.005994	
8.306147	-342.039427	-342.0409	-342.00452	-342.005994	
8.316296	-342.039427	-342.0409	-342.00452	-342.005994	
8.326548	-342.039427	-342.0409	-342.00452	-342.005994	
8.336798	-342.039427	-342.0409	-342.00452	-342.005994	
8.346925	-342.039427	-342.0409	-342.00452	-342.005994	
8.357037	-342.039427	-342.0409	-342.00452	-342.005994	
8.367259	-342.039427	-342.0409	-342.00452	-342.005994	
8.377568	-342.039427	-342.0409	-342.00452	-342.005994	
8.387517	-342.039427	-342.0409	-342.00452	-342.005994	
8.39764	-342.039427	-342.0409	-342.00452	-342.005994	
8.407924	-342.039427	-342.0409	-342.00452	-342.005994	
8.418018	-342.039427	-342.0409	-342.00452	-342.005994	
8.428165	-342.039427	-342.0409	-342.00452	-342.005994	
8.43835	-342.039427	-342.0409	-342.00452	-342.005994	
8.448515	-342.039427	-342.0409	-342.00452	-342.005994	
8.458679	-342.039427	-342.0409	-342.00452	-342.005994	
8.469207	-342.039427	-342.0409	-342.00452	-342.005994	
8.479026	-342.039427	-342.0409	-342.00452	-342.005994	
8.497143	-342.039427	-342.0409	-342.00452	-342.005994	
8.50179	-342.039427	-342.0409	-342.00452	-342.005994	
8.512043	-342.039427	-342.0409	-342.00452	-342.005994	
8.52213	-342.039427	-342.0409	-342.00452	-342.005994	
8.532271	-342.039427	-342.0409	-342.00452	-342.005994	
8.542471	-342.039427	-342.0409	-342.00452	-342.005994	
8.55267	-342.039427	-342.0409	-342.00452	-342.005994	
8.56286	-342.039427	-342.0409	-342.00452	-342.005994	
8.572974	-342.039427	-342.0409	-342.00452	-342.005994	
8.583249	-342.039427	-342.0409	-342.00452	-342.005994	
8.593349	-342.039427	-342.0409	-342.00452	-342.005994	
8.603473	-342.039427	-342.0409	-342.00452	-342.005994	
8.613675	-342.039427	-342.0409	-342.00452	-342.005994	
8.623848	-342.039427	-342.0409	-342.00452	-342.005994	
8.633997	-342.039427	-342.0409	-342.00452	-342.005994	
8.644153	-342.039427	-342.0409	-342.00452	-342.005994	
8.654282	-342.039427	-342.0409	-342.00452	-342.005994	
8.664539	-342.039427	-342.0409	-342.00452	-342.005994	
8.674683	-342.039427	-342.0409	-342.00452	-342.005994	
8.684835	-342.039427	-342.0409	-342.00452	-342.005994	
8.694986	-342.039427	-342.0409	-342.00452	-342.005994	
8.705148	-342.039427	-342.0409	-342.00452	-342.005994	
8.715481	-342.039427	-342.0409	-342.00452	-342.005994	
8.725435	-342.039427	-342.0409	-342.00452	-342.005994	
8.735632	-342.039427	-342.0409	-342.00452	-342.005994	
8.745809	-342.039427	-342.0409	-342.00452	-342.005994	
8.755893	-342.039427	-342.0409	-342.00452	-342.005994	
8.766151	-342.039427	-342.0409	-342.00452	-342.005994	
8.776268	-342.039427	-342.0409	-342.00452	-342.005994	
8.786429	-342.039427	-342.0409	-342.00452	-342.005994	
8.796574	-342.039427	-342.0409	-342.00452	-342.005994	
8.807135	-342.039427	-342.0409	-342.00452	-342.005994	
8.817	-342.039427	-342.0409	-342.00452	-342.005994	
8.827157	-342.039427	-342.0409	-342.00452	-342.005994	
8.837291	-342.039427	-342.0409	-342.00452	-342.005994	
8.847479	-342.039427	-342.0409	-342.00452	-342.005994	
8.857743	-342.039427	-342.0409	-342.00452	-342.005994	
8.867713	-342.039427	-342.0409	-342.00452	-342.005994	
8.878639	-342.039427	-342.0409	-342.00452	-342.005994	
8.888125	-342.039427	-342.0409	-342.00452	-342.005994	
8.898231	-342.039427	-342.0409	-342.00452	-342.005994	
8.908351	-342.039427	-342.0409	-342.00452	-342.005994	
8.918514	-342.039427	-342.0409	-342.00452	-342.005994	
8.928711	-342.039427	-342.0409	-342.00452	-342.005994	
8.938888	-342.039427	-342.0409	-342.00452	-342.005994	
8.949032	-342.039427	-342.0409	-342.00452	-342.005994	
8.967272	-342.039427	-342.0409	-342.00452	-342.005994	
8.971877	-342.039427	-342.0409	-342.00452	-342.005994	
8.982088	-342.039427	-342.0409	-342.00452	-342.005994	
8.99226	-342.039427	-342.0409	-342.00452	-342.005994	
9.002387	-342.039427	-342.0409	-342.00452	-342.005994	
9.012502	-342.039427	-342.0409	-342.00452	-342.005994	
9.022748	-342.039427	-342.0409	-342.00452	-342.005994	
9.032977	-342.039427	-342.0409	-342.00452	-342.005994	
9.043092	-342.039427	-342.0409	-342.00452	-342.005994	
9.053224	-342.039427	-342.0409	-342.00452	-342.005994	
9.06348	-342.039427	-342.0409	-342.00452	-342.005994	
9.073654	-342.039427	-342.0409	-342.00452	-342.005994	
9.083718	-342.039427	-342.0409	-342.00452	-342.005994	
9.093972	-342.039427	-342.0409	-342.00452	-342.005994	
9.104139	-342.039427	-342.0409	-342.00452	-342.005994	
9.11426	-342.039427	-342.0409	-342.00452	-342.005994	
9.124395	-342.039427	-342.0409	-342.00452	-342.005994	
9.134767	-342.039427	-342.0409	-342.00452	-342.005994	
9.144793	-342.039427	-342.0409	-342.00452	-342.005994	
9.154936	-342.039427	-342.0409	-342.00452	-342.005994	
9.165089	-342.039427	-342.0409	-342.00452	-342.005994	
9.175215	-342.039427	-342.0409	-342.00452	-342.005994	
9.18548	-342.039427	-342.0409	-342.00452	-342.005994	
9.195567	-342.039427	-342.0409	-342.00452	-342.005994	
9.205719	-342.039427	-342.0409	-342.00452	-342.005994	
9.215918	-342.039427	-342.0409	-342.00452	-342.005994	
9.226054	-342.039427	-342.0409	-342.00452	-342.005994	
9.23646	-342.039427	-342.0409	-342.00452	-342.005994	
9.246352	-342.039427	-342.0409	-342.00452	-342.005994	
9.256641	-342.039427	-342.0409	-342.00452	-342.005994	
9.266841	-342.039427	-342.0409	-342.00452	-342.005994	
9.277178	-342.039427	-342.0409	-342.00452	-342.005994	
9.287133	-342.039427	-342.0409	-342.00452	-342.005994	
9.297316	-342.039427	-342.0409	-342.00452	-342.005994	
9.307391	-342.039427	-342.0409	-342.00452	-342.005994	
9.31755	-342.039427	-342.0409	-342.00452	-342.005994	
9.329802	-342.039427	-342.0409	-342.00452	-342.005994	
9.337955	-342.039427	-342.0409	-342.00452	-342.005994	
9.348004	-342.039427	-342.0409	-342.00452	-342.005994	
9.358232	-342.039427	-342.0409	-342.00452	-342.005994	
9.368326	-342.039427	-342.0409	-342.00452	-342.005994	
9.378686	-342.039427	-342.0409	-342.00452	-342.005994	
9.388632	-342.039427	-342.0409	-342.00452	-342.005994	
9.398816	-342.039427	-342.0409	-342.00452	-342.005994	
9.408997	-342.039427	-342.0409	-342.00452	-342.005994	
9.420259	-342.039427	-342.0409	-342.00452	-342.005994	
9.429346	-342.039427	-342.0409	-342.00452	-342.005994	
9.439512	-342.039427	-342.0409	-342.00452	-342.005994	
9.449721	-342.039427	-342.0409	-342.00452	-342.005994	
9.459755	-342.039427	-342.0409	-342.00452	-342.005994	
9.469924	-342.039427	-342.0409	-342.00452	-342.005994	
9.480156	-342.039427	-342.0409	-342.00452	-342.005994	
9.490219	-342.039427	-342.0409	-342.00452	-342.005994	
9.500363	-342.039427	-342.0409	-342.00452	-342.005994	
9.510552	-342.039427	-342.0409	-342.00452	-342.005994	
9.520775	-342.039427	-342.0409	-342.00452	-342.005994	
9.530919	-342.039427	-342.0409	-342.00452	-342.005994	
9.541126	-342.039427	-342.0409	-342.00452	-342.005994	
9.551387	-342.039427	-342.0409	-342.00452	-342.005994	
9.561501	-342.039427	-342.0409	-342.00452	-342.005994	
9.57155	-342.039427	-342.0409	-342.00452	-342.005994	
9.581739	-342.039427	-342.0409	-342.00452	-342.005994	
9.591937	-342.039427	-342.0409	-342.00452	-342.005994	
9.602083	-342.039427	-342.0409	-342.00452	-342.005994	
9.612221	-342.039427	-342.0409	-342.00452	-342.005994	
9.622392	-342.039427	-342.0409	-342.00452	-342.005994	
9.632573	-342.039427	-342.0409	-342.00452	-342.005994	
9.642706	-342.039427	-342.0409	-342.00452	-342.005994	
9.653006	-342.039427	-342.0409	-342.00452	-342.005994	
9.663056	-342.039427	-342.0409	-342.00452	-342.005994	
9.673257	-342.039427	-342.0409	-342.00452	-342.005994	
9.683394	-342.039427	-342.0409	-342.00452	-342.005994	
9.693528	-342.039427	-342.0409	-342.00452	-342.005994	
9.703723	-342.039427	-342.0409	-342.00452	-342.005994	
9.71403	-342.039427	-342.0409	-342.00452	-342.005994	
9.724126	-342.039427	-342.0409	-342.00452	-342.005994	
9.734279	-342.039427	-342.0409	-342.00452	-342.005994	
9.744454	-342.039427	-342.0409	-342.00452	-342.005994	
9.7546	-342.039427	-342.0409	-342.00452	-342.005994	
9.764814	-342.039427	-342.0409	-342.00452	-342.005994	
9.774894	-342.039427	-342.0409	-342.00452	-342.005994	
9.785139	-342.039427	-342.0409	-342.00452	-342.005994	
9.795318	-342.039427	-342.0409	-342.00452	-342.005994	
9.805433	-342.039427	-342.0409	-342.00452	-342.005994	
9.815636	-342.039427	-342.0409	-342.00452	-342.005994	
9.825759	-342.039427	-342.0409	-342.00452	-342.005994	
9.835925	-342.039427	-342.0409	-342.00452	-342.005994	
9.846094	-342.039427	-342.0409	-342.00452	-342.005994	
9.856366	-342.039427	-342.0409	-342.00452	-342.005994	
9.866389	-342.039427	-342.0409	-342.00452	-342.005994	
9.87656	-342.039427	-342.0409	-342.00452	-342.005994	
9.886751	-342.039427	-342.0409	-342.00452	-342.005994	
9.89698	-342.039427	-342.0409	-342.00452	-342.005994	
9.907121	-342.039427	-342.0409	-342.00452	-342.005994	
9.917258	-342.039427	-342.0409	-342.00452	-342.005994	
9.927499	-342.039427	-342.0409	-342.00452	-342.005994	
9.937595	-342.039427	-342.0409	-342.00452	-342.005994	
9.947678	-342.039427	-342.0409	-342.00452	-342.005994	
9.95798	-342.039427	-342.0409	-342.00452	-342.005994	
9.968328	-342.039427	-342.0409	-342.00452	-342.005994	
9.978201	-342.039427	-342.0409	-342.00452	-342.005994	
9.988301	-342.039427	-342.0409	-342.00452	-342.005994	
9.998651	-342.039427	-342.0409	-342.00452	-342.005994	
10.00864	-342.039427	-342.0409	-342.00452	-342.005994	
10.01879	-342.039427	-342.0409	-342.00452	-342.005994	
10.02897	-342.039427	-342.0409	-342.00452	-342.005994	
10.0391	-342.039427	-342.0409	-342.00452	-342.005994	
10.05721	-342.039427	-342.0409	-342.00452	-342.005994	
10.06185	-342.039427	-342.0409	-342.00452	-342.005994	
10.07207	-342.039427	-342.0409	-342.00452	-342.005994	
10.08219	-342.039427	-342.0409	-342.00452	-342.005994	
10.09233	-342.039427	-342.0409	-342.00452	-342.005994	
10.10252	-342.039427	-342.0409	-342.00452	-342.005994	
10.1127	-342.039427	-342.0409	-342.00452	-342.005994	
10.12285	-342.039427	-342.0409	-342.00452	-342.005994	
10.13301	-342.039427	-342.0409	-342.00452	-342.005994	
10.14322	-342.039427	-342.0409	-342.00452	-342.005994	
10.1534	-342.039427	-342.0409	-342.00452	-342.005994	
10.16349	-342.039427	-342.0409	-342.00452	-342.005994	
10.17361	-342.039427	-342.0409	-342.00452	-342.005994	
10.18387	-342.039427	-342.0409	-342.00452	-342.01472	
10.19401	-342.039427	-342.0409	-342.00452	-342.01472	
10.20413	-342.039427	-342.0409	-342.00452	-342.01472	
10.21433	-342.039427	-342.0409	-342.00452	-342.01472	
10.22449	-342.039427	-342.0409	-342.00452	-342.01472	
10.23458	-342.039427	-342.0409	-342.00452	-342.01472	
10.24479	-342.039427	-342.0409	-342.00452	-342.01472	
10.2549	-342.039427	-342.0409	-342.00452	-342.01472	
10.26521	-342.039427	-342.0409	-342.00452	-342.01472	
10.27534	-342.039427	-342.0409	-342.00452	-342.01472	
10.28551	-342.039427	-342.0409	-342.00452	-342.01472	
10.2957	-342.039427	-342.0409	-342.00452	-342.01472	
10.30587	-342.039427	-342.0409	-342.00452	-342.01472	
10.31597	-342.039427	-342.0409	-342.00452	-342.01472	
10.32617	-342.039427	-342.0409	-342.00452	-342.01472	
10.33636	-342.039427	-342.0409	-342.00452	-342.01472	
10.34654	-342.039427	-342.0409	-342.00452	-342.01472	
10.35673	-342.039427	-342.0409	-342.00452	-342.01472	
10.36691	-342.039427	-342.0409	-342.00452	-342.01472	
10.37704	-342.039427	-342.0409	-342.00452	-342.01472	
10.38721	-342.039427	-342.0409	-342.00452	-342.01472	
10.39731	-342.039427	-342.0409	-342.00452	-342.01472	
10.40754	-342.039427	-342.0409	-342.00452	-342.01472	
10.41765	-342.039427	-342.0409	-342.00452	-342.01472	
10.42775	-342.039427	-342.0409	-342.00452	-342.01472	
10.43793	-342.039427	-342.0409	-342.00452	-342.01472	
10.44812	-342.039427	-342.0409	-342.00452	-342.01472	
10.45823	-342.039427	-342.0409	-342.00452	-342.01472	
10.46837	-342.039427	-342.0409	-342.00452	-342.01472	
10.48856	-342.039427	-342.0409	-342.00452	-342.01472	
10.4932	-342.039427	-342.0409	-342.00452	-342.01472	
10.50339	-342.039427	-342.0409	-342.00452	-342.01472	
10.51363	-342.039427	-342.0409	-342.00452	-342.01472	
10.52371	-342.039427	-342.0409	-342.00452	-342.01472	
10.53383	-342.039427	-342.0409	-342.00452	-342.01472	
10.54408	-342.039427	-342.0409	-342.00452	-342.01472	
10.55421	-342.039427	-342.0409	-342.00452	-342.01472	
10.56435	-342.039427	-342.0409	-342.00452	-342.01472	
10.57447	-342.039427	-342.0409	-342.00452	-342.01472	
10.58465	-342.039427	-342.0409	-342.00452	-342.01472	
10.59501	-342.039427	-342.0409	-342.00452	-342.01472	
10.60497	-342.039427	-342.0409	-342.00452	-342.01472	
10.61514	-342.039427	-342.0409	-342.00452	-342.01472	
10.62529	-342.039427	-342.0409	-342.00452	-342.01472	
10.63547	-342.039427	-342.0409	-342.00452	-342.01472	
10.64562	-342.039427	-342.0409	-342.00452	-342.01472	
10.65589	-342.039427	-342.0409	-342.00452	-342.01472	
10.66601	-342.039427	-342.0409	-342.00452	-342.01472	
10.67613	-342.039427	-342.0409	-342.00452	-342.01472	
10.68631	-342.039427	-342.0409	-342.00452	-342.01472	
10.69647	-342.039427	-342.0409	-342.00452	-342.01472	
10.70656	-342.039427	-342.0409	-342.00452	-342.01472	
10.71678	-342.039427	-342.0409	-342.00452	-342.01472	
10.72697	-342.039427	-342.0409	-342.00452	-342.01472	
10.73712	-342.039427	-342.0409	-342.00452	-342.01472	
10.74735	-342.039427	-342.0409	-342.00452	-342.01472	
10.75741	-342.039427	-342.0409	-342.00452	-342.01472	
10.76766	-342.039427	-342.0409	-342.00452	-342.01472	
10.77774	-342.039427	-342.0409	-342.00452	-342.01472	
10.78791	-342.039427	-342.0409	-342.00452	-342.01472	
10.79808	-342.039427	-342.0409	-342.00452	-342.01472	
10.80831	-342.039427	-342.0409	-342.00452	-342.01472	
10.81839	-342.039427	-342.0409	-342.00452	-342.01472	
10.82852	-342.039427	-342.0409	-342.00452	-342.01472	
10.83866	-342.039427	-342.0409	-342.00452	-342.01472	
10.84883	-342.039427	-342.0409	-342.00452	-342.01472	
10.86712	-342.039427	-342.0409	-342.00452	-342.01472	
10.87183	-342.039427	-342.0409	-342.00452	-342.01472	
10.88223	-342.039427	-342.0409	-342.00452	-342.01472	
10.8921	-342.039427	-342.0409	-342.00452	-342.01472	
10.90235	-342.039427	-342.0409	-342.00452	-342.01472	
10.91254	-342.039427	-342.0409	-342.00452	-342.01472	
10.92267	-342.039427	-342.0409	-342.00452	-342.01472	
10.93282	-342.039427	-342.0409	-342.00452	-342.01472	
10.943	-342.039427	-342.0409	-342.00452	-342.01472	
10.95325	-342.039427	-342.0409	-342.00452	-342.01472	
10.96344	-342.039427	-342.0409	-342.00452	-342.01472	
10.9735	-342.039427	-342.0409	-342.00452	-342.01472	
10.9837	-342.039427	-342.0409	-342.00452	-342.01472	
10.99395	-342.039427	-342.0409	-342.00452	-342.01472	
11.00403	-342.039427	-342.0409	-342.00452	-342.01472	
11.01435	-342.039427	-342.0409	-342.00452	-342.01472	
11.02456	-342.039427	-342.0409	-342.00452	-342.01472	
11.03469	-342.039427	-342.0409	-342.00452	-342.01472	
11.04483	-342.039427	-342.0409	-342.00452	-342.01472	
11.05502	-342.039427	-342.0409	-342.00452	-342.01472	
11.06525	-342.039427	-342.0409	-342.00452	-342.01472	
11.07542	-342.039427	-342.0409	-342.00452	-342.01472	
11.08552	-342.039427	-342.0409	-342.00452	-342.01472	
11.09576	-342.039427	-342.0409	-342.00452	-342.01472	
11.10595	-342.039427	-342.0409	-342.00452	-342.01472	
11.11604	-342.039427	-342.0409	-342.00452	-342.01472	
11.12628	-342.039427	-342.0409	-342.00452	-342.01472	
11.13645	-342.039427	-342.0409	-342.00452	-342.01472	
11.14656	-342.039427	-342.0409	-342.00452	-342.01472	
11.15676	-342.039427	-342.0409	-342.00452	-342.01472	
11.16716	-342.039427	-342.0409	-342.00452	-342.01472	
11.17704	-342.039427	-342.0409	-342.00452	-342.01472	
11.18723	-342.039427	-342.0409	-342.00452	-342.01472	
11.19735	-342.039427	-342.0409	-342.00452	-342.01472	
11.20758	-342.039427	-342.0409	-342.00452	-342.01472	
11.21768	-342.039427	-342.0409	-342.00452	-342.01472	
11.22792	-342.039427	-342.0409	-342.00452	-342.01472	
11.23796	-342.039427	-342.0409	-342.00452	-342.01472	
11.24821	-342.039427	-342.0409	-342.00452	-342.01472	
11.25828	-342.039427	-342.0409	-342.00452	-342.01472	
11.26862	-342.039427	-342.0409	-342.00452	-342.01472	
11.27863	-342.039427	-342.0409	-342.00452	-342.01472	
11.28877	-342.039427	-342.0409	-342.00452	-342.01472	
11.29893	-342.039427	-342.0409	-342.00452	-342.01472	
11.30904	-342.039427	-342.0409	-342.00452	-342.01472	
11.32776	-342.039427	-342.0409	-342.00452	-342.01472	
11.33242	-342.039427	-342.0409	-342.00452	-342.01472	
11.34261	-342.039427	-342.0409	-342.00452	-342.01472	
11.35282	-342.039427	-342.0409	-342.00452	-342.01472	
11.36296	-342.039427	-342.0409	-342.00452	-342.01472	
11.3731	-342.039427	-342.0409	-342.00452	-342.01472	
11.38336	-342.039427	-342.0409	-342.00452	-342.01472	
11.39349	-342.039427	-342.0409	-342.00452	-342.01472	
11.4036	-342.039427	-342.0409	-342.00452	-342.01472	
11.41372	-342.039427	-342.0409	-342.00452	-342.01472	
11.42396	-342.039427	-342.0409	-342.00452	-342.01472	
11.43412	-342.039427	-342.0409	-342.00452	-342.01472	
11.44425	-342.039427	-342.0409	-342.00452	-342.01472	
11.45441	-342.039427	-342.0409	-342.00452	-342.01472	
11.4646	-342.039427	-342.0409	-342.00452	-342.01472	
11.47474	-342.039427	-342.0409	-342.00452	-342.01472	
11.48491	-342.039427	-342.0409	-342.00452	-342.01472	
11.49506	-342.039427	-342.0409	-342.00452	-342.01472	
11.50523	-342.039427	-342.0409	-342.00452	-342.01472	
11.51536	-342.039427	-342.0409	-342.00452	-342.01472	
11.52551	-342.039427	-342.0409	-342.00452	-342.01472	
11.53576	-342.039427	-342.0409	-342.00452	-342.01472	
11.54595	-342.039427	-342.0409	-342.00452	-342.01472	
11.55599	-342.039427	-342.0409	-342.00452	-342.01472	
11.56618	-342.039427	-342.0409	-342.00452	-342.01472	
11.57628	-342.039427	-342.0409	-342.00452	-342.01472	
11.58675	-342.039427	-342.0409	-342.00452	-342.01472	
11.59663	-342.039427	-342.0409	-342.00452	-342.01472	
11.60685	-342.039427	-342.0409	-342.00452	-342.01472	
11.61702	-342.039427	-342.0409	-342.00452	-342.01472	
11.62724	-342.039427	-342.0409	-342.00452	-342.01472	
11.6373	-342.039427	-342.0409	-342.00452	-342.01472	
11.6475	-342.039427	-342.0409	-342.00452	-342.01472	
11.65768	-342.039427	-342.0409	-342.00452	-342.01472	
11.66777	-342.039427	-342.0409	-342.00452	-342.01472	
11.67793	-342.039427	-342.0409	-342.00452	-342.01472	
11.68852	-342.039427	-342.0409	-342.00452	-342.01472	
11.69826	-342.039427	-342.0409	-342.00452	-342.01472	
11.70837	-342.039427	-342.0409	-342.00452	-342.01472	
11.71856	-342.039427	-342.0409	-342.00452	-342.01472	
11.72868	-342.039427	-342.0409	-342.00452	-342.01472	
11.73886	-342.039427	-342.0409	-342.00452	-342.01472	
11.74906	-342.039427	-342.0409	-342.00452	-342.01472	
11.75923	-342.039427	-342.0409	-342.00452	-342.01472	
11.76939	-342.039427	-342.0409	-342.00452	-342.01472	
11.77964	-342.039427	-342.0409	-342.00452	-342.01472	
11.78965	-342.039427	-342.0409	-342.00452	-342.01472	
11.79984	-342.039427	-342.0409	-342.00452	-342.01472	
11.81004	-342.039427	-342.0409	-342.00452	-342.01472	
11.82013	-342.039427	-342.0409	-342.00452	-342.01472	
11.83032	-342.039427	-342.0409	-342.00452	-342.01472	
11.84044	-342.039427	-342.0409	-342.00452	-342.01472	
11.85062	-342.039427	-342.0409	-342.00452	-342.01472	
11.86082	-342.039427	-342.0409	-342.00452	-342.01472	
11.87093	-342.039427	-342.0409	-342.00452	-342.01472	
11.88934	-342.039427	-342.0409	-342.00452	-342.01472	
11.89397	-342.039427	-342.0409	-342.00452	-342.01472	
11.90417	-342.039427	-342.0409	-342.00452	-342.01472	
11.91435	-342.039427	-342.0409	-342.00452	-342.01472	
11.92445	-342.039427	-342.0409	-342.00452	-342.01472	
11.93462	-342.039427	-342.0409	-342.00452	-342.01472	
11.94484	-342.039427	-342.0409	-342.00452	-342.01472	
11.95497	-342.039427	-342.0409	-342.00452	-342.01472	
11.96511	-342.039427	-342.0409	-342.00452	-342.01472	
11.97521	-342.039427	-342.0409	-342.00452	-342.01472	
11.98541	-342.039427	-342.0409	-342.00452	-342.01472	
11.99564	-342.039427	-342.0409	-342.00452	-342.01472	
12.00579	-342.039427	-342.0409	-342.00452	-342.01472	
12.01593	-342.039427	-342.0409	-342.00452	-342.01472	
12.0261	-342.039427	-342.0409	-342.00452	-342.01472	
12.03639	-342.039427	-342.0409	-342.00452	-342.01472	
12.04644	-342.039427	-342.0409	-342.00452	-342.01472	
12.05664	-342.039427	-342.0409	-342.00452	-342.01472	
12.06686	-342.039427	-342.0409	-342.00452	-342.01472	
12.07714	-342.039427	-342.0409	-342.00452	-342.01472	
12.08712	-342.039427	-342.0409	-342.00452	-342.01472	
12.0973	-342.039427	-342.0409	-342.00452	-342.01472	
12.10737	-342.039427	-342.0409	-342.00452	-342.01472	
12.11752	-342.039427	-342.0409	-342.00452	-342.01472	
12.12775	-342.039427	-342.0409	-342.00452	-342.01472	
12.13792	-342.039427	-342.0409	-342.00452	-342.01472	
12.14802	-342.039427	-342.0409	-342.00452	-342.01472	
12.1582	-342.039427	-342.0409	-342.00452	-342.01472	
12.16832	-342.039427	-342.0409	-342.00452	-342.01472	
12.1785	-342.039427	-342.0409	-342.00452	-342.01472	
12.18864	-342.039427	-342.0409	-342.00452	-342.01472	
12.1988	-342.039427	-342.0409	-342.00452	-342.01472	
12.20895	-342.039427	-342.0409	-342.00452	-342.01472	
12.21927	-342.039427	-342.0409	-342.00452	-342.01472	
12.22933	-342.039427	-342.0409	-342.00452	-342.01472	
12.23987	-342.039427	-342.0409	-342.00452	-342.01472	
12.25755	-342.039427	-342.0409	-342.00452	-342.01472	
12.26223	-342.039427	-342.0409	-342.00452	-342.01472	
12.27237	-342.039427	-342.0409	-342.00452	-342.01472	
12.28252	-342.039427	-342.0409	-342.00452	-342.01472	
12.29271	-342.039427	-342.0409	-342.00452	-342.01472	
12.30289	-342.039427	-342.0409	-342.00452	-342.01472	
12.31311	-342.039427	-342.0409	-342.00452	-342.01472	
12.32326	-342.039427	-342.0409	-342.00452	-342.01472	
12.33343	-342.039427	-342.0409	-342.00452	-342.01472	
12.34363	-342.039427	-342.0409	-342.00452	-342.01472	
12.35381	-342.039427	-342.0409	-342.00452	-342.01472	
12.36394	-342.039427	-342.0409	-342.00452	-342.01472	
12.37404	-342.039427	-342.0409	-342.00452	-342.01472	
12.38436	-342.039427	-342.0409	-342.00452	-342.01472	
12.39441	-342.039427	-342.0409	-342.00452	-342.01472	
12.40455	-342.039427	-342.0409	-342.00452	-342.01472	
12.41472	-342.039427	-342.0409	-342.00452	-342.01472	
12.42543	-342.039427	-342.0409	-342.00452	-342.01472	
12.43561	-342.039427	-342.0409	-342.00452	-342.01472	
12.44573	-342.039427	-342.0409	-342.00452	-342.01472	
12.45594	-342.039427	-342.0409	-342.00452	-342.01472	
12.46611	-342.039427	-342.0409	-342.00452	-342.01472	
12.47625	-342.039427	-342.0409	-342.00452	-342.01472	
12.48642	-342.039427	-342.0409	-342.00452	-342.01472	
12.49655	-342.039427	-342.0409	-342.00452	-342.01472	
12.50668	-342.039427	-342.0409	-342.00452	-342.01472	
12.51684	-342.039427	-342.0409	-342.00452	-342.01472	
12.52703	-342.039427	-342.0409	-342.00452	-342.01472	
12.54526	-342.039427	-342.0409	-342.00452	-342.01472	
12.5499	-342.039427	-342.0409	-342.00452	-342.01472	
12.56015	-342.039427	-342.0409	-342.00452	-342.01472	
12.5702	-342.039427	-342.0409	-342.00452	-342.01472	
12.5804	-342.039427	-342.0409	-342.00452	-342.01472	
12.59052	-342.039427	-342.0409	-342.00452	-342.01472	
12.60069	-342.039427	-342.0409	-342.00452	-342.01472	
12.61874	-342.039427	-342.0409	-342.00452	-342.01472	
12.62336	-342.039427	-342.0409	-342.00452	-342.01472	
12.63352	-342.039427	-342.0409	-342.00452	-342.01472	
12.64369	-342.039427	-342.0409	-342.00452	-342.01472	
12.65398	-342.039427	-342.0409	-342.00452	-342.01472	
12.66412	-342.039427	-342.0409	-342.00452	-342.01472	
12.67424	-342.039427	-342.0409	-342.00452	-342.01472	
12.68445	-342.039427	-342.0409	-342.00452	-342.01472	
12.69454	-342.039427	-342.0409	-342.00452	-342.01472	
12.70469	-342.039427	-342.0409	-342.00452	-342.01472	
12.71487	-342.039427	-342.0409	-342.00452	-342.01472	
12.725	-342.039427	-342.0409	-342.00452	-342.01472	
12.73517	-342.039427	-342.0409	-342.00452	-342.01472	
12.74541	-342.039427	-342.0409	-342.00452	-342.01472	
12.75553	-342.039427	-342.0409	-342.00452	-342.01472	
12.76568	-342.039427	-342.0409	-342.00452	-342.01472	
12.77588	-342.039427	-342.0409	-342.00452	-342.01472	
12.78612	-342.039427	-342.0409	-342.00452	-342.01472	
12.79618	-342.039427	-342.0409	-342.00452	-342.01472	
12.80639	-342.039427	-342.0409	-342.00452	-342.01472	
12.81654	-342.039427	-342.0409	-342.00452	-342.01472	
12.82664	-342.039427	-342.0409	-342.00452	-342.01472	
12.83681	-342.039427	-342.0409	-342.00452	-342.01472	
12.84699	-342.039427	-342.0409	-342.00452	-342.01472	
12.85718	-342.039427	-342.0409	-342.00452	-342.01472	
12.86738	-342.039427	-342.0409	-342.00452	-342.01472	
12.87749	-342.039427	-342.0409	-342.00452	-342.01472	
12.88776	-342.039427	-342.0409	-342.00452	-342.01472	
12.89793	-342.039427	-342.0409	-342.00452	-342.01472	
12.908	-342.039427	-342.0409	-342.00452	-342.01472	
