97.43705	-482.045096	-482.059939	-482.010189	-481.990126	
97.44713	-482.050907	-482.059939	-482.016	-481.990126	
97.45777	-482.059384	-482.059939	-482.024477	-481.990126	
97.46793	-482.069481	-482.059939	-482.034574	-481.990126	
97.47808	-482.081627	-482.059939	-482.046721	-481.990126	
97.48826	-482.095891	-482.059939	-482.060985	-481.990126	
97.49834	-482.112021	-482.059939	-482.077114	-481.998853	
97.5085	-482.130366	-482.068666	-482.095459	-482.016306	
97.51865	-482.150745	-482.077393	-482.115838	-482.033759	
97.5288	-482.173194	-482.094846	-482.138288	-482.059939	
97.53897	-482.197767	-482.112299	-482.162861	-482.094846	
97.54926	-482.224727	-482.138479	-482.18982	-482.129753	
97.55939	-482.253328	-482.173386	-482.218422	-482.155933	
97.56949	-482.28389	-482.208292	-482.248983	-482.190839	
97.5798	-482.317197	-482.243199	-482.28229	-482.225746	
97.58977	-482.351386	-482.286832	-482.316479	-482.260652	
97.6002	-482.3894	-482.330465	-482.354494	-482.304285	
97.61012	-482.427415	-482.374099	-482.392509	-482.339192	
97.62023	-482.468249	-482.409005	-482.433343	-482.391552	
97.6304	-482.511427	-482.461365	-482.476521	-482.435185	
97.64052	-482.556405	-482.504998	-482.521499	-482.478818	
97.65074	-482.603956	-482.548632	-482.569049	-482.531178	
97.66088	-482.653148	-482.600991	-482.618242	-482.583538	
97.67096	-482.704101	-482.653351	-482.669195	-482.635898	
97.68139	-482.75903	-482.714438	-482.724124	-482.688258	
97.692	-482.818984	-482.775524	-482.784078	-482.758071	
97.7017	-482.872131	-482.836611	-482.837224	-482.810431	
97.71181	-482.931469	-482.897697	-482.896563	-482.862791	
97.72201	-482.993438	-482.958784	-482.958531	-482.915151	
97.73217	-483.05723	-483.01987	-483.022323	-482.976237	
97.74231	-483.122964	-483.080957	-483.088057	-483.037324	
97.75253	-483.191287	-483.142044	-483.15638	-483.09841	
97.76268	-483.261252	-483.211857	-483.226345	-483.168223	
97.77278	-483.332836	-483.272943	-483.297929	-483.22931	
97.78299	-483.407332	-483.342756	-483.372426	-483.30785	
97.79319	-483.483828	-483.421296	-483.448922	-483.377663	
97.80338	-483.562333	-483.491109	-483.527426	-483.456203	
97.81359	-483.643046	-483.560923	-483.608139	-483.534743	
97.82366	-483.724673	-483.639462	-483.689767	-483.613282	
97.8339	-483.80981	-483.726729	-483.774903	-483.700549	
97.84412	-483.896911	-483.805269	-483.862005	-483.787815	
97.85415	-483.984272	-483.892535	-483.949365	-483.875082	
97.86441	-484.075874	-483.988528	-484.040967	-483.962348	
97.87455	-484.168507	-484.084521	-484.1336	-484.067068	
97.88467	-484.262835	-484.189241	-484.227928	-484.171788	
97.89483	-484.35967	-484.293961	-484.324763	-484.267781	
97.90501	-484.45881	-484.398681	-484.423903	-484.381227	
97.92316	-484.643561	-484.60812	-484.608654	-484.573214	
97.92787	-484.690681	-484.651753	-484.655774	-484.6343	
97.93801	-484.792031	-484.7652	-484.757124	-484.747746	
97.9482	-484.893941	-484.878646	-484.859034	-484.861193	
97.95828	-484.994691	-484.992093	-484.959784	-484.974639	
97.96843	-485.096181	-485.105539	-485.061274	-485.096812	
97.97856	-485.197541	-485.210259	-485.162634	-485.201532	
97.98885	-485.300491	-485.323705	-485.265584	-485.314978	
97.9989	-485.400911	-485.428425	-485.366004	-485.419698	
98.009	-485.501941	-485.533145	-485.467034	-485.524418	
98.01931	-485.605061	-485.629138	-485.570154	-485.620411	
98.02942	-485.706101	-485.733857	-485.671194	-485.725131	
98.0396	-485.807961	-485.829851	-485.773054	-485.821124	
98.04975	-485.909421	-485.93457	-485.874514	-485.90839	
98.05989	-486.010811	-486.021837	-485.975904	-486.004384	
98.07	-486.111911	-486.11783	-486.077004	-486.09165	
98.08012	-486.213091	-486.213823	-486.178184	-486.178916	
98.09033	-486.315311	-486.309816	-486.280404	-486.266183	
98.10048	-486.416731	-486.397083	-486.381824	-486.353449	
98.11065	-486.518411	-486.493076	-486.483504	-486.431989	
98.12873	-486.699271	-486.667609	-486.664364	-486.597795	
98.13344	-486.746291	-486.711242	-486.711384	-486.632702	
98.14359	-486.847871	-486.807235	-486.812964	-486.728695	
98.15385	-486.950451	-486.903228	-486.915544	-486.824688	
98.16394	-487.051331	-487.007948	-487.016424	-486.929408	
98.17402	-487.152091	-487.112668	-487.117184	-487.034128	
98.18428	-487.254781	-487.217387	-487.219874	-487.156301	
98.19441	-487.356071	-487.322107	-487.321164	-487.261021	
98.20454	-487.457351	-487.435553	-487.422444	-487.383194	
98.21466	-487.558501	-487.540273	-487.523594	-487.505367	
98.22486	-487.660561	-487.644993	-487.625654	-487.610086	
98.23501	-487.762061	-487.758439	-487.727154	-487.723533	
98.24525	-487.864431	-487.863159	-487.829524	-487.836979	
98.25535	-487.965471	-487.976606	-487.930564	-487.959152	
98.26551	-488.067321	-488.081325	-488.032414	-488.063872	
98.27568	-488.168731	-488.194772	-488.133824	-488.168592	
98.28579	-488.269791	-488.299491	-488.234884	-488.273312	
98.29595	-488.371461	-488.404211	-488.336554	-488.360578	
98.30637	-488.475691	-488.500204	-488.440784	-488.447844	
98.31634	-488.575351	-488.596197	-488.540444	-488.535111	
98.32649	-488.676831	-488.700917	-488.641924	-488.622377	
98.33676	-488.779541	-488.79691	-488.744634	-488.71837	
98.34686	-488.880561	-488.892903	-488.845654	-488.79691	
98.35698	-488.981731	-488.98017	-488.946824	-488.884177	
98.36713	-489.083641	-489.076163	-489.048734	-488.98017	
98.37733	-489.185321	-489.163429	-489.150414	-489.076163	
98.38751	-489.287041	-489.250696	-489.252134	-489.172156	
98.39766	-489.388501	-489.346689	-489.353594	-489.268149	
98.40775	-489.489501	-489.442682	-489.454594	-489.372869	
98.41797	-489.591671	-489.538675	-489.556764	-489.477589	
98.42849	-489.696831	-489.634668	-489.661924	-489.591035	
98.43827	-489.794701	-489.739388	-489.759794	-489.704482	
98.44839	-489.895851	-489.835381	-489.860944	-489.809201	
98.45858	-489.997711	-489.940101	-489.962804	-489.922648	
98.46869	-490.098771	-490.053547	-490.063864	-490.036094	
98.47882	-490.200111	-490.158267	-490.165204	-490.140814	
98.48931	-490.305131	-490.271714	-490.270224	-490.25426	
98.49928	-490.404701	-490.38516	-490.369794	-490.367707	
98.50942	-490.506151	-490.507333	-490.471244	-490.481153	
98.51948	-490.606691	-490.612053	-490.571784	-490.585873	
98.53001	-490.712101	-490.725499	-490.677194	-490.699319	
98.53987	-490.810661	-490.847672	-490.775754	-490.812766	
98.54998	-490.911711	-490.952392	-490.876804	-490.917485	
98.5601	-491.012961	-491.065838	-490.978054	-491.022205	
98.57023	-491.114241	-491.170558	-491.079334	-491.118198	
98.58047	-491.216641	-491.275278	-491.181734	-491.222918	
98.59056	-491.317501	-491.362544	-491.282594	-491.318911	
98.60871	-491.499051	-491.519624	-491.464144	-491.484717	
98.6134	-491.545971	-491.563257	-491.511064	-491.528351	
98.62345	-491.646391	-491.650524	-491.611484	-491.624344	
98.63373	-491.749191	-491.73779	-491.714284	-491.71161	
98.64387	-491.850691	-491.825057	-491.815784	-491.798877	
98.65399	-491.951771	-491.912323	-491.916864	-491.89487	
98.66413	-492.053221	-491.999589	-492.018314	-491.990863	
98.6743	-492.154911	-492.095583	-492.120004	-492.086856	
98.68449	-492.256801	-492.182849	-492.221894	-492.182849	
98.69695	-492.381521	-492.287569	-492.346614	-492.278842	
98.70473	-492.459221	-492.383562	-492.424314	-492.374835	
98.71486	-492.560541	-492.497008	-492.525634	-492.479555	
98.725	-492.661921	-492.601728	-492.627014	-492.584275	
98.73516	-492.763951	-492.715174	-492.729044	-492.680268	
98.74538	-492.865721	-492.828621	-492.830814	-492.784988	
98.75555	-492.967451	-492.950794	-492.932544	-492.898434	
98.76576	-493.069491	-493.06424	-493.034584	-493.003154	
98.77583	-493.170241	-493.186413	-493.135334	-493.107874	
98.78608	-493.272711	-493.29986	-493.237804	-493.22132	
98.79624	-493.374391	-493.422033	-493.339484	-493.334766	
98.80639	-493.475811	-493.526753	-493.440904	-493.439486	
98.81662	-493.578171	-493.640199	-493.543264	-493.544206	
98.8268	-493.679951	-493.744919	-493.645044	-493.648926	
98.8369	-493.780901	-493.840912	-493.745994	-493.762372	
98.84703	-493.882171	-493.936905	-493.847264	-493.867092	
98.85717	-493.984191	-494.032898	-493.949284	-493.963085	
98.86749	-494.086811	-494.120165	-494.051904	-494.067805	
98.87755	-494.187381	-494.207431	-494.152474	-494.172524	
98.88768	-494.288801	-494.294697	-494.253894	-494.259791	
98.89794	-494.391371	-494.381964	-494.356464	-494.347057	
98.90804	-494.492321	-494.46923	-494.457414	-494.434324	
98.91817	-494.593661	-494.556497	-494.558754	-494.52159	
98.92838	-494.695711	-494.65249	-494.660804	-494.608857	
98.9385	-494.796901	-494.739756	-494.761994	-494.696123	
98.94865	-494.898421	-494.83575	-494.863514	-494.78339	
98.95881	-495.000071	-494.931743	-494.965164	-494.870656	
98.96895	-495.101471	-495.027736	-495.066564	-494.975376	
98.97908	-495.202801	-495.132455	-495.167894	-495.062642	
98.99744	-495.386441	-495.237175	-495.351534	-495.158635	
99.00212	-495.433091	-495.368075	-495.398184	-495.289535	
99.01229	-495.534851	-495.481521	-495.499944	-495.402982	
99.0224	-495.635911	-495.594968	-495.601004	-495.516428	
99.03264	-495.738311	-495.708414	-495.703404	-495.629874	
99.04281	-495.840011	-495.821861	-495.805104	-495.743321	
99.05288	-495.940681	-495.935307	-495.905774	-495.865494	
99.06307	-496.042661	-496.048753	-496.007754	-495.987667	
99.07323	-496.144591	-496.1622	-496.109684	-496.10984	
99.09143	-496.326261	-496.354186	-496.291354	-496.319279	
99.09606	-496.372551	-496.406546	-496.337644	-496.371639	
99.10624	-496.474381	-496.511266	-496.439474	-496.476359	
99.11647	-496.576601	-496.607259	-496.541694	-496.581079	
99.12662	-496.678091	-496.711978	-496.643184	-496.685799	
99.1368	-496.779921	-496.807972	-496.745014	-496.790518	
99.14695	-496.881441	-496.903965	-496.846534	-496.886511	
99.15706	-496.982551	-496.999958	-496.947644	-496.982505	
99.16728	-497.084731	-497.095951	-497.049824	-497.069771	
99.17735	-497.185511	-497.183217	-497.150604	-497.174491	
99.18759	-497.287891	-497.27921	-497.252984	-497.261757	
99.19775	-497.389401	-497.366477	-497.354494	-497.349024	
99.20791	-497.491081	-497.46247	-497.456174	-497.43629	
99.21811	-497.593021	-497.558463	-497.558114	-497.523557	
99.22823	-497.694251	-497.64573	-497.659344	-497.61955	
99.2383	-497.794961	-497.741723	-497.760054	-497.706816	
99.24849	-497.896881	-497.837716	-497.861974	-497.802809	
99.25866	-497.998551	-497.942436	-497.963644	-497.907529	
99.26877	-498.099661	-498.038429	-498.064754	-498.012249	
99.27894	-498.201341	-498.143148	-498.166434	-498.108242	
99.28906	-498.302501	-498.247868	-498.267594	-498.221688	
99.2993	-498.404971	-498.352588	-498.370064	-498.326408	
99.31733	-498.585211	-498.544574	-498.550304	-498.518394	
99.32204	-498.632331	-498.596934	-498.597424	-498.570754	
99.33227	-498.734601	-498.71038	-498.699694	-498.684201	
99.34232	-498.835131	-498.823827	-498.800224	-498.797647	
99.35249	-498.936861	-498.937273	-498.901954	-498.902367	
99.36268	-499.038701	-499.059446	-499.003794	-499.015813	
99.37276	-499.139501	-499.172893	-499.104594	-499.129259	
99.38295	-499.241431	-499.277612	-499.206524	-499.233979	
99.39447	-499.356701	-499.399786	-499.321794	-499.347426	
99.40455	-499.457401	-499.504505	-499.422494	-499.452145	
99.41466	-499.555588	-499.600498	-499.520682	-499.548139	
99.42483	-499.652257	-499.696491	-499.617351	-499.652858	
99.43506	-499.747452	-499.792485	-499.712546	-499.748851	
99.44516	-499.839614	-499.888478	-499.804708	-499.836118	
99.45534	-499.930427	-499.975744	-499.89552	-499.932111	
99.46547	-500.018769	-500.063011	-499.983862	-500.019377	
99.47566	-500.105714	-500.150277	-500.070808	-500.106644	
99.4858	-500.190219	-500.228817	-500.155312	-500.176457	
99.49601	-500.273289	-500.307357	-500.238382	-500.254997	
99.50618	-500.354076	-500.385897	-500.31917	-500.333537	
99.51636	-500.432903	-500.45571	-500.397997	-500.412076	
99.52643	-500.509022	-500.53425	-500.474115	-500.48189	
99.53659	-500.58378	-500.604063	-500.548874	-500.551703	
99.54676	-500.656672	-500.665149	-500.621766	-500.612789	
99.55711	-500.72944	-500.734962	-500.694534	-500.673876	
99.56705	-500.796163	-500.804776	-500.761256	-500.734962	
99.57716	-500.862793	-500.874589	-500.827886	-500.804776	
99.58744	-500.928472	-500.935675	-500.893565	-500.874589	
99.59756	-500.991241	-500.996762	-500.956335	-500.926949	
99.60768	-501.052091	-501.057848	-501.017185	-500.979308	
99.61792	-501.111622	-501.118935	-501.076715	-501.049122	
99.62823	-501.169554	-501.171295	-501.134648	-501.101482	
99.63816	-501.223577	-501.232381	-501.188671	-501.162568	
99.64828	-501.276681	-501.293468	-501.241774	-501.223655	
99.65847	-501.328186	-501.345828	-501.293279	-501.284741	
99.66863	-501.377643	-501.398188	-501.342737	-501.345828	
99.67872	-501.424866	-501.450547	-501.38996	-501.398188	
99.68888	-501.470482	-501.494181	-501.435575	-501.450547	
99.70134	-501.523359	-501.537814	-501.488452	-501.502907	
99.70925	-501.556056	-501.581447	-501.52115	-501.54654	
99.71947	-501.596217	-501.62508	-501.56131	-501.5989	
99.72949	-501.633781	-501.659987	-501.598874	-501.642534	
99.73972	-501.670188	-501.70362	-501.635281	-501.67744	
99.74986	-501.704459	-501.738527	-501.669552	-501.712347	
99.75999	-501.736839	-501.773433	-501.701932	-501.75598	
99.77013	-501.767424	-501.799613	-501.732518	-501.78216	
99.78037	-501.796451	-501.825793	-501.761544	-501.817067	
99.79043	-501.82322	-501.851973	-501.788313	-501.83452	
99.80064	-501.848548	-501.878153	-501.813642	-501.851973	
99.81873	-501.886549	-501.904333	-501.851642	-501.88688	
99.82342	-501.896635	-501.91306	-501.861728	-501.88688	
99.83354	-501.916082	-501.921786	-501.881175	-501.904333	
99.84374	-501.934025	-501.930513	-501.899119	-501.91306	
99.85395	-501.950326	-501.93924	-501.915419	-501.921786	
99.86408	-501.964898	-501.947966	-501.929991	-501.921786	
99.87426	-501.977956	-501.947966	-501.94305	-501.921786	
99.88443	-501.989465	-501.956693	-501.954558	-501.930513	
99.89455	-501.999443	-501.96542	-501.964537	-501.930513	
99.90473	-502.008051	-501.974146	-501.973144	-501.930513	
99.91492	-502.01531	-501.982873	-501.980403	-501.930513	
99.92502	-502.021258	-501.991599	-501.986352	-501.930513	
99.93519	-502.026079	-501.991599	-501.991172	-501.930513	
99.94539	-502.029858	-502.000326	-501.994952	-501.93924	
99.96352	-502.032911	-502.009053	-501.998005	-501.956693	
99.96813	-502.033924	-502.009053	-501.999017	-501.956693	
99.97831	-502.039427	-502.017779	-502.00452	-501.96542	
99.98848	-502.039427	-502.017779	-502.00452	-501.974146	
99.99863	-502.039427	-502.017779	-502.00452	-501.982873	
100.0088	-502.039427	-502.017779	-502.00452	-501.991599	
100.0189	-502.039427	-502.017779	-502.00452	-501.991599	
100.0291	-502.039427	-502.017779	-502.00452	-501.991599	
100.0393	-502.039427	-502.017779	-502.00452	-501.991599	
100.0494	-502.039427	-502.017779	-502.00452	-501.991599	
100.0679	-502.039427	-502.017779	-502.00452	-501.982873	
100.0726	-502.039427	-502.017779	-502.00452	-501.982873	
100.0828	-502.039427	-502.017779	-502.00452	-501.982873	
100.0929	-502.039427	-502.017779	-502.00452	-501.982873	
100.1031	-502.039427	-502.017779	-502.00452	-501.982873	
100.1133	-502.039427	-502.017779	-502.00452	-501.982873	
100.1236	-502.039427	-502.017779	-502.00452	-501.982873	
100.1337	-502.039427	-502.017779	-502.00452	-501.982873	
100.1438	-502.039427	-502.017779	-502.00452	-501.982873	
100.1541	-502.039427	-502.017779	-502.00452	-501.982873	
100.1642	-502.039427	-502.017779	-502.00452	-501.982873	
100.1743	-502.039427	-502.017779	-502.00452	-501.982873	
100.1845	-502.039427	-502.017779	-502.00452	-501.982873	
100.1946	-502.039427	-502.017779	-502.00452	-501.982873	
100.2048	-502.039427	-502.017779	-502.00452	-501.982873	
100.215	-502.039427	-502.017779	-502.00452	-501.982873	
100.2251	-502.039427	-502.017779	-502.00452	-501.982873	
100.2353	-502.039427	-502.017779	-502.00452	-501.982873	
100.2455	-502.039427	-502.017779	-502.00452	-501.982873	
100.2556	-502.039427	-502.017779	-502.00452	-501.982873	
100.2658	-502.039427	-502.017779	-502.00452	-501.982873	
100.276	-502.039427	-502.017779	-502.00452	-501.982873	
100.2861	-502.039427	-502.017779	-502.00452	-501.982873	
100.2962	-502.039427	-502.017779	-502.00452	-501.982873	
100.3064	-502.039427	-502.017779	-502.00452	-501.982873	
100.3166	-502.039427	-502.017779	-502.00452	-501.982873	
100.3268	-502.039427	-502.017779	-502.00452	-501.982873	
100.3369	-502.039427	-502.017779	-502.00452	-501.982873	
100.3471	-502.039427	-502.017779	-502.00452	-501.982873	
100.3572	-502.039427	-502.017779	-502.00452	-501.982873	
100.3673	-502.039427	-502.017779	-502.00452	-501.982873	
100.3775	-502.039427	-502.017779	-502.00452	-501.982873	
100.3877	-502.039427	-502.017779	-502.00452	-501.982873	
100.3979	-502.039427	-502.017779	-502.00452	-501.982873	
100.408	-502.039427	-502.017779	-502.00452	-501.982873	
100.4185	-502.039427	-502.017779	-502.00452	-501.982873	
100.4284	-502.039427	-502.017779	-502.00452	-501.982873	
100.4384	-502.039427	-502.017779	-502.00452	-501.982873	
100.4487	-502.039427	-502.017779	-502.00452	-501.982873	
100.4588	-502.039427	-502.017779	-502.00452	-501.982873	
100.4689	-502.039427	-502.017779	-502.00452	-501.982873	
100.479	-502.039427	-502.017779	-502.00452	-501.982873	
100.4972	-502.039427	-502.017779	-502.00452	-501.982873	
100.502	-502.039427	-502.017779	-502.00452	-501.982873	
100.5122	-502.039427	-502.017779	-502.00452	-501.982873	
100.5224	-502.039427	-502.017779	-502.00452	-501.982873	
100.5326	-502.039427	-502.017779	-502.00452	-501.982873	
100.5427	-502.039427	-502.017779	-502.00452	-501.982873	
100.5529	-502.039427	-502.017779	-502.00452	-501.982873	
100.563	-502.039427	-502.017779	-502.00452	-501.982873	
100.5731	-502.039427	-502.017779	-502.00452	-501.982873	
100.5833	-502.039427	-502.017779	-502.00452	-501.982873	
100.5935	-502.039427	-502.017779	-502.00452	-501.982873	
100.6037	-502.039427	-502.017779	-502.00452	-501.982873	
100.6139	-502.039427	-502.017779	-502.00452	-501.982873	
100.6239	-502.039427	-502.017779	-502.00452	-501.982873	
100.6342	-502.039427	-502.017779	-502.00452	-501.982873	
100.6444	-502.039427	-502.017779	-502.00452	-501.982873	
100.6545	-502.039427	-502.017779	-502.00452	-501.982873	
100.6647	-502.039427	-502.017779	-502.00452	-501.982873	
100.6749	-502.039427	-502.017779	-502.00452	-501.982873	
100.685	-502.039427	-502.017779	-502.00452	-501.982873	
100.6951	-502.039427	-502.017779	-502.00452	-501.982873	
100.7056	-502.039427	-502.017779	-502.00452	-501.982873	
100.7157	-502.039427	-502.017779	-502.00452	-501.982873	
100.7259	-502.039427	-502.017779	-502.00452	-501.982873	
100.736	-502.039427	-502.017779	-502.00452	-501.982873	
100.7462	-502.039427	-502.017779	-502.00452	-501.982873	
100.7565	-502.039427	-502.017779	-502.00452	-501.982873	
100.7666	-502.039427	-502.017779	-502.00452	-501.982873	
100.7768	-502.039427	-502.017779	-502.00452	-501.982873	
100.7869	-502.039427	-502.017779	-502.00452	-501.982873	
100.797	-502.039427	-502.017779	-502.00452	-501.982873	
100.8072	-502.039427	-502.017779	-502.00452	-501.982873	
100.8174	-502.039427	-502.017779	-502.00452	-501.982873	
100.8276	-502.039427	-502.017779	-502.00452	-501.982873	
100.8378	-502.039427	-502.017779	-502.00452	-501.982873	
100.8479	-502.039427	-502.017779	-502.00452	-501.982873	
100.8581	-502.039427	-502.017779	-502.00452	-501.982873	
100.8682	-502.039427	-502.017779	-502.00452	-501.982873	
100.8784	-502.039427	-502.017779	-502.00452	-501.982873	
100.8885	-502.039427	-502.017779	-502.00452	-501.982873	
100.8987	-502.039427	-502.017779	-502.00452	-501.982873	
100.9088	-502.039427	-502.017779	-502.00452	-501.982873	
100.9189	-502.039427	-502.017779	-502.00452	-501.982873	
100.9291	-502.039427	-502.017779	-502.00452	-501.982873	
100.9394	-502.039427	-502.017779	-502.00452	-501.982873	
100.9495	-502.039427	-502.017779	-502.00452	-501.982873	
100.9597	-502.039427	-502.017779	-502.00452	-501.982873	
100.9698	-502.039427	-502.017779	-502.00452	-501.982873	
100.9799	-502.039427	-502.017779	-502.00452	-501.982873	
100.9901	-502.039427	-502.017779	-502.00452	-501.982873	
101.0003	-502.039427	-502.017779	-502.00452	-501.982873	
101.0104	-502.039427	-502.017779	-502.00452	-501.982873	
101.0206	-502.039427	-502.017779	-502.00452	-501.982873	
101.0307	-502.039427	-502.017779	-502.00452	-501.982873	
101.041	-502.039427	-502.017779	-502.00452	-501.982873	
101.051	-502.039427	-502.017779	-502.00452	-501.982873	
101.0611	-502.039427	-502.017779	-502.00452	-501.982873	
101.0713	-502.039427	-502.017779	-502.00452	-501.982873	
101.0814	-502.039427	-502.017779	-502.00452	-501.982873	
101.0995	-502.039427	-502.017779	-502.00452	-501.982873	
101.1042	-502.039427	-502.017779	-502.00452	-501.982873	
101.1144	-502.039427	-502.017779	-502.00452	-501.982873	
101.1245	-502.039427	-502.017779	-502.00452	-501.982873	
101.1347	-502.039427	-502.017779	-502.00452	-501.982873	
101.1448	-502.039427	-502.017779	-502.00452	-501.982873	
101.155	-502.039427	-502.017779	-502.00452	-501.982873	
101.1651	-502.039427	-502.017779	-502.00452	-501.982873	
101.1752	-502.039427	-502.017779	-502.00452	-501.982873	
101.1855	-502.039427	-502.017779	-502.00452	-501.982873	
101.1958	-502.039427	-502.017779	-502.00452	-501.982873	
101.2059	-502.039427	-502.017779	-502.00452	-501.982873	
101.216	-502.039427	-502.017779	-502.00452	-501.982873	
101.2262	-502.039427	-502.017779	-502.00452	-501.982873	
101.2365	-502.039427	-502.017779	-502.00452	-501.982873	
101.2466	-502.039427	-502.017779	-502.00452	-501.982873	
101.2568	-502.039427	-502.017779	-502.00452	-501.982873	
101.267	-502.039427	-502.017779	-502.00452	-501.982873	
101.277	-502.039427	-502.017779	-502.00452	-501.982873	
101.2872	-502.039427	-502.017779	-502.00452	-501.982873	
101.2973	-502.039427	-502.017779	-502.00452	-501.982873	
101.3075	-502.039427	-502.017779	-502.00452	-501.982873	
101.3177	-502.039427	-502.017779	-502.00452	-501.982873	
101.3278	-502.039427	-502.017779	-502.00452	-501.982873	
101.338	-502.039427	-502.017779	-502.00452	-501.982873	
101.3482	-502.039427	-502.017779	-502.00452	-501.982873	
101.3583	-502.039427	-502.017779	-502.00452	-501.982873	
101.3684	-502.039427	-502.017779	-502.00452	-501.982873	
101.3786	-502.039427	-502.017779	-502.00452	-501.982873	
101.3888	-502.039427	-502.017779	-502.00452	-501.982873	
101.3989	-502.039427	-502.017779	-502.00452	-501.982873	
101.4091	-502.039427	-502.017779	-502.00452	-501.982873	
101.4287	-502.039427	-502.017779	-502.00452	-501.982873	
101.4336	-502.039427	-502.017779	-502.00452	-501.982873	
101.4436	-502.039427	-502.017779	-502.00452	-501.982873	
101.4537	-502.039427	-502.017779	-502.00452	-501.982873	
101.4639	-502.039427	-502.017779	-502.00452	-501.982873	
101.4741	-502.039427	-502.017779	-502.00452	-501.982873	
101.4846	-502.039427	-502.017779	-502.00452	-501.982873	
101.4948	-502.039427	-502.017779	-502.00452	-501.982873	
101.505	-502.039427	-502.017779	-502.00452	-501.982873	
101.5151	-502.039427	-502.017779	-502.00452	-501.982873	
101.5252	-502.039427	-502.017779	-502.00452	-501.982873	
101.5353	-502.039427	-502.017779	-502.00452	-501.982873	
101.5456	-502.039427	-502.017779	-502.00452	-501.982873	
101.5558	-502.039427	-502.017779	-502.00452	-501.982873	
101.5659	-502.039427	-502.017779	-502.00452	-501.982873	
101.576	-502.039427	-502.017779	-502.00452	-501.982873	
101.5863	-502.039427	-502.017779	-502.00452	-501.982873	
101.5964	-502.039427	-502.017779	-502.00452	-501.982873	
101.6065	-502.039427	-502.017779	-502.00452	-501.982873	
101.6168	-502.039427	-502.017779	-502.00452	-501.982873	
101.6269	-502.039427	-502.017779	-502.00452	-501.982873	
101.637	-502.039427	-502.017779	-502.00452	-501.982873	
101.6471	-502.039427	-502.017779	-502.00452	-501.982873	
101.6573	-502.039427	-502.017779	-502.00452	-501.982873	
101.6675	-502.039427	-502.017779	-502.00452	-501.982873	
101.6777	-502.039427	-502.017779	-502.00452	-501.982873	
101.6877	-502.039427	-502.017779	-502.00452	-501.982873	
101.698	-502.039427	-502.017779	-502.00452	-501.982873	
101.7084	-502.039427	-502.017779	-502.00452	-501.982873	
101.7184	-502.039427	-502.017779	-502.00452	-501.982873	
101.7286	-502.039427	-502.017779	-502.00452	-501.982873	
101.7388	-502.039427	-502.017779	-502.00452	-501.982873	
101.749	-502.039427	-502.017779	-502.00452	-501.982873	
101.7591	-502.039427	-502.017779	-502.00452	-501.982873	
101.7695	-502.039427	-502.017779	-502.00452	-501.982873	
101.7797	-502.039427	-502.017779	-502.00452	-501.982873	
101.7897	-502.039427	-502.017779	-502.00452	-501.982873	
101.7998	-502.039427	-502.017779	-502.00452	-501.982873	
101.81	-502.039427	-502.017779	-502.00452	-501.982873	
101.8202	-502.039427	-502.017779	-502.00452	-501.982873	
101.8303	-502.039427	-502.017779	-502.00452	-501.982873	
101.8417	-502.039427	-502.017779	-502.00452	-501.982873	
101.8517	-502.039427	-502.017779	-502.00452	-501.982873	
101.8618	-502.039427	-502.017779	-502.00452	-501.982873	
101.872	-502.039427	-502.017779	-502.00452	-501.982873	
101.8822	-502.039427	-502.017779	-502.00452	-501.982873	
101.8924	-502.039427	-502.017779	-502.00452	-501.982873	
101.9025	-502.039427	-502.017779	-502.00452	-501.982873	
101.9126	-502.039427	-502.017779	-502.00452	-501.982873	
101.9228	-502.039427	-502.017779	-502.00452	-501.982873	
101.933	-502.039427	-502.017779	-502.00452	-501.982873	
101.9431	-502.039427	-502.017779	-502.00452	-501.982873	
101.9533	-502.039427	-502.017779	-502.00452	-501.982873	
101.9635	-502.039427	-502.017779	-502.00452	-501.982873	
101.9736	-502.039427	-502.017779	-502.00452	-501.982873	
101.9838	-502.039427	-502.017779	-502.00452	-501.982873	
101.994	-502.039427	-502.017779	-502.00452	-501.982873	
102.0042	-502.039427	-502.017779	-502.00452	-501.982873	
102.0142	-502.039427	-502.017779	-502.00452	-501.982873	
102.0244	-502.039427	-502.017779	-502.00452	-501.982873	
102.0346	-502.039427	-502.017779	-502.00452	-501.982873	
102.0448	-502.039427	-502.017779	-502.00452	-501.982873	
102.0549	-502.039427	-502.017779	-502.00452	-501.982873	
102.0651	-502.039427	-502.017779	-502.00452	-501.982873	
102.0752	-502.039427	-502.017779	-502.00452	-501.982873	
102.0854	-502.039427	-502.017779	-502.00452	-501.982873	
102.0955	-502.039427	-502.017779	-502.00452	-501.982873	
102.1057	-502.039427	-502.017779	-502.00452	-501.982873	
102.1159	-502.039427	-502.017779	-502.00452	-501.982873	
102.1261	-502.039427	-502.017779	-502.00452	-501.982873	
102.1363	-502.039427	-502.017779	-502.00452	-501.982873	
102.1464	-502.039427	-502.017779	-502.00452	-501.982873	
102.1566	-502.039427	-502.017779	-502.00452	-501.982873	
102.1667	-502.039427	-502.017779	-502.00452	-501.982873	
102.1769	-502.039427	-502.017779	-502.00452	-501.982873	
102.1871	-502.039427	-502.017779	-502.00452	-501.982873	
102.1972	-502.039427	-502.017779	-502.00452	-501.982873	
102.2073	-502.039427	-502.017779	-502.00452	-501.982873	
102.2176	-502.039427	-502.017779	-502.00452	-501.982873	
102.2356	-502.039427	-502.017779	-502.00452	-501.982873	
102.2402	-502.039427	-502.017779	-502.00452	-501.982873	
102.2504	-502.039427	-502.017779	-502.00452	-501.982873	
102.2606	-502.039427	-502.017779	-502.00452	-501.982873	
102.2708	-502.039427	-502.017779	-502.00452	-501.982873	
102.281	-502.039427	-502.017779	-502.00452	-501.982873	
102.2911	-502.039427	-502.017779	-502.00452	-501.982873	
102.3013	-502.039427	-502.017779	-502.00452	-501.982873	
102.3114	-502.039427	-502.017779	-502.00452	-501.982873	
102.3217	-502.039427	-502.017779	-502.00452	-501.982873	
102.3319	-502.039427	-502.017779	-502.00452	-501.982873	
102.342	-502.039427	-502.017779	-502.00452	-501.982873	
102.3522	-502.039427	-502.017779	-502.00452	-501.982873	
102.3624	-502.039427	-502.017779	-502.00452	-501.982873	
102.3725	-502.039427	-502.017779	-502.00452	-501.982873	
102.3827	-502.039427	-502.017779	-502.00452	-501.982873	
102.3929	-502.039427	-502.017779	-502.00452	-501.982873	
102.403	-502.039427	-502.017779	-502.00452	-501.982873	
102.4132	-502.039427	-502.017779	-502.00452	-501.982873	
102.4233	-502.039427	-502.017779	-502.00452	-501.982873	
102.4336	-502.039427	-502.017779	-502.00452	-501.982873	
102.4518	-502.039427	-502.017779	-502.00452	-501.982873	
102.4564	-502.039427	-502.017779	-502.00452	-501.982873	
102.4748	-502.039427	-502.017779	-502.00452	-501.982873	
102.4795	-502.039427	-502.017779	-502.00452	-501.982873	
102.4897	-502.039427	-502.017779	-502.00452	-501.982873	
102.5078	-502.039427	-502.017779	-502.00452	-501.982873	
102.5126	-502.039427	-502.017779	-502.00452	-501.982873	
102.5228	-502.039427	-502.017779	-502.00452	-501.982873	
102.533	-502.039427	-502.017779	-502.00452	-501.982873	
102.5431	-502.039427	-502.017779	-502.00452	-501.982873	
102.5533	-502.039427	-502.017779	-502.00452	-501.982873	
102.5635	-502.039427	-502.017779	-502.00452	-501.982873	
102.5735	-502.039427	-502.017779	-502.00452	-501.982873	
102.5838	-502.039427	-502.017779	-502.00452	-501.982873	
102.5939	-502.039427	-502.017779	-502.00452	-501.982873	
102.6041	-502.039427	-502.017779	-502.00452	-501.982873	
102.6143	-502.039427	-502.017779	-502.00452	-501.982873	
102.6244	-502.039427	-502.017779	-502.00452	-501.982873	
102.6347	-502.039427	-502.017779	-502.00452	-501.982873	
102.6448	-502.039427	-502.017779	-502.00452	-501.982873	
102.6549	-502.039427	-502.017779	-502.00452	-501.982873	
102.6651	-502.039427	-502.017779	-502.00452	-501.982873	
102.6752	-502.039427	-502.017779	-502.00452	-501.982873	
102.6854	-502.039427	-502.017779	-502.00452	-501.982873	
102.6955	-502.039427	-502.017779	-502.00452	-501.982873	
102.708	-502.039427	-502.017779	-502.00452	-501.982873	
102.7238	-502.039427	-502.017779	-502.00452	-501.982873	
102.7284	-502.039427	-502.017779	-502.00452	-501.982873	
102.7386	-502.039427	-502.017779	-502.00452	-501.982873	
102.7488	-502.039427	-502.017779	-502.00452	-501.982873	
102.7588	-502.039427	-502.017779	-502.00452	-501.982873	
102.769	-502.039427	-502.017779	-502.00452	-501.982873	
102.7793	-502.039427	-502.017779	-502.00452	-501.982873	
102.7894	-502.039427	-502.017779	-502.00452	-501.982873	
102.7995	-502.039427	-502.017779	-502.00452	-501.982873	
102.8096	-502.039427	-502.017779	-502.00452	-501.982873	
102.8201	-502.039427	-502.017779	-502.00452	-501.982873	
102.83	-502.039427	-502.017779	-502.00452	-501.982873	
102.8401	-502.039427	-502.017779	-502.00452	-501.982873	
102.8503	-502.039427	-502.017779	-502.00452	-501.982873	
102.8607	-502.039427	-502.017779	-502.00452	-501.982873	
102.8708	-502.039427	-502.017779	-502.00452	-501.982873	
102.881	-502.039427	-502.017779	-502.00452	-501.982873	
102.8911	-502.039427	-502.017779	-502.00452	-501.982873	
102.9013	-502.039427	-502.017779	-502.00452	-501.982873	
102.9114	-502.039427	-502.017779	-502.00452	-501.982873	
102.9216	-502.039427	-502.017779	-502.00452	-501.982873	
102.9319	-502.039427	-502.017779	-502.00452	-501.982873	
102.942	-502.039427	-502.017779	-502.00452	-501.982873	
102.9521	-502.039427	-502.017779	-502.00452	-501.982873	
102.9624	-502.039427	-502.017779	-502.00452	-501.991599	
102.9724	-502.039427	-502.017779	-502.00452	-501.991599	
102.9826	-502.039427	-502.017779	-502.00452	-501.991599	
102.9928	-502.039427	-502.017779	-502.00452	-501.991599	
103.003	-502.039427	-502.017779	-502.00452	-501.991599	
103.0131	-502.039427	-502.017779	-502.00452	-501.991599	
103.0232	-502.039427	-502.017779	-502.00452	-501.991599	
103.0335	-502.039427	-502.017779	-502.00452	-501.991599	
103.0436	-502.039427	-502.017779	-502.00452	-501.991599	
103.0538	-502.039427	-502.017779	-502.00452	-501.991599	
103.0639	-502.039427	-502.017779	-502.00452	-501.991599	
103.0741	-502.039427	-502.017779	-502.00452	-501.991599	
103.0843	-502.039427	-502.017779	-502.00452	-501.991599	
103.0944	-502.039427	-502.017779	-502.00452	-501.991599	
103.1045	-502.039427	-502.017779	-502.00452	-501.991599	
103.1148	-502.039427	-502.017779	-502.00452	-501.991599	
103.1249	-502.039427	-502.017779	-502.00452	-501.991599	
103.135	-502.039427	-502.017779	-502.00452	-501.991599	
103.1453	-502.039427	-502.017779	-502.00452	-501.991599	
103.1554	-502.039427	-502.017779	-502.00452	-501.991599	
103.1655	-502.039427	-502.017779	-502.00452	-501.991599	
103.1756	-502.039427	-502.017779	-502.00452	-501.991599	
103.1859	-502.039427	-502.017779	-502.00452	-501.991599	
103.1961	-502.039427	-502.017779	-502.00452	-501.991599	
103.2063	-502.039427	-502.017779	-502.00452	-501.991599	
103.2164	-502.039427	-502.017779	-502.00452	-501.991599	
103.2265	-502.039427	-502.017779	-502.00452	-501.991599	
103.2368	-502.039427	-502.017779	-502.00452	-501.991599	
103.2468	-502.039427	-502.017779	-502.00452	-501.991599	
103.257	-502.039427	-502.017779	-502.00452	-501.991599	
103.2672	-502.039427	-502.017779	-502.00452	-501.991599	
103.2773	-502.039427	-502.017779	-502.00452	-501.991599	
103.2874	-502.039427	-502.017779	-502.00452	-501.991599	
103.2976	-502.039427	-502.017779	-502.00452	-501.991599	
103.308	-502.039427	-502.017779	-502.00452	-501.991599	
103.3184	-502.039427	-502.017779	-502.00452	-501.991599	
103.3281	-502.039427	-502.017779	-502.00452	-501.991599	
103.3383	-502.039427	-502.017779	-502.00452	-501.991599	
103.3485	-502.039427	-502.017779	-502.00452	-501.991599	
103.3586	-502.039427	-502.017779	-502.00452	-501.991599	
103.3687	-502.039427	-502.017779	-502.00452	-501.991599	
103.3789	-502.039427	-502.017779	-502.00452	-501.991599	
103.3891	-502.039427	-502.017779	-502.00452	-501.991599	
103.3993	-502.039427	-502.017779	-502.00452	-501.991599	
103.4094	-502.039427	-502.017779	-502.00452	-501.991599	
103.4216	-502.039427	-502.017779	-502.00452	-501.991599	
103.4297	-502.039427	-502.017779	-502.00452	-501.991599	
103.4399	-502.039427	-502.017779	-502.00452	-501.991599	
103.45	-502.039427	-502.017779	-502.00452	-501.991599	
103.4602	-502.039427	-502.017779	-502.00452	-501.991599	
103.4704	-502.039427	-502.017779	-502.00452	-501.991599	
103.4805	-502.039427	-502.017779	-502.00452	-501.991599	
103.4907	-502.039427	-502.017779	-502.00452	-501.991599	
103.5009	-502.039427	-502.017779	-502.00452	-501.991599	
103.511	-502.039427	-502.017779	-502.00452	-501.991599	
103.5212	-502.039427	-502.017779	-502.00452	-501.991599	
103.5313	-502.039427	-502.017779	-502.00452	-501.991599	
103.5415	-502.039427	-502.017779	-502.00452	-501.991599	
103.5517	-502.039427	-502.017779	-502.00452	-501.991599	
103.5619	-502.039427	-502.017779	-502.00452	-501.991599	
103.572	-502.039427	-502.017779	-502.00452	-501.991599	
103.5823	-502.039427	-502.017779	-502.00452	-501.991599	
103.5923	-502.039427	-502.017779	-502.00452	-501.991599	
103.6026	-502.039427	-502.017779	-502.00452	-501.991599	
103.6128	-502.039427	-502.017779	-502.00452	-501.991599	
103.6228	-502.039427	-502.017779	-502.00452	-501.991599	
103.6331	-502.039427	-502.017779	-502.00452	-501.991599	
103.6432	-502.039427	-502.017779	-502.00452	-501.991599	
103.6533	-502.039427	-502.017779	-502.00452	-501.991599	
103.6635	-502.039427	-502.017779	-502.00452	-501.991599	
103.6737	-502.039427	-502.017779	-502.00452	-501.991599	
103.6839	-502.039427	-502.017779	-502.00452	-501.991599	
103.6941	-502.039427	-502.017779	-502.00452	-501.991599	
103.7042	-502.039427	-502.017779	-502.00452	-501.991599	
103.7145	-502.039427	-502.017779	-502.00452	-501.991599	
103.7245	-502.039427	-502.017779	-502.00452	-501.991599	
103.7348	-502.039427	-502.017779	-502.00452	-501.991599	
103.7448	-502.039427	-502.017779	-502.00452	-501.991599	
103.7551	-502.039427	-502.017779	-502.00452	-501.991599	
103.7652	-502.039427	-502.017779	-502.00452	-501.991599	
103.7753	-502.039427	-502.017779	-502.00452	-501.991599	
103.7855	-502.039427	-502.017779	-502.00452	-501.991599	
103.7956	-502.039427	-502.017779	-502.00452	-501.991599	
103.8058	-502.039427	-502.017779	-502.00452	-501.991599	
103.8159	-502.039427	-502.017779	-502.00452	-501.991599	
103.8261	-502.039427	-502.017779	-502.00452	-501.991599	
103.8363	-502.039427	-502.017779	-502.00452	-501.991599	
103.8464	-502.039427	-502.017779	-502.00452	-501.991599	
103.8566	-502.039427	-502.017779	-502.00452	-501.991599	
103.8671	-502.039427	-502.017779	-502.00452	-501.991599	
103.877	-502.039427	-502.017779	-502.00452	-501.991599	
103.8871	-502.039427	-502.017779	-502.00452	-501.991599	
103.8973	-502.039427	-502.017779	-502.00452	-501.991599	
103.9074	-502.039427	-502.017779	-502.00452	-501.991599	
103.9176	-502.039427	-502.017779	-502.00452	-501.991599	
103.9277	-502.039427	-502.017779	-502.00452	-501.991599	
103.9379	-502.039427	-502.017779	-502.00452	-501.991599	
103.956	-502.039427	-502.017779	-502.00452	-501.991599	
103.9606	-502.039427	-502.017779	-502.00452	-501.991599	
103.9787	-502.039427	-502.017779	-502.00452	-501.991599	
103.9833	-502.039427	-502.017779	-502.00452	-501.991599	
103.9937	-502.039427	-502.017779	-502.00452	-501.991599	
104.0037	-502.039427	-502.017779	-502.00452	-501.991599	
104.0138	-502.039427	-502.017779	-502.00452	-501.991599	
104.024	-502.039427	-502.017779	-502.00452	-501.991599	
104.0342	-502.039427	-502.017779	-502.00452	-501.991599	
104.0444	-502.039427	-502.017779	-502.00452	-501.991599	
104.0545	-502.039427	-502.017779	-502.00452	-501.991599	
104.0646	-502.039427	-502.017779	-502.00452	-501.991599	
104.0749	-502.039427	-502.017779	-502.00452	-501.991599	
104.085	-502.039427	-502.017779	-502.00452	-501.991599	
104.0951	-502.039427	-502.017779	-502.00452	-501.991599	
104.1053	-502.039427	-502.017779	-502.00452	-501.991599	
104.1155	-502.039427	-502.017779	-502.00452	-501.991599	
104.1256	-502.039427	-502.017779	-502.00452	-501.991599	
104.1358	-502.039427	-502.017779	-502.00452	-501.991599	
104.1459	-502.039427	-502.017779	-502.00452	-501.991599	
104.1562	-502.039427	-502.017779	-502.00452	-501.991599	
104.1664	-502.039427	-502.017779	-502.00452	-501.991599	
104.1765	-502.039427	-502.017779	-502.00452	-501.991599	
104.1868	-502.039427	-502.017779	-502.00452	-501.991599	
104.1969	-502.039427	-502.017779	-502.00452	-501.991599	
104.207	-502.039427	-502.017779	-502.00452	-501.991599	
104.2172	-502.039427	-502.017779	-502.00452	-501.991599	
104.2273	-502.039427	-502.017779	-502.00452	-501.991599	
104.2374	-502.039427	-502.017779	-502.00452	-501.991599	
104.2476	-502.039427	-502.017779	-502.00452	-501.991599	
104.2578	-502.039427	-502.017779	-502.00452	-501.991599	
104.2759	-502.039427	-502.017779	-502.00452	-501.991599	
104.2805	-502.039427	-502.017779	-502.00452	-501.991599	
104.2908	-502.039427	-502.017779	-502.00452	-501.991599	
104.301	-502.039427	-502.017779	-502.00452	-501.991599	
104.311	-502.039427	-502.017779	-502.00452	-501.991599	
104.3214	-502.039427	-502.017779	-502.00452	-501.991599	
104.3316	-502.039427	-502.017779	-502.00452	-501.991599	
104.3418	-502.039427	-502.017779	-502.00452	-501.991599	
104.352	-502.039427	-502.017779	-502.00452	-501.991599	
104.3621	-502.039427	-502.017779	-502.00452	-501.991599	
104.3722	-502.039427	-502.017779	-502.00452	-501.991599	
104.3824	-502.039427	-502.017779	-502.00452	-501.991599	
104.3946	-502.039427	-502.017779	-502.00452	-501.991599	
104.4028	-502.039427	-502.017779	-502.00452	-501.991599	
104.4129	-502.039427	-502.017779	-502.00452	-501.991599	
104.423	-502.039427	-502.017779	-502.00452	-501.991599	
104.4333	-502.039427	-502.017779	-502.00452	-501.991599	
104.4434	-502.039427	-502.017779	-502.00452	-501.991599	
104.4535	-502.039427	-502.017779	-502.00452	-501.991599	
104.4637	-502.039427	-502.017779	-502.00452	-501.991599	
104.4739	-502.039427	-502.017779	-502.00452	-501.991599	
104.4841	-502.039427	-502.017779	-502.00452	-501.991599	
104.4944	-502.039427	-502.017779	-502.00452	-501.991599	
104.5045	-502.039427	-502.017779	-502.00452	-501.991599	
104.5147	-502.039427	-502.017779	-502.00452	-501.991599	
104.5249	-502.039427	-502.017779	-502.00452	-501.991599	
104.5349	-502.039427	-502.017779	-502.00452	-501.991599	
104.5452	-502.039427	-502.017779	-502.00452	-501.991599	
104.5553	-502.039427	-502.017779	-502.00452	-501.991599	
104.5654	-502.039427	-502.017779	-502.00452	-501.991599	
104.5755	-502.039427	-502.017779	-502.00452	-501.991599	
104.5858	-502.039427	-502.017779	-502.00452	-501.991599	
104.604	-502.039427	-502.017779	-502.00452	-501.991599	
104.6086	-502.039427	-502.017779	-502.00452	-501.991599	
104.6188	-502.039427	-502.017779	-502.00452	-501.991599	
104.6289	-502.039427	-502.017779	-502.00452	-501.991599	
104.639	-502.039427	-502.017779	-502.00452	-501.991599	
104.6493	-502.039427	-502.017779	-502.00452	-501.991599	
104.6595	-502.039427	-502.017779	-502.00452	-501.991599	
104.6695	-502.039427	-502.017779	-502.00452	-501.991599	
104.6796	-502.039427	-502.017779	-502.00452	-501.991599	
104.6898	-502.039427	-502.017779	-502.00452	-501.991599	
104.708	-502.039427	-502.017779	-502.00452	-501.991599	
104.7149	-502.039427	-502.017779	-502.00452	-501.991599	
104.7227	-502.039427	-502.017779	-502.00452	-501.991599	
104.733	-502.039427	-502.017779	-502.00452	-501.991599	
104.743	-502.039427	-502.017779	-502.00452	-501.991599	
104.7532	-502.039427	-502.017779	-502.00452	-501.991599	
104.7634	-502.039427	-502.017779	-502.00452	-501.991599	
104.7735	-502.039427	-502.017779	-502.00452	-501.991599	
104.7837	-502.039427	-502.017779	-502.00452	-501.991599	
104.7939	-502.039427	-502.017779	-502.00452	-501.991599	
104.8042	-502.039427	-502.017779	-502.00452	-501.991599	
104.8143	-502.039427	-502.017779	-502.00452	-501.991599	
104.8245	-502.039427	-502.017779	-502.00452	-501.991599	
104.8347	-502.039427	-502.017779	-502.00452	-501.991599	
104.8449	-502.039427	-502.017779	-502.00452	-501.991599	
104.8549	-502.039427	-502.017779	-502.00452	-501.991599	
104.8652	-502.039427	-502.017779	-502.00452	-501.991599	
104.8753	-502.039427	-502.017779	-502.00452	-501.991599	
104.8854	-502.039427	-502.017779	-502.00452	-501.991599	
104.8956	-502.039427	-502.017779	-502.00452	-501.991599	
104.9057	-502.039427	-502.017779	-502.00452	-501.991599	
104.9159	-502.039427	-502.017779	-502.00452	-501.991599	
104.9261	-502.039427	-502.017779	-502.00452	-501.991599	
104.9362	-502.039427	-502.017779	-502.00452	-501.991599	
104.9465	-502.039427	-502.017779	-502.00452	-501.991599	
104.9566	-502.039427	-502.017779	-502.00452	-501.991599	
104.9667	-502.039427	-502.017779	-502.00452	-501.991599	
104.9769	-502.039427	-502.017779	-502.00452	-501.991599	
104.987	-502.039427	-502.017779	-502.00452	-501.991599	
104.9974	-502.039427	-502.017779	-502.00452	-501.991599	
105.0073	-502.039427	-502.017779	-502.00452	-501.991599	
105.0175	-502.039427	-502.017779	-502.00452	-501.991599	
105.0278	-502.039427	-502.017779	-502.00452	-501.991599	
105.0379	-502.039427	-502.017779	-502.00452	-501.991599	
105.048	-502.039427	-502.017779	-502.00452	-501.991599	
105.0581	-502.039427	-502.017779	-502.00452	-501.991599	
105.0683	-502.039427	-502.017779	-502.00452	-501.991599	
105.0785	-502.039427	-502.017779	-502.00452	-501.991599	
105.0886	-502.039427	-502.017779	-502.00452	-501.991599	
105.0988	-502.039427	-502.017779	-502.00452	-501.991599	
105.109	-502.039427	-502.017779	-502.00452	-501.991599	
105.1191	-502.039427	-502.017779	-502.00452	-501.991599	
105.1373	-502.039427	-502.017779	-502.00452	-501.991599	
105.1419	-502.039427	-502.017779	-502.00452	-501.991599	
105.152	-502.039427	-502.017779	-502.00452	-501.991599	
105.1622	-502.039427	-502.017779	-502.00452	-501.991599	
105.1723	-502.039427	-502.017779	-502.00452	-501.991599	
105.1826	-502.039427	-502.017779	-502.00452	-501.991599	
105.1927	-502.039427	-502.017779	-502.00452	-501.991599	
105.203	-502.039427	-502.017779	-502.00452	-501.991599	
105.2131	-502.039427	-502.017779	-502.00452	-501.991599	
105.2232	-502.039427	-502.017779	-502.00452	-501.991599	
105.2334	-502.039427	-502.017779	-502.00452	-501.991599	
105.2436	-502.039427	-502.017779	-502.00452	-501.991599	
105.2537	-502.039427	-502.017779	-502.00452	-501.991599	
105.2639	-502.039427	-502.017779	-502.00452	-501.991599	
105.2741	-502.039427	-502.017779	-502.00452	-501.991599	
105.2843	-502.039427	-502.017779	-502.00452	-501.991599	
105.2945	-502.039427	-502.017779	-502.00452	-501.991599	
105.3046	-502.039427	-502.017779	-502.00452	-501.991599	
105.3147	-502.039427	-502.017779	-502.00452	-501.991599	
105.325	-502.039427	-502.017779	-502.00452	-501.991599	
105.3351	-502.039427	-502.017779	-502.00452	-501.991599	
105.3453	-502.039427	-502.017779	-502.00452	-501.991599	
105.3554	-502.039427	-502.017779	-502.00452	-501.991599	
105.3656	-502.039427	-502.017779	-502.00452	-501.991599	
105.3757	-502.039427	-502.017779	-502.00452	-501.991599	
105.3859	-502.039427	-502.017779	-502.00452	-501.991599	
105.3961	-502.039427	-502.017779	-502.00452	-501.991599	
105.4062	-502.039427	-502.017779	-502.00452	-501.991599	
105.4164	-502.039427	-502.017779	-502.00452	-501.991599	
105.4272	-502.039427	-502.017779	-502.00452	-501.991599	
105.4373	-502.039427	-502.017779	-502.00452	-501.991599	
105.4474	-502.039427	-502.017779	-502.00452	-501.991599	
105.4576	-502.039427	-502.017779	-502.00452	-501.991599	
105.4678	-502.039427	-502.017779	-502.00452	-501.991599	
105.4779	-502.039427	-502.017779	-502.00452	-501.991599	
105.4881	-502.039427	-502.017779	-502.00452	-501.991599	
105.4984	-502.039427	-502.017779	-502.00452	-501.991599	
105.5084	-502.039427	-502.017779	-502.00452	-501.991599	
105.5186	-502.039427	-502.017779	-502.00452	-501.991599	
105.5287	-502.039427	-502.017779	-502.00452	-501.991599	
105.5389	-502.039427	-502.017779	-502.00452	-501.991599	
105.5491	-502.039427	-502.017779	-502.00452	-501.991599	
105.5592	-502.039427	-502.017779	-502.00452	-501.991599	
105.5694	-502.039427	-502.017779	-502.00452	-501.991599	
105.5796	-502.039427	-502.017779	-502.00452	-501.991599	
105.5896	-502.039427	-502.017779	-502.00452	-501.991599	
105.5998	-502.039427	-502.017779	-502.00452	-501.991599	
105.6099	-502.039427	-502.017779	-502.00452	-501.991599	
105.6201	-502.039427	-502.017779	-502.00452	-501.991599	
105.6303	-502.039427	-502.017779	-502.00452	-501.991599	
105.6404	-502.039427	-502.017779	-502.00452	-501.991599	
105.6506	-502.039427	-502.017779	-502.00452	-501.991599	
105.6608	-502.039427	-502.017779	-502.00452	-501.991599	
105.6709	-502.039427	-502.017779	-502.00452	-501.991599	
105.6811	-502.039427	-502.017779	-502.00452	-501.991599	
105.6913	-502.039427	-502.017779	-502.00452	-501.991599	
105.7014	-502.039427	-502.017779	-502.00452	-501.991599	
105.712	-502.039427	-502.017779	-502.00452	-501.991599	
105.7217	-502.039427	-502.017779	-502.00452	-501.991599	
105.7319	-502.039427	-502.017779	-502.00452	-501.991599	
105.742	-502.039427	-502.017779	-502.00452	-501.991599	
105.7522	-502.039427	-502.017779	-502.00452	-501.991599	
105.7624	-502.039427	-502.017779	-502.00452	-501.991599	
105.7726	-502.039427	-502.017779	-502.00452	-501.991599	
105.7827	-502.039427	-502.017779	-502.00452	-501.991599	
105.7929	-502.039427	-502.017779	-502.00452	-501.991599	
105.8031	-502.039427	-502.017779	-502.00452	-501.991599	
105.8132	-502.039427	-502.017779	-502.00452	-501.991599	
105.8233	-502.039427	-502.017779	-502.00452	-501.991599	
105.8335	-502.039427	-502.017779	-502.00452	-501.991599	
105.8437	-502.039427	-502.017779	-502.00452	-501.991599	
105.8538	-502.039427	-502.017779	-502.00452	-501.991599	
105.864	-502.039427	-502.017779	-502.00452	-501.991599	
105.8742	-502.039427	-502.017779	-502.00452	-501.991599	
105.8844	-502.039427	-502.017779	-502.00452	-501.991599	
105.8946	-502.039427	-502.017779	-502.00452	-501.991599	
105.9047	-502.039427	-502.017779	-502.00452	-501.991599	
105.9149	-502.039427	-502.017779	-502.00452	-501.991599	
105.9251	-502.039427	-502.017779	-502.00452	-501.991599	
105.9352	-502.039427	-502.017779	-502.00452	-501.991599	
105.9454	-502.039427	-502.017779	-502.00452	-501.991599	
105.9555	-502.039427	-502.017779	-502.00452	-501.991599	
105.9657	-502.039427	-502.017779	-502.00452	-501.991599	
105.9758	-502.039427	-502.017779	-502.00452	-501.991599	
105.986	-502.039427	-502.017779	-502.00452	-501.991599	
106.0047	-502.039427	-502.017779	-502.00452	-501.991599	
106.0094	-502.039427	-502.017779	-502.00452	-501.991599	
106.0195	-502.039427	-502.017779	-502.00452	-501.991599	
106.0296	-502.039427	-502.017779	-502.00452	-501.991599	
106.0397	-502.039427	-502.017779	-502.00452	-501.991599	
106.0502	-502.039427	-502.017779	-502.00452	-501.991599	
106.0601	-502.039427	-502.017779	-502.00452	-501.991599	
106.0703	-502.039427	-502.017779	-502.00452	-501.991599	
106.0804	-502.039427	-502.017779	-502.00452	-501.991599	
106.0906	-502.039427	-502.017779	-502.00452	-501.991599	
106.1008	-502.039427	-502.017779	-502.00452	-501.991599	
106.111	-502.039427	-502.017779	-502.00452	-501.991599	
106.1211	-502.039427	-502.017779	-502.00452	-501.991599	
106.1313	-502.039427	-502.017779	-502.00452	-501.991599	
106.1415	-502.039427	-502.017779	-502.00452	-501.991599	
106.1516	-502.039427	-502.017779	-502.00452	-501.991599	
106.1618	-502.039427	-502.017779	-502.00452	-501.991599	
106.1719	-502.039427	-502.017779	-502.00452	-501.991599	
106.1822	-502.039427	-502.017779	-502.00452	-501.991599	
106.1923	-502.039427	-502.017779	-502.00452	-501.991599	
106.2025	-502.039427	-502.017779	-502.00452	-501.991599	
106.2127	-502.039427	-502.017779	-502.00452	-501.991599	
106.2228	-502.039427	-502.017779	-502.00452	-501.991599	
106.2329	-502.039427	-502.017779	-502.00452	-501.991599	
