77.3416	-442.048198	-442.022086	-442.013292	-441.98718	
77.35173	-442.054742	-442.022086	-442.019835	-441.98718	
77.36185	-442.063321	-442.030813	-442.028415	-441.98718	
77.372	-442.073997	-442.030813	-442.03909	-441.98718	
77.38224	-442.086867	-442.030813	-442.051961	-441.995906	
77.39237	-442.10164	-442.03954	-442.066733	-442.004633	
77.40251	-442.118492	-442.048266	-442.083585	-442.022086	
77.41263	-442.137361	-442.056993	-442.102455	-442.030813	
77.4233	-442.159596	-442.083173	-442.124689	-442.056993	
77.43334	-442.182455	-442.100626	-442.147548	-442.074446	
77.4439	-442.208783	-442.135533	-442.173876	-442.109353	
77.45362	-442.234829	-442.170439	-442.199922	-442.144259	
77.46387	-442.264451	-442.205346	-442.229544	-442.179166	
77.47398	-442.295701	-442.240253	-442.260795	-442.222799	
77.48406	-442.328871	-442.266432	-442.293964	-442.266432	
77.49426	-442.364546	-442.301339	-442.329639	-442.301339	
77.50441	-442.40209	-442.336246	-442.367183	-442.336246	
77.51456	-442.441723	-442.371152	-442.406816	-442.379879	
77.52474	-442.483516	-442.406059	-442.448609	-442.423512	
77.53486	-442.527098	-442.449692	-442.492192	-442.467145	
77.54508	-442.573243	-442.493325	-442.538336	-442.510779	
77.55528	-442.621362	-442.545685	-442.586456	-442.571865	
77.56539	-442.671108	-442.598045	-442.636201	-442.615498	
77.57553	-442.723029	-442.659132	-442.688122	-442.676585	
77.58573	-442.777383	-442.720218	-442.742476	-442.720218	
77.59583	-442.833171	-442.790031	-442.798264	-442.781305	
77.60604	-442.891715	-442.842391	-442.856809	-442.833664	
77.61617	-442.951846	-442.903478	-442.916939	-442.894751	
77.62634	-443.014261	-442.973291	-442.979355	-442.955838	
77.63649	-443.078632	-443.034377	-443.043725	-443.016924	
77.65683	-443.218065	-443.174004	-443.183158	-443.139097	
77.66147	-443.249428	-443.20891	-443.214521	-443.15655	
77.67164	-443.321084	-443.278723	-443.286177	-443.226364	
77.68186	-443.395187	-443.348537	-443.360281	-443.28745	
77.69197	-443.470488	-443.427076	-443.435582	-443.36599	
77.70216	-443.548469	-443.49689	-443.513563	-443.435803	
77.71234	-443.628566	-443.575429	-443.59366	-443.52307	
77.72243	-443.709796	-443.653969	-443.674889	-443.592883	
77.73258	-443.793665	-443.732509	-443.758758	-443.680149	
77.74282	-443.880437	-443.802322	-443.84553	-443.767416	
77.75304	-443.969003	-443.889589	-443.934096	-443.854682	
77.7632	-444.059223	-443.976855	-444.024317	-443.950675	
77.77326	-444.150525	-444.072848	-444.115619	-444.046668	
77.78354	-444.245941	-444.160115	-444.211034	-444.142661	
77.79373	-444.342686	-444.256108	-444.307779	-444.238655	
77.80378	-444.440002	-444.360828	-444.405095	-444.334648	
77.81396	-444.540672	-444.465547	-444.505765	-444.430641	
77.82408	-444.642769	-444.570267	-444.607862	-444.53536	
77.83429	-444.744929	-444.674987	-444.710022	-444.64008	
77.8444	-444.845989	-444.779707	-444.811082	-444.7448	
77.85462	-444.948189	-444.893153	-444.913282	-444.84952	
77.86489	-445.050949	-445.006599	-445.016042	-444.95424	
77.87501	-445.152109	-445.120046	-445.117202	-445.076413	
77.88516	-445.253619	-445.233492	-445.218712	-445.189859	
77.89536	-445.355599	-445.346939	-445.320692	-445.303305	
77.90552	-445.457189	-445.460385	-445.422282	-445.408025	
77.91563	-445.558349	-445.582558	-445.523442	-445.530198	
77.92576	-445.659639	-445.687278	-445.624732	-445.643645	
77.93596	-445.761599	-445.800724	-445.726692	-445.757091	
77.9461	-445.863019	-445.905444	-445.828112	-445.861811	
77.95621	-445.964119	-446.010164	-445.929212	-445.96653	
77.96644	-446.066409	-446.114883	-446.031502	-446.062524	
77.97656	-446.167649	-446.210877	-446.132742	-446.14979	
77.98667	-446.269379	-446.30687	-446.234472	-446.245783	
77.99688	-446.371129	-446.402863	-446.336222	-446.33305	
78.00705	-446.472539	-446.490129	-446.437632	-446.429043	
78.01715	-446.573579	-446.577396	-446.538672	-446.525036	
78.02739	-446.675899	-446.664662	-446.640992	-446.612302	
78.03753	-446.777319	-446.760655	-446.742412	-446.699569	
78.04769	-446.878959	-446.847922	-446.844052	-446.804289	
78.0579	-446.980999	-446.943915	-446.946092	-446.900282	
78.06799	-447.081899	-447.031181	-447.046992	-446.996275	
78.07818	-447.183819	-447.127174	-447.148912	-447.092268	
78.08833	-447.285339	-447.223168	-447.250432	-447.196988	
78.09845	-447.386469	-447.327887	-447.351562	-447.301707	
78.10858	-447.487819	-447.42388	-447.452912	-447.415154	
78.11874	-447.589369	-447.519874	-447.554462	-447.519874	
78.12899	-447.691949	-447.624593	-447.657042	-447.642047	
78.13909	-447.792949	-447.73804	-447.758042	-447.746766	
78.15717	-447.973759	-447.842759	-447.938852	-447.860213	
78.16188	-448.020769	-447.982386	-447.985862	-447.999839	
78.17207	-448.122759	-448.095832	-448.087852	-448.113285	
78.18219	-448.223979	-448.218005	-448.189072	-448.235458	
78.19234	-448.325389	-448.340178	-448.290482	-448.340178	
78.20248	-448.426769	-448.453625	-448.391862	-448.444898	
78.21259	-448.527849	-448.567071	-448.492942	-448.549618	
78.22275	-448.629469	-448.689244	-448.594562	-448.654338	
78.23296	-448.731639	-448.793964	-448.696732	-448.741604	
78.2431	-448.832999	-448.898684	-448.798092	-448.837597	
78.25324	-448.934359	-449.003403	-448.899452	-448.93359	
78.26349	-449.036869	-449.099396	-449.001962	-449.020857	
78.27356	-449.137559	-449.186663	-449.102652	-449.108123	
78.28372	-449.239169	-449.282656	-449.204262	-449.19539	
78.29387	-449.340729	-449.369923	-449.305822	-449.282656	
78.30426	-449.444699	-449.457189	-449.409792	-449.369923	
78.31437	-449.545689	-449.544455	-449.510782	-449.457189	
78.32455	-449.647479	-449.631722	-449.612572	-449.553182	
78.33473	-449.749279	-449.710262	-449.714372	-449.640449	
78.34498	-449.851769	-449.806255	-449.816862	-449.736442	
78.35507	-449.952719	-449.893521	-449.917812	-449.841161	
78.36521	-450.054109	-449.980788	-450.019202	-449.945881	
78.37543	-450.156339	-450.076781	-450.121432	-450.041874	
78.3856	-450.258049	-450.172774	-450.223142	-450.155321	
78.39571	-450.359059	-450.277494	-450.324152	-450.26004	
78.40587	-450.460649	-450.39094	-450.425742	-450.36476	
78.41604	-450.562459	-450.504387	-450.527552	-450.46948	
78.42621	-450.664069	-450.609106	-450.629162	-450.5742	
78.43635	-450.765499	-450.731279	-450.730592	-450.678919	
78.44659	-450.867899	-450.853452	-450.832992	-450.783639	
78.45678	-450.969799	-450.966899	-450.934892	-450.897086	
78.47485	-451.150549	-451.167612	-451.115642	-451.097798	
78.47959	-451.197929	-451.219972	-451.163022	-451.141432	
78.48977	-451.299729	-451.333418	-451.264822	-451.246151	
78.49979	-451.399919	-451.446864	-451.365012	-451.359598	
78.50998	-451.501749	-451.551584	-451.466842	-451.473044	
78.52009	-451.602979	-451.656304	-451.568072	-451.577764	
78.53026	-451.704619	-451.761024	-451.669712	-451.682484	
78.54042	-451.806239	-451.857017	-451.771332	-451.787204	
78.55058	-451.907759	-451.95301	-451.872852	-451.891923	
78.56079	-452.009949	-452.040276	-451.975042	-451.987916	
78.57876	-452.189659	-452.197356	-452.154752	-452.162449	
78.58351	-452.237089	-452.240989	-452.202182	-452.206083	
78.59357	-452.337759	-452.328256	-452.302852	-452.302076	
78.60375	-452.439559	-452.415522	-452.404652	-452.389342	
78.61386	-452.540629	-452.502789	-452.505722	-452.476609	
78.62405	-452.642469	-452.598782	-452.607562	-452.563875	
78.63421	-452.744109	-452.686048	-452.709202	-452.651142	
78.64493	-452.854689	-452.782041	-452.819782	-452.747135	
78.65456	-452.947659	-452.878034	-452.912752	-452.843128	
78.66471	-453.049089	-452.974027	-453.014182	-452.930394	
78.67485	-453.150539	-453.078747	-453.115632	-453.035114	
78.68504	-453.252439	-453.192194	-453.217532	-453.139834	
78.69519	-453.354359	-453.296913	-453.319452	-453.244553	
78.70539	-453.455879	-453.401633	-453.420972	-453.349273	
78.71552	-453.557189	-453.515079	-453.522282	-453.471446	
78.72565	-453.658519	-453.628526	-453.623612	-453.576166	
78.73583	-453.760369	-453.741972	-453.725462	-453.689612	
78.746	-453.861999	-453.855419	-453.827092	-453.803059	
78.75611	-453.963149	-453.968865	-453.928242	-453.925232	
78.7663	-454.065029	-454.082311	-454.030122	-454.047405	
78.77648	-454.166839	-454.187031	-454.131932	-454.160851	
78.78663	-454.268289	-454.291751	-454.233382	-454.274298	
78.79679	-454.369919	-454.396471	-454.335012	-454.396471	
78.8087	-454.489089	-454.518644	-454.454182	-454.518644	
78.81856	-454.587579	-454.623364	-454.552672	-454.623364	
78.82873	-454.689329	-454.728083	-454.654422	-454.728083	
78.83894	-454.791369	-454.832803	-454.756462	-454.824076	
78.84914	-454.893449	-454.937523	-454.858542	-454.911343	
78.85949	-454.996899	-455.024789	-454.961992	-454.998609	
78.8694	-455.096029	-455.120782	-455.061122	-455.077149	
78.8796	-455.198019	-455.216776	-455.163112	-455.164416	
78.88973	-455.299279	-455.312769	-455.264372	-455.251682	
78.89984	-455.400429	-455.400035	-455.365522	-455.330222	
78.91003	-455.502329	-455.496028	-455.467422	-455.408762	
78.92015	-455.603509	-455.583295	-455.568602	-455.496028	
78.93031	-455.705129	-455.670561	-455.670222	-455.592021	
78.94042	-455.806189	-455.775281	-455.771282	-455.688014	
78.9506	-455.907999	-455.862547	-455.873092	-455.775281	
78.9608	-456.009999	-455.95854	-455.975092	-455.880001	
78.97095	-456.111559	-456.054534	-456.076652	-455.98472	
78.98106	-456.212629	-456.159253	-456.177722	-456.08944	
78.99123	-456.314679	-456.263973	-456.279772	-456.19416	
79.00145	-456.416479	-456.368693	-456.381572	-456.307606	
79.01153	-456.517259	-456.473413	-456.482352	-456.429779	
79.0217	-456.619049	-456.586859	-456.584142	-456.543226	
79.03193	-456.721329	-456.700305	-456.686422	-456.656672	
79.04207	-456.822659	-456.813752	-456.787752	-456.770119	
79.05217	-456.923729	-456.927198	-456.888822	-456.892292	
79.06236	-457.025599	-457.040645	-456.990692	-456.997011	
79.07254	-457.127429	-457.145364	-457.092522	-457.101731	
79.08269	-457.228939	-457.258811	-457.194032	-457.206451	
79.09285	-457.330509	-457.372257	-457.295602	-457.302444	
79.10302	-457.432239	-457.476977	-457.397332	-457.398437	
79.11323	-457.534339	-457.581697	-457.499432	-457.485704	
79.12344	-457.636389	-457.67769	-457.601482	-457.581697	
79.13356	-457.737609	-457.78241	-457.702702	-457.67769	
79.14375	-457.839499	-457.878403	-457.804592	-457.773683	
79.15394	-457.941409	-457.965669	-457.906502	-457.869676	
79.16406	-458.042589	-458.061662	-458.007682	-457.956942	
79.17418	-458.143839	-458.148929	-458.108932	-458.061662	
79.18443	-458.246279	-458.236195	-458.211372	-458.157655	
79.1945	-458.347019	-458.323462	-458.312112	-458.253648	
79.20469	-458.448849	-458.410728	-458.413942	-458.358368	
79.21485	-458.550469	-458.497994	-458.515562	-458.454361	
79.22509	-458.652949	-458.593988	-458.618042	-458.559081	
79.23516	-458.753529	-458.689981	-458.718622	-458.655074	
79.24535	-458.855479	-458.785974	-458.820572	-458.759794	
79.25558	-458.957789	-458.881967	-458.922882	-458.864514	
79.2657	-459.059029	-458.986687	-459.024122	-458.969233	
79.27579	-459.159839	-459.100133	-459.124932	-459.073953	
79.28599	-459.261899	-459.204853	-459.226992	-459.178673	
79.29619	-459.363919	-459.318299	-459.329012	-459.292119	
79.30629	-459.464909	-459.431746	-459.430002	-459.405566	
79.31645	-459.56352	-459.545192	-459.528614	-459.510285	
79.32665	-459.660976	-459.658638	-459.62607	-459.623732	
79.33684	-459.755322	-459.780811	-459.720415	-459.737178	
79.34697	-459.847635	-459.894258	-459.812728	-459.841898	
79.35711	-459.93804	-459.998978	-459.903133	-459.946618	
79.36726	-460.026534	-460.103697	-459.991627	-460.051338	
79.37927	-460.12837	-460.208417	-460.093463	-460.156057	
79.38755	-460.197375	-460.30441	-460.162468	-460.243324	
79.39768	-460.27981	-460.391677	-460.244904	-460.339317	
79.40796	-460.361392	-460.470217	-460.326486	-460.426583	
79.41935	-460.449129	-460.548756	-460.414223	-460.505123	
79.4282	-460.515981	-460.627296	-460.481074	-460.59239	
79.43837	-460.590744	-460.697109	-460.555838	-460.662203	
79.44854	-460.663584	-460.749469	-460.628677	-460.732016	
79.45862	-460.733803	-460.810556	-460.698896	-460.793102	
79.46881	-460.802776	-460.871642	-460.767869	-460.845462	
79.479	-460.86979	-460.915276	-460.834884	-460.897822	
79.49711	-460.98124	-461.011269	-460.946333	-460.976362	
79.50176	-461.010096	-461.028722	-460.975189	-461.011269	
79.512	-461.071015	-461.081082	-461.036109	-461.046175	
79.5221	-461.129192	-461.124715	-461.094285	-461.089808	
79.5322	-461.185455	-461.168348	-461.150548	-461.133442	
79.54239	-461.240276	-461.211981	-461.205369	-461.168348	
79.55259	-461.293191	-461.255615	-461.258284	-461.211981	
79.56272	-461.34379	-461.299248	-461.308884	-461.255615	
79.57284	-461.392468	-461.351608	-461.357562	-461.299248	
79.58305	-461.439683	-461.395241	-461.404777	-461.351608	
79.59325	-461.484858	-461.456328	-461.449951	-461.403968	
79.60341	-461.528001	-461.508687	-461.493095	-461.465054	
79.61355	-461.569157	-461.569774	-461.53425	-461.517414	
79.62375	-461.608629	-461.622134	-461.573723	-461.569774	
79.63397	-461.646287	-461.674494	-461.611381	-461.622134	
79.64403	-461.681548	-461.726854	-461.646641	-461.674494	
79.65428	-461.715556	-461.779213	-461.68065	-461.718127	
79.66438	-461.747269	-461.822847	-461.712363	-461.770487	
79.67448	-461.777144	-461.857753	-461.742237	-461.81412	
79.68463	-461.805339	-461.89266	-461.770432	-461.849027	
79.69481	-461.831825	-461.91884	-461.796918	-461.883933	
79.70502	-461.856548	-461.94502	-461.821641	-461.901387	
79.71519	-461.879436	-461.962473	-461.844529	-461.91884	
79.72534	-461.900506	-461.979926	-461.8656	-461.936293	
79.7355	-461.919887	-461.988653	-461.884981	-461.953746	
79.74571	-461.937626	-461.988653	-461.90272	-461.953746	
79.7558	-461.95352	-461.988653	-461.918613	-461.953746	
79.76597	-461.967913	-461.988653	-461.933006	-461.953746	
79.77613	-461.980677	-461.988653	-461.945771	-461.953746	
79.78634	-461.991952	-461.988653	-461.957046	-461.953746	
79.79644	-462.001635	-461.988653	-461.966729	-461.953746	
79.80661	-462.009946	-461.988653	-461.97504	-461.953746	
79.81681	-462.016928	-461.988653	-461.982021	-461.953746	
79.82694	-462.02261	-461.988653	-461.987703	-461.953746	
79.83709	-462.027169	-461.988653	-461.992262	-461.953746	
79.84725	-462.03069	-461.988653	-461.995783	-461.953746	
79.85757	-462.033357	-461.988653	-461.998451	-461.953746	
79.86759	-462.039427	-461.988653	-462.00452	-461.953746	
79.87773	-462.039427	-461.988653	-462.00452	-461.953746	
79.88793	-462.039427	-461.988653	-462.00452	-461.953746	
79.89809	-462.039427	-461.988653	-462.00452	-461.953746	
79.9082	-462.039427	-461.988653	-462.00452	-461.953746	
79.91839	-462.039427	-461.988653	-462.00452	-461.953746	
79.92856	-462.039427	-461.988653	-462.00452	-461.953746	
79.93866	-462.039427	-461.988653	-462.00452	-461.953746	
79.94909	-462.039427	-461.988653	-462.00452	-461.953746	
79.95897	-462.039427	-461.988653	-462.00452	-461.953746	
79.97712	-462.039427	-461.99738	-462.00452	-461.953746	
79.98175	-462.039427	-461.99738	-462.00452	-461.953746	
79.99203	-462.039427	-461.99738	-462.00452	-461.953746	
80.00212	-462.039427	-461.99738	-462.00452	-461.953746	
80.0122	-462.039427	-461.99738	-462.00452	-461.953746	
80.02243	-462.039427	-461.99738	-462.00452	-461.953746	
80.0326	-462.039427	-461.99738	-462.00452	-461.953746	
80.04273	-462.039427	-461.99738	-462.00452	-461.953746	
80.05286	-462.039427	-461.99738	-462.00452	-461.953746	
80.06309	-462.039427	-461.99738	-462.00452	-461.953746	
80.07329	-462.039427	-461.99738	-462.00452	-461.953746	
80.08344	-462.039427	-461.99738	-462.00452	-461.953746	
80.09355	-462.039427	-461.99738	-462.00452	-461.953746	
80.10379	-462.039427	-461.99738	-462.00452	-461.953746	
80.11399	-462.039427	-461.99738	-462.00452	-461.953746	
80.12402	-462.039427	-461.99738	-462.00452	-461.953746	
80.13425	-462.039427	-461.99738	-462.00452	-461.953746	
80.14436	-462.039427	-461.99738	-462.00452	-461.953746	
80.15454	-462.039427	-461.99738	-462.00452	-461.953746	
80.16469	-462.039427	-461.99738	-462.00452	-461.953746	
80.17483	-462.039427	-461.99738	-462.00452	-461.953746	
80.18506	-462.039427	-461.99738	-462.00452	-461.953746	
80.19517	-462.039427	-461.99738	-462.00452	-461.953746	
80.20533	-462.039427	-461.99738	-462.00452	-461.953746	
80.21553	-462.039427	-461.99738	-462.00452	-461.953746	
80.2257	-462.039427	-461.99738	-462.00452	-461.953746	
80.23576	-462.039427	-461.99738	-462.00452	-461.953746	
80.24592	-462.039427	-461.99738	-462.00452	-461.953746	
80.25612	-462.039427	-461.99738	-462.00452	-461.953746	
80.26634	-462.039427	-461.99738	-462.00452	-461.953746	
80.27649	-462.039427	-461.99738	-462.00452	-461.953746	
80.28667	-462.039427	-461.99738	-462.00452	-461.953746	
80.29687	-462.039427	-461.99738	-462.00452	-461.953746	
80.30698	-462.039427	-461.99738	-462.00452	-461.953746	
80.31715	-462.039427	-461.99738	-462.00452	-461.953746	
80.32727	-462.039427	-461.99738	-462.00452	-461.953746	
80.33746	-462.039427	-461.99738	-462.00452	-461.953746	
80.34764	-462.039427	-461.99738	-462.00452	-461.953746	
80.35775	-462.039427	-461.99738	-462.00452	-461.953746	
80.368	-462.039427	-461.99738	-462.00452	-461.953746	
80.3782	-462.039427	-461.99738	-462.00452	-461.953746	
80.38824	-462.039427	-461.99738	-462.00452	-461.953746	
80.39843	-462.039427	-461.99738	-462.00452	-461.953746	
80.40859	-462.039427	-461.99738	-462.00452	-461.953746	
80.4187	-462.039427	-461.99738	-462.00452	-461.953746	
80.42885	-462.039427	-461.99738	-462.00452	-461.953746	
80.439	-462.039427	-461.99738	-462.00452	-461.953746	
80.45717	-462.039427	-461.99738	-462.00452	-461.962473	
80.46178	-462.039427	-461.99738	-462.00452	-461.962473	
80.47229	-462.039427	-461.99738	-462.00452	-461.962473	
80.48215	-462.039427	-461.99738	-462.00452	-461.962473	
80.4923	-462.039427	-461.99738	-462.00452	-461.962473	
80.50249	-462.039427	-461.99738	-462.00452	-461.962473	
80.51269	-462.039427	-461.99738	-462.00452	-461.962473	
80.52278	-462.039427	-461.99738	-462.00452	-461.962473	
80.53295	-462.039427	-461.99738	-462.00452	-461.962473	
80.54315	-462.039427	-461.99738	-462.00452	-461.962473	
80.55336	-462.039427	-461.99738	-462.00452	-461.962473	
80.56355	-462.039427	-461.99738	-462.00452	-461.962473	
80.5736	-462.039427	-461.99738	-462.00452	-461.962473	
80.58387	-462.039427	-461.99738	-462.00452	-461.962473	
80.59401	-462.039427	-461.99738	-462.00452	-461.962473	
80.60412	-462.039427	-461.99738	-462.00452	-461.962473	
80.61429	-462.039427	-461.99738	-462.00452	-461.962473	
80.62443	-462.039427	-461.99738	-462.00452	-461.962473	
80.63458	-462.039427	-461.99738	-462.00452	-461.962473	
80.64473	-462.039427	-461.99738	-462.00452	-461.962473	
80.65628	-462.039427	-461.99738	-462.00452	-461.962473	
80.66544	-462.039427	-461.99738	-462.00452	-461.962473	
80.67557	-462.039427	-461.99738	-462.00452	-461.962473	
80.6857	-462.039427	-461.99738	-462.00452	-461.962473	
80.69595	-462.039427	-461.99738	-462.00452	-461.962473	
80.70611	-462.039427	-461.99738	-462.00452	-461.962473	
80.71623	-462.039427	-461.99738	-462.00452	-461.962473	
80.72642	-462.039427	-461.99738	-462.00452	-461.962473	
80.73651	-462.039427	-461.99738	-462.00452	-461.962473	
80.74663	-462.039427	-461.99738	-462.00452	-461.962473	
80.75686	-462.039427	-461.99738	-462.00452	-461.962473	
80.76701	-462.039427	-461.99738	-462.00452	-461.962473	
80.77718	-462.039427	-461.99738	-462.00452	-461.962473	
80.78738	-462.039427	-461.99738	-462.00452	-461.962473	
80.7975	-462.039427	-461.99738	-462.00452	-461.962473	
80.80765	-462.039427	-461.99738	-462.00452	-461.962473	
80.81792	-462.039427	-461.99738	-462.00452	-461.962473	
80.82797	-462.039427	-461.99738	-462.00452	-461.962473	
80.83811	-462.039427	-461.99738	-462.00452	-461.962473	
80.84831	-462.039427	-461.99738	-462.00452	-461.9712	
80.85848	-462.039427	-461.99738	-462.00452	-461.9712	
80.86857	-462.039427	-462.006106	-462.00452	-461.979926	
80.87874	-462.039427	-462.006106	-462.00452	-461.988653	
80.889	-462.039427	-462.014833	-462.00452	-461.988653	
80.89913	-462.039427	-462.02356	-462.00452	-461.99738	
80.90937	-462.039427	-462.032286	-462.00452	-462.006106	
80.91943	-462.039427	-462.041013	-462.00452	-462.014833	
80.9297	-462.039427	-462.04974	-462.00452	-462.02356	
80.93975	-462.039427	-462.058466	-462.00452	-462.02356	
80.94991	-462.039427	-462.058466	-462.00452	-462.02356	
80.96017	-462.039427	-462.067193	-462.00452	-462.02356	
80.97025	-462.039427	-462.067193	-462.00452	-462.02356	
80.98035	-462.039427	-462.067193	-462.00452	-462.02356	
80.99056	-462.039427	-462.067193	-462.00452	-462.02356	
81.00077	-462.039427	-462.067193	-462.00452	-462.02356	
81.01085	-462.039427	-462.058466	-462.00452	-462.02356	
81.02102	-462.039427	-462.058466	-462.00452	-462.02356	
81.03121	-462.039427	-462.04974	-462.00452	-462.02356	
81.04142	-462.039427	-462.04974	-462.00452	-462.02356	
81.0516	-462.039427	-462.041013	-462.00452	-462.02356	
81.0617	-462.039427	-462.041013	-462.00452	-462.02356	
81.07193	-462.039427	-462.032286	-462.00452	-462.02356	
81.08214	-462.039427	-462.02356	-462.00452	-462.02356	
81.09218	-462.039427	-462.02356	-462.00452	-462.02356	
81.10244	-462.039427	-462.02356	-462.00452	-462.02356	
81.11259	-462.039427	-462.02356	-462.00452	-462.02356	
81.1227	-462.039427	-462.02356	-462.00452	-462.02356	
81.13286	-462.039427	-462.032286	-462.00452	-462.02356	
81.1431	-462.039427	-462.032286	-462.00452	-462.02356	
81.15338	-462.039427	-462.041013	-462.00452	-462.02356	
81.16347	-462.039427	-462.041013	-462.00452	-462.02356	
81.17356	-462.039427	-462.041013	-462.00452	-462.02356	
81.18381	-462.039427	-462.041013	-462.00452	-462.02356	
81.19394	-462.039427	-462.041013	-462.00452	-462.02356	
81.20407	-462.039427	-462.032286	-462.00452	-462.02356	
81.21421	-462.039427	-462.032286	-462.00452	-462.02356	
81.22442	-462.039427	-462.032286	-462.00452	-462.02356	
81.23453	-462.039427	-462.032286	-462.00452	-462.02356	
81.24472	-462.039427	-462.032286	-462.00452	-462.02356	
81.25488	-462.039427	-462.032286	-462.00452	-462.02356	
81.26506	-462.039427	-462.032286	-462.00452	-462.02356	
81.27527	-462.039427	-462.032286	-462.00452	-462.02356	
81.28537	-462.039427	-462.032286	-462.00452	-462.02356	
81.29558	-462.039427	-462.032286	-462.00452	-462.02356	
81.30575	-462.039427	-462.032286	-462.00452	-462.02356	
81.31586	-462.039427	-462.032286	-462.00452	-462.02356	
81.32599	-462.039427	-462.032286	-462.00452	-462.02356	
81.3362	-462.039427	-462.032286	-462.00452	-462.02356	
81.34633	-462.039427	-462.032286	-462.00452	-462.014833	
81.35654	-462.039427	-462.032286	-462.00452	-462.014833	
81.36674	-462.039427	-462.02356	-462.00452	-462.014833	
81.37686	-462.039427	-462.02356	-462.00452	-462.006106	
81.38703	-462.039427	-462.02356	-462.00452	-462.006106	
81.39719	-462.039427	-462.02356	-462.00452	-462.006106	
81.40729	-462.039427	-462.02356	-462.00452	-462.006106	
81.41771	-462.039427	-462.02356	-462.00452	-461.988653	
81.4356	-462.039427	-462.02356	-462.00452	-461.988653	
81.44028	-462.039427	-462.02356	-462.00452	-461.988653	
81.45044	-462.039427	-462.02356	-462.00452	-461.9712	
81.46055	-462.039427	-462.02356	-462.00452	-461.962473	
81.47078	-462.039427	-462.02356	-462.00452	-461.953746	
81.48094	-462.039427	-462.02356	-462.00452	-461.953746	
81.49106	-462.039427	-462.032286	-462.00452	-461.953746	
81.50127	-462.039427	-462.032286	-462.00452	-461.953746	
81.5114	-462.039427	-462.032286	-462.00452	-461.953746	
81.5216	-462.039427	-462.032286	-462.00452	-461.9712	
81.53174	-462.039427	-462.032286	-462.00452	-461.979926	
81.54193	-462.039427	-462.032286	-462.00452	-461.988653	
81.55215	-462.039427	-462.032286	-462.00452	-462.006106	
81.5623	-462.039427	-462.032286	-462.00452	-462.014833	
81.57238	-462.039427	-462.032286	-462.00452	-462.02356	
81.58263	-462.039427	-462.032286	-462.00452	-462.032286	
81.59275	-462.039427	-462.032286	-462.00452	-462.041013	
81.60289	-462.039427	-462.032286	-462.00452	-462.04974	
81.61304	-462.039427	-462.032286	-462.00452	-462.04974	
81.62328	-462.039427	-462.032286	-462.00452	-462.04974	
81.63346	-462.039427	-462.032286	-462.00452	-462.041013	
81.64362	-462.039427	-462.032286	-462.00452	-462.032286	
81.65598	-462.039427	-462.032286	-462.00452	-462.02356	
81.66395	-462.039427	-462.032286	-462.00452	-462.014833	
81.6741	-462.039427	-462.032286	-462.00452	-462.006106	
81.68415	-462.039427	-462.032286	-462.00452	-461.988653	
81.69438	-462.039427	-462.032286	-462.00452	-461.988653	
81.70452	-462.039427	-462.032286	-462.00452	-461.979926	
81.71476	-462.039427	-462.032286	-462.00452	-461.9712	
81.72499	-462.039427	-462.032286	-462.00452	-461.962473	
81.73509	-462.039427	-462.032286	-462.00452	-461.962473	
81.74535	-462.039427	-462.032286	-462.00452	-461.953746	
81.75548	-462.039427	-462.032286	-462.00452	-461.953746	
81.76561	-462.039427	-462.032286	-462.00452	-461.962473	
81.77583	-462.039427	-462.032286	-462.00452	-461.962473	
81.786	-462.039427	-462.032286	-462.00452	-461.9712	
81.7961	-462.039427	-462.032286	-462.00452	-461.988653	
81.80626	-462.039427	-462.032286	-462.00452	-461.988653	
81.81641	-462.039427	-462.032286	-462.00452	-462.006106	
81.8266	-462.039427	-462.032286	-462.00452	-462.014833	
81.83675	-462.039427	-462.032286	-462.00452	-462.02356	
81.84691	-462.039427	-462.032286	-462.00452	-462.032286	
81.85707	-462.039427	-462.032286	-462.00452	-462.041013	
81.86725	-462.039427	-462.032286	-462.00452	-462.04974	
81.87741	-462.039427	-462.032286	-462.00452	-462.041013	
81.88754	-462.039427	-462.032286	-462.00452	-462.041013	
81.89772	-462.039427	-462.032286	-462.00452	-462.032286	
81.90792	-462.039427	-462.032286	-462.00452	-462.02356	
81.91804	-462.039427	-462.032286	-462.00452	-462.02356	
81.92825	-462.039427	-462.032286	-462.00452	-462.014833	
81.93839	-462.039427	-462.032286	-462.00452	-462.006106	
81.94853	-462.039427	-462.032286	-462.00452	-461.99738	
81.95867	-462.039427	-462.032286	-462.00452	-461.988653	
81.96904	-462.039427	-462.032286	-462.00452	-461.988653	
81.97897	-462.039427	-462.032286	-462.00452	-461.988653	
81.98912	-462.039427	-462.032286	-462.00452	-461.979926	
81.99935	-462.039427	-462.032286	-462.00452	-461.9712	
82.00951	-462.039427	-462.032286	-462.00452	-461.9712	
82.01968	-462.039427	-462.032286	-462.00452	-461.9712	
82.02979	-462.039427	-462.032286	-462.00452	-461.9712	
82.04002	-462.039427	-462.032286	-462.00452	-461.979926	
82.0502	-462.039427	-462.032286	-462.00452	-461.988653	
82.06028	-462.039427	-462.032286	-462.00452	-461.988653	
82.07045	-462.039427	-462.032286	-462.00452	-461.99738	
82.08067	-462.039427	-462.032286	-462.00452	-462.006106	
82.09078	-462.039427	-462.032286	-462.00452	-462.014833	
82.10095	-462.039427	-462.032286	-462.00452	-462.02356	
82.11112	-462.039427	-462.032286	-462.00452	-462.02356	
82.1213	-462.039427	-462.032286	-462.00452	-462.02356	
82.1315	-462.039427	-462.032286	-462.00452	-462.02356	
82.14166	-462.039427	-462.032286	-462.00452	-462.02356	
82.1519	-462.039427	-462.032286	-462.00452	-462.032286	
82.16204	-462.039427	-462.032286	-462.00452	-462.032286	
82.1721	-462.039427	-462.032286	-462.00452	-462.032286	
82.18228	-462.039427	-462.032286	-462.00452	-462.032286	
82.1925	-462.039427	-462.032286	-462.00452	-462.032286	
82.20261	-462.039427	-462.032286	-462.00452	-462.032286	
82.21277	-462.039427	-462.032286	-462.00452	-462.032286	
82.22293	-462.039427	-462.032286	-462.00452	-462.032286	
82.23306	-462.039427	-462.032286	-462.00452	-462.02356	
82.24329	-462.039427	-462.032286	-462.00452	-462.02356	
82.25345	-462.039427	-462.032286	-462.00452	-462.02356	
82.26361	-462.039427	-462.032286	-462.00452	-462.014833	
82.2738	-462.039427	-462.032286	-462.00452	-462.006106	
82.28393	-462.039427	-462.032286	-462.00452	-462.006106	
82.29407	-462.039427	-462.032286	-462.00452	-461.99738	
82.3043	-462.039427	-462.032286	-462.00452	-461.99738	
82.31438	-462.039427	-462.032286	-462.00452	-461.988653	
82.32457	-462.039427	-462.032286	-462.00452	-461.988653	
82.33473	-462.039427	-462.032286	-462.00452	-461.988653	
82.34492	-462.039427	-462.032286	-462.00452	-461.988653	
82.35506	-462.039427	-462.032286	-462.00452	-461.99738	
82.36521	-462.039427	-462.032286	-462.00452	-461.99738	
82.37536	-462.039427	-462.032286	-462.00452	-461.99738	
82.38561	-462.039427	-462.032286	-462.00452	-461.99738	
82.39577	-462.039427	-462.032286	-462.00452	-461.99738	
82.40587	-462.039427	-462.032286	-462.00452	-461.99738	
82.41608	-462.039427	-462.032286	-462.00452	-461.99738	
82.42631	-462.039427	-462.032286	-462.00452	-461.99738	
82.43645	-462.039427	-462.032286	-462.00452	-461.99738	
82.44708	-462.039427	-462.032286	-462.00452	-461.99738	
82.45721	-462.039427	-462.032286	-462.00452	-461.99738	
82.46757	-462.039427	-462.032286	-462.00452	-461.99738	
82.4775	-462.039427	-462.032286	-462.00452	-461.99738	
82.48761	-462.039427	-462.032286	-462.00452	-461.99738	
82.49792	-462.039427	-462.032286	-462.00452	-461.99738	
82.50796	-462.039427	-462.032286	-462.00452	-461.99738	
82.51812	-462.039427	-462.032286	-462.00452	-461.99738	
82.52835	-462.039427	-462.032286	-462.00452	-461.99738	
82.53844	-462.039427	-462.032286	-462.00452	-461.99738	
82.54858	-462.039427	-462.032286	-462.00452	-461.99738	
82.55875	-462.039427	-462.032286	-462.00452	-461.99738	
82.56892	-462.039427	-462.032286	-462.00452	-461.99738	
82.57906	-462.039427	-462.032286	-462.00452	-461.99738	
82.58922	-462.039427	-462.032286	-462.00452	-461.99738	
82.59952	-462.039427	-462.032286	-462.00452	-461.99738	
82.60967	-462.039427	-462.032286	-462.00452	-461.99738	
82.61972	-462.039427	-462.032286	-462.00452	-462.006106	
82.62985	-462.039427	-462.032286	-462.00452	-462.006106	
82.64007	-462.039427	-462.032286	-462.00452	-462.006106	
82.65026	-462.039427	-462.032286	-462.00452	-462.006106	
82.66176	-462.039427	-462.032286	-462.00452	-462.006106	
82.67094	-462.039427	-462.032286	-462.00452	-462.006106	
82.6811	-462.039427	-462.032286	-462.00452	-462.006106	
82.6912	-462.039427	-462.032286	-462.00452	-462.006106	
82.70147	-462.039427	-462.032286	-462.00452	-462.006106	
82.71173	-462.039427	-462.032286	-462.00452	-462.006106	
82.72175	-462.039427	-462.032286	-462.00452	-462.006106	
82.73188	-462.039427	-462.032286	-462.00452	-462.006106	
82.74207	-462.039427	-462.032286	-462.00452	-462.006106	
82.7523	-462.039427	-462.032286	-462.00452	-462.006106	
82.76246	-462.039427	-462.032286	-462.00452	-462.006106	
82.77252	-462.039427	-462.032286	-462.00452	-462.006106	
82.78277	-462.039427	-462.032286	-462.00452	-462.006106	
82.79293	-462.039427	-462.032286	-462.00452	-462.006106	
82.80307	-462.039427	-462.032286	-462.00452	-462.006106	
82.81317	-462.039427	-462.032286	-462.00452	-462.006106	
82.82343	-462.039427	-462.032286	-462.00452	-462.006106	
82.84153	-462.039427	-462.032286	-462.00452	-462.006106	
82.84616	-462.039427	-462.032286	-462.00452	-462.006106	
82.8564	-462.039427	-462.032286	-462.00452	-462.006106	
82.86652	-462.039427	-462.032286	-462.00452	-462.006106	
82.87667	-462.039427	-462.032286	-462.00452	-462.006106	
82.88688	-462.039427	-462.032286	-462.00452	-462.006106	
82.89701	-462.039427	-462.032286	-462.00452	-462.006106	
82.90713	-462.039427	-462.032286	-462.00452	-462.006106	
82.91728	-462.039427	-462.032286	-462.00452	-462.006106	
82.92746	-462.039427	-462.032286	-462.00452	-462.006106	
82.93767	-462.039427	-462.032286	-462.00452	-462.006106	
82.94789	-462.039427	-462.032286	-462.00452	-462.006106	
82.95795	-462.039427	-462.032286	-462.00452	-462.006106	
82.9684	-462.039427	-462.032286	-462.00452	-462.006106	
82.97833	-462.039427	-462.032286	-462.00452	-462.006106	
82.98838	-462.039427	-462.032286	-462.00452	-462.006106	
82.99863	-462.039427	-462.032286	-462.00452	-462.006106	
83.00875	-462.039427	-462.032286	-462.00452	-462.006106	
83.01887	-462.039427	-462.032286	-462.00452	-462.006106	
83.02902	-462.039427	-462.032286	-462.00452	-462.006106	
83.03928	-462.039427	-462.032286	-462.00452	-462.006106	
83.04941	-462.039427	-462.032286	-462.00452	-462.006106	
83.05963	-462.039427	-462.032286	-462.00452	-462.006106	
83.06967	-462.039427	-462.032286	-462.00452	-462.006106	
83.07988	-462.039427	-462.032286	-462.00452	-462.006106	
83.09006	-462.039427	-462.032286	-462.00452	-462.006106	
83.10016	-462.039427	-462.032286	-462.00452	-462.006106	
83.11031	-462.039427	-462.032286	-462.00452	-462.006106	
83.12052	-462.039427	-462.032286	-462.00452	-462.006106	
83.13067	-462.039427	-462.032286	-462.00452	-462.006106	
83.14082	-462.039427	-462.032286	-462.00452	-462.006106	
83.15095	-462.039427	-462.032286	-462.00452	-462.006106	
83.16117	-462.039427	-462.032286	-462.00452	-462.006106	
83.17125	-462.039427	-462.032286	-462.00452	-462.006106	
83.18143	-462.039427	-462.032286	-462.00452	-462.006106	
83.19194	-462.039427	-462.032286	-462.00452	-462.006106	
83.20207	-462.039427	-462.032286	-462.00452	-462.006106	
83.2122	-462.039427	-462.032286	-462.00452	-462.006106	
83.22233	-462.039427	-462.032286	-462.00452	-462.006106	
83.23248	-462.039427	-462.032286	-462.00452	-462.006106	
83.24272	-462.039427	-462.032286	-462.00452	-462.006106	
83.25282	-462.039427	-462.032286	-462.00452	-462.006106	
83.26299	-462.039427	-462.032286	-462.00452	-462.006106	
83.27321	-462.039427	-462.032286	-462.00452	-462.006106	
83.2833	-462.039427	-462.032286	-462.00452	-462.006106	
83.2937	-462.039427	-462.032286	-462.00452	-462.006106	
83.30411	-462.039427	-462.032286	-462.00452	-462.006106	
83.31402	-462.039427	-462.032286	-462.00452	-462.006106	
83.32416	-462.039427	-462.032286	-462.00452	-462.006106	
83.33433	-462.039427	-462.032286	-462.00452	-462.006106	
83.34455	-462.039427	-462.032286	-462.00452	-462.006106	
83.3547	-462.039427	-462.032286	-462.00452	-462.006106	
83.36483	-462.039427	-462.032286	-462.00452	-462.006106	
83.37493	-462.039427	-462.032286	-462.00452	-462.006106	
83.38519	-462.039427	-462.032286	-462.00452	-462.006106	
83.3953	-462.039427	-462.032286	-462.00452	-462.006106	
83.40548	-462.039427	-462.032286	-462.00452	-462.006106	
83.41556	-462.039427	-462.032286	-462.00452	-462.006106	
83.42581	-462.039427	-462.032286	-462.00452	-462.006106	
83.43598	-462.039427	-462.032286	-462.00452	-462.006106	
83.4461	-462.039427	-462.032286	-462.00452	-462.006106	
83.4563	-462.039427	-462.032286	-462.00452	-462.006106	
83.46648	-462.039427	-462.032286	-462.00452	-462.006106	
83.47661	-462.039427	-462.032286	-462.00452	-462.006106	
83.48679	-462.039427	-462.032286	-462.00452	-462.006106	
83.49696	-462.039427	-462.032286	-462.00452	-462.006106	
83.50707	-462.039427	-462.032286	-462.00452	-462.006106	
83.51722	-462.039427	-462.032286	-462.00452	-462.006106	
83.52739	-462.039427	-462.032286	-462.00452	-462.006106	
83.53762	-462.039427	-462.032286	-462.00452	-462.006106	
83.54773	-462.039427	-462.032286	-462.00452	-462.006106	
83.55792	-462.039427	-462.032286	-462.00452	-462.006106	
83.56809	-462.039427	-462.032286	-462.00452	-462.006106	
83.57822	-462.039427	-462.032286	-462.00452	-462.006106	
83.58831	-462.039427	-462.032286	-462.00452	-462.006106	
83.59846	-462.039427	-462.032286	-462.00452	-462.006106	
83.60866	-462.039427	-462.032286	-462.00452	-462.006106	
83.61883	-462.039427	-462.032286	-462.00452	-462.006106	
83.62898	-462.039427	-462.032286	-462.00452	-462.006106	
83.63912	-462.039427	-462.032286	-462.00452	-462.006106	
83.64935	-462.039427	-462.032286	-462.00452	-462.006106	
83.66158	-462.039427	-462.032286	-462.00452	-462.006106	
83.66963	-462.039427	-462.032286	-462.00452	-462.006106	
83.67975	-462.039427	-462.032286	-462.00452	-462.006106	
83.68985	-462.039427	-462.032286	-462.00452	-462.006106	
83.70006	-462.039427	-462.032286	-462.00452	-462.006106	
83.71019	-462.039427	-462.032286	-462.00452	-462.006106	
83.72046	-462.039427	-462.032286	-462.00452	-462.006106	
83.73053	-462.039427	-462.032286	-462.00452	-462.006106	
83.7407	-462.039427	-462.032286	-462.00452	-462.006106	
83.75096	-462.039427	-462.032286	-462.00452	-462.006106	
83.76106	-462.039427	-462.032286	-462.00452	-462.006106	
83.77115	-462.039427	-462.032286	-462.00452	-462.006106	
83.78135	-462.039427	-462.032286	-462.00452	-462.006106	
83.79154	-462.039427	-462.032286	-462.00452	-462.006106	
83.80176	-462.039427	-462.032286	-462.00452	-462.006106	
83.8119	-462.039427	-462.032286	-462.00452	-462.006106	
83.82207	-462.039427	-462.032286	-462.00452	-462.006106	
83.83225	-462.039427	-462.032286	-462.00452	-462.006106	
83.84245	-462.039427	-462.032286	-462.00452	-462.006106	
83.85252	-462.039427	-462.032286	-462.00452	-462.006106	
83.86277	-462.039427	-462.032286	-462.00452	-462.006106	
83.87288	-462.039427	-462.032286	-462.00452	-462.006106	
83.88304	-462.039427	-462.032286	-462.00452	-462.006106	
83.89318	-462.039427	-462.032286	-462.00452	-462.006106	
83.90339	-462.039427	-462.032286	-462.00452	-462.006106	
83.92162	-462.039427	-462.032286	-462.00452	-462.006106	
83.92626	-462.039427	-462.032286	-462.00452	-462.006106	
83.93646	-462.039427	-462.032286	-462.00452	-462.006106	
83.94662	-462.039427	-462.032286	-462.00452	-462.006106	
83.95673	-462.039427	-462.032286	-462.00452	-462.006106	
83.96692	-462.039427	-462.032286	-462.00452	-462.006106	
83.97705	-462.039427	-462.032286	-462.00452	-462.006106	
83.98715	-462.039427	-462.032286	-462.00452	-462.006106	
83.99737	-462.039427	-462.032286	-462.00452	-462.006106	
84.00754	-462.039427	-462.032286	-462.00452	-462.006106	
84.01772	-462.039427	-462.032286	-462.00452	-462.006106	
84.02794	-462.039427	-462.032286	-462.00452	-462.006106	
84.03802	-462.039427	-462.032286	-462.00452	-462.006106	
84.04825	-462.039427	-462.032286	-462.00452	-462.006106	
84.05843	-462.039427	-462.032286	-462.00452	-462.006106	
84.06849	-462.039427	-462.032286	-462.00452	-462.006106	
84.07868	-462.039427	-462.032286	-462.00452	-462.006106	
84.08881	-462.039427	-462.032286	-462.00452	-462.006106	
84.09895	-462.039427	-462.032286	-462.00452	-462.006106	
84.10909	-462.039427	-462.032286	-462.00452	-462.006106	
84.12746	-462.039427	-462.032286	-462.00452	-462.006106	
84.13225	-462.039427	-462.032286	-462.00452	-462.006106	
84.14238	-462.039427	-462.032286	-462.00452	-462.006106	
84.15259	-462.039427	-462.032286	-462.00452	-462.006106	
84.16274	-462.039427	-462.032286	-462.00452	-462.006106	
84.17284	-462.039427	-462.032286	-462.00452	-462.006106	
84.18305	-462.039427	-462.032286	-462.00452	-462.006106	
84.1933	-462.039427	-462.032286	-462.00452	-462.006106	
84.2034	-462.039427	-462.032286	-462.00452	-462.006106	
84.21356	-462.039427	-462.032286	-462.00452	-462.006106	
84.22373	-462.039427	-462.032286	-462.00452	-462.006106	
84.23391	-462.039427	-462.032286	-462.00452	-462.006106	
84.2441	-462.039427	-462.032286	-462.00452	-462.006106	
84.25421	-462.039427	-462.032286	-462.00452	-462.006106	
84.26513	-462.039427	-462.032286	-462.00452	-462.006106	
84.27463	-462.039427	-462.032286	-462.00452	-462.006106	
84.28474	-462.039427	-462.032286	-462.00452	-462.006106	
84.29494	-462.039427	-462.032286	-462.00452	-462.006106	
84.30512	-462.039427	-462.032286	-462.00452	-462.006106	
84.31523	-462.039427	-462.032286	-462.00452	-462.006106	
84.32538	-462.039427	-462.032286	-462.00452	-462.006106	
84.33558	-462.039427	-462.032286	-462.00452	-462.006106	
84.3458	-462.039427	-462.032286	-462.00452	-462.006106	
84.35591	-462.039427	-462.032286	-462.00452	-462.006106	
84.36606	-462.039427	-462.032286	-462.00452	-462.006106	
84.37626	-462.039427	-462.032286	-462.00452	-462.006106	
84.38842	-462.039427	-462.032286	-462.00452	-462.006106	
84.39854	-462.039427	-462.032286	-462.00452	-462.006106	
84.40871	-462.039427	-462.032286	-462.00452	-462.006106	
84.41887	-462.039427	-462.032286	-462.00452	-462.006106	
84.42902	-462.039427	-462.032286	-462.00452	-462.006106	
84.43924	-462.039427	-462.032286	-462.00452	-462.006106	
84.44942	-462.039427	-462.032286	-462.00452	-462.006106	
84.45953	-462.039427	-462.032286	-462.00452	-462.006106	
84.46985	-462.039427	-462.032286	-462.00452	-462.006106	
84.47979	-462.039427	-462.032286	-462.00452	-462.006106	
84.49023	-462.039427	-462.032286	-462.00452	-462.006106	
84.50014	-462.039427	-462.032286	-462.00452	-462.006106	
84.5103	-462.039427	-462.032286	-462.00452	-462.006106	
84.52048	-462.039427	-462.032286	-462.00452	-462.006106	
84.5306	-462.039427	-462.032286	-462.00452	-462.006106	
84.54928	-462.039427	-462.032286	-462.00452	-462.006106	
84.5541	-462.039427	-462.032286	-462.00452	-462.006106	
84.5642	-462.039427	-462.032286	-462.00452	-462.006106	
84.57429	-462.039427	-462.032286	-462.00452	-462.006106	
84.58456	-462.039427	-462.032286	-462.00452	-462.006106	
84.59469	-462.039427	-462.032286	-462.00452	-462.006106	
84.60482	-462.039427	-462.032286	-462.00452	-462.006106	
84.615	-462.039427	-462.032286	-462.00452	-462.006106	
84.62515	-462.039427	-462.032286	-462.00452	-462.006106	
84.63532	-462.039427	-462.032286	-462.00452	-462.006106	
84.64546	-462.039427	-462.032286	-462.00452	-462.006106	
84.65564	-462.039427	-462.032286	-462.00452	-462.006106	
84.66726	-462.039427	-462.032286	-462.00452	-462.006106	
84.67626	-462.039427	-462.032286	-462.00452	-462.006106	
84.68639	-462.039427	-462.032286	-462.00452	-462.006106	
84.6966	-462.039427	-462.032286	-462.00452	-462.006106	
84.70675	-462.039427	-462.032286	-462.00452	-462.006106	
84.71696	-462.039427	-462.032286	-462.00452	-462.006106	
84.72713	-462.039427	-462.032286	-462.00452	-462.006106	
84.7372	-462.039427	-462.032286	-462.00452	-462.006106	
84.7474	-462.039427	-462.032286	-462.00452	-462.006106	
84.75761	-462.039427	-462.032286	-462.00452	-462.006106	
84.76773	-462.039427	-462.032286	-462.00452	-462.006106	
84.77801	-462.039427	-462.032286	-462.00452	-462.006106	
84.7881	-462.039427	-462.032286	-462.00452	-462.006106	
84.79847	-462.039427	-462.032286	-462.00452	-462.006106	
84.80841	-462.039427	-462.032286	-462.00452	-462.006106	
84.8186	-462.039427	-462.032286	-462.00452	-462.006106	
84.82869	-462.039427	-462.032286	-462.00452	-462.006106	
84.83884	-462.039427	-462.032286	-462.00452	-462.006106	
84.84902	-462.039427	-462.032286	-462.00452	-462.006106	
84.85935	-462.039427	-462.032286	-462.00452	-462.006106	
84.86935	-462.039427	-462.032286	-462.00452	-462.006106	
84.87947	-462.039427	-462.032286	-462.00452	-462.006106	
84.88963	-462.039427	-462.032286	-462.00452	-462.006106	
84.89978	-462.039427	-462.032286	-462.00452	-462.006106	
84.9099	-462.039427	-462.032286	-462.00452	-462.006106	
84.9201	-462.039427	-462.032286	-462.00452	-462.006106	
84.93026	-462.039427	-462.032286	-462.00452	-462.006106	
84.94036	-462.039427	-462.032286	-462.00452	-462.006106	
84.9505	-462.039427	-462.032286	-462.00452	-462.006106	
84.96075	-462.039427	-462.032286	-462.00452	-462.006106	
84.97092	-462.039427	-462.032286	-462.00452	-462.006106	
84.98104	-462.039427	-462.032286	-462.00452	-462.006106	
84.99123	-462.039427	-462.032286	-462.00452	-462.006106	
85.00146	-462.039427	-462.032286	-462.00452	-462.006106	
85.01159	-462.039427	-462.032286	-462.00452	-462.006106	
85.02178	-462.039427	-462.032286	-462.00452	-462.006106	
85.03192	-462.039427	-462.032286	-462.00452	-462.006106	
85.04211	-462.039427	-462.032286	-462.00452	-462.006106	
85.05224	-462.039427	-462.032286	-462.00452	-462.006106	
85.06241	-462.039427	-462.032286	-462.00452	-462.006106	
85.07267	-462.039427	-462.032286	-462.00452	-462.006106	
85.0828	-462.039427	-462.032286	-462.00452	-462.006106	
85.09293	-462.039427	-462.032286	-462.00452	-462.006106	
85.10315	-462.039427	-462.032286	-462.00452	-462.006106	
85.11329	-462.039427	-462.032286	-462.00452	-462.006106	
85.12345	-462.039427	-462.032286	-462.00452	-462.006106	
85.13359	-462.039427	-462.032286	-462.00452	-462.006106	
85.14377	-462.039427	-462.032286	-462.00452	-462.006106	
85.15397	-462.039427	-462.032286	-462.00452	-462.006106	
85.16414	-462.039427	-462.032286	-462.00452	-462.006106	
85.17422	-462.039427	-462.032286	-462.00452	-462.006106	
85.18448	-462.039427	-462.032286	-462.00452	-462.006106	
85.19465	-462.039427	-462.032286	-462.00452	-462.006106	
85.20474	-462.039427	-462.032286	-462.00452	-462.006106	
85.21493	-462.039427	-462.032286	-462.00452	-462.006106	
85.22509	-462.039427	-462.032286	-462.00452	-462.006106	
85.23518	-462.039427	-462.032286	-462.00452	-462.006106	
85.24539	-462.039427	-462.032286	-462.00452	-462.006106	
85.25553	-462.039427	-462.032286	-462.00452	-462.006106	
85.26578	-462.039427	-462.032286	-462.00452	-462.006106	
85.27588	-462.039427	-462.032286	-462.00452	-462.006106	
85.28604	-462.039427	-462.032286	-462.00452	-462.006106	
85.29625	-462.039427	-462.032286	-462.00452	-462.006106	
85.30644	-462.039427	-462.032286	-462.00452	-462.006106	
85.31657	-462.039427	-462.032286	-462.00452	-462.006106	
85.32678	-462.039427	-462.032286	-462.00452	-462.006106	
85.33692	-462.039427	-462.032286	-462.00452	-462.006106	
85.34716	-462.039427	-462.032286	-462.00452	-462.006106	
85.3572	-462.039427	-462.032286	-462.00452	-462.006106	
85.36737	-462.039427	-462.032286	-462.00452	-462.006106	
85.37749	-462.039427	-462.032286	-462.00452	-462.006106	
85.38767	-462.039427	-462.032286	-462.00452	-462.006106	
85.39787	-462.039427	-462.032286	-462.00452	-462.006106	
85.40798	-462.039427	-462.032286	-462.00452	-462.006106	
85.4198	-462.039427	-462.032286	-462.00452	-462.006106	
85.4283	-462.039427	-462.032286	-462.00452	-462.006106	
85.43843	-462.039427	-462.032286	-462.00452	-462.006106	
85.44864	-462.039427	-462.032286	-462.00452	-462.006106	
85.45878	-462.039427	-462.032286	-462.00452	-462.006106	
85.46889	-462.039427	-462.032286	-462.00452	-462.006106	
85.47908	-462.039427	-462.032286	-462.00452	-462.006106	
85.49719	-462.039427	-462.032286	-462.00452	-462.006106	
85.50186	-462.039427	-462.032286	-462.00452	-462.006106	
85.51201	-462.039427	-462.032286	-462.00452	-462.006106	
85.53008	-462.039427	-462.032286	-462.00452	-462.006106	
85.53467	-462.039427	-462.032286	-462.00452	-462.006106	
85.54492	-462.039427	-462.032286	-462.00452	-462.006106	
85.55504	-462.039427	-462.032286	-462.00452	-462.006106	
85.5652	-462.039427	-462.032286	-462.00452	-462.006106	
85.57532	-462.039427	-462.032286	-462.00452	-462.006106	
85.58574	-462.039427	-462.032286	-462.00452	-462.006106	
85.59569	-462.039427	-462.032286	-462.00452	-462.006106	
85.60586	-462.039427	-462.032286	-462.00452	-462.006106	
85.61598	-462.039427	-462.032286	-462.00452	-462.006106	
85.62616	-462.039427	-462.032286	-462.00452	-462.006106	
85.63633	-462.039427	-462.032286	-462.00452	-462.006106	
85.64646	-462.039427	-462.032286	-462.00452	-462.006106	
85.65667	-462.039427	-462.032286	-462.00452	-462.006106	
85.67685	-462.039427	-462.032286	-462.00452	-462.006106	
85.6815	-462.039427	-462.032286	-462.00452	-462.006106	
85.69169	-462.039427	-462.032286	-462.00452	-462.006106	
85.70188	-462.039427	-462.032286	-462.00452	-462.006106	
85.71201	-462.039427	-462.032286	-462.00452	-462.006106	
85.72223	-462.039427	-462.032286	-462.00452	-462.006106	
85.7323	-462.039427	-462.032286	-462.00452	-462.006106	
85.74247	-462.039427	-462.032286	-462.00452	-462.006106	
85.75269	-462.039427	-462.032286	-462.00452	-462.006106	
85.76283	-462.039427	-462.032286	-462.00452	-462.006106	
85.77293	-462.039427	-462.032286	-462.00452	-462.006106	
85.78314	-462.039427	-462.032286	-462.00452	-462.006106	
85.79333	-462.039427	-462.032286	-462.00452	-462.006106	
85.80347	-462.039427	-462.032286	-462.00452	-462.006106	
85.81362	-462.039427	-462.032286	-462.00452	-462.006106	
85.8238	-462.039427	-462.032286	-462.00452	-462.006106	
85.83402	-462.039427	-462.032286	-462.00452	-462.006106	
85.84419	-462.039427	-462.032286	-462.00452	-462.006106	
85.85433	-462.039427	-462.032286	-462.00452	-462.006106	
85.86456	-462.039427	-462.032286	-462.00452	-462.006106	
85.87473	-462.039427	-462.032286	-462.00452	-462.006106	
85.88484	-462.039427	-462.032286	-462.00452	-462.006106	
85.89503	-462.039427	-462.032286	-462.00452	-462.006106	
85.90524	-462.039427	-462.032286	-462.00452	-462.006106	
85.91535	-462.039427	-462.032286	-462.00452	-462.006106	
85.92548	-462.039427	-462.032286	-462.00452	-462.006106	
85.93564	-462.039427	-462.032286	-462.00452	-462.006106	
85.94589	-462.039427	-462.032286	-462.00452	-462.006106	
85.95599	-462.039427	-462.032286	-462.00452	-462.006106	
85.96613	-462.039427	-462.032286	-462.00452	-462.006106	
85.97636	-462.039427	-462.032286	-462.00452	-462.006106	
85.98645	-462.039427	-462.032286	-462.00452	-462.006106	
85.99661	-462.039427	-462.032286	-462.00452	-462.006106	
86.00685	-462.039427	-462.032286	-462.00452	-462.006106	
86.01692	-462.039427	-462.032286	-462.00452	-462.006106	
86.02715	-462.039427	-462.032286	-462.00452	-462.006106	
86.03724	-462.039427	-462.032286	-462.00452	-462.006106	
86.0474	-462.039427	-462.032286	-462.00452	-462.006106	
86.05755	-462.039427	-462.032286	-462.00452	-462.006106	
86.06769	-462.039427	-462.032286	-462.00452	-462.006106	
86.07793	-462.039427	-462.032286	-462.00452	-462.006106	
86.08802	-462.039427	-462.032286	-462.00452	-462.006106	
86.09824	-462.039427	-462.032286	-462.00452	-462.006106	
86.10836	-462.039427	-462.032286	-462.00452	-462.006106	
86.11854	-462.039427	-462.032286	-462.00452	-462.006106	
86.12874	-462.039427	-462.032286	-462.00452	-462.006106	
86.13887	-462.039427	-462.032286	-462.00452	-462.006106	
86.149	-462.039427	-462.032286	-462.00452	-462.006106	
86.15925	-462.039427	-462.032286	-462.00452	-462.006106	
86.16937	-462.039427	-462.032286	-462.00452	-462.006106	
86.17953	-462.039427	-462.032286	-462.00452	-462.006106	
86.18965	-462.039427	-462.032286	-462.00452	-462.006106	
86.19983	-462.039427	-462.032286	-462.00452	-462.006106	
86.21003	-462.039427	-462.032286	-462.00452	-462.006106	
86.22016	-462.039427	-462.032286	-462.00452	-462.006106	
86.23026	-462.039427	-462.032286	-462.00452	-462.006106	
86.24051	-462.039427	-462.032286	-462.00452	-462.006106	
86.25071	-462.039427	-462.032286	-462.00452	-462.006106	
86.26083	-462.039427	-462.032286	-462.00452	-462.006106	
86.27097	-462.039427	-462.032286	-462.00452	-462.006106	
86.28116	-462.039427	-462.032286	-462.00452	-462.006106	
86.29127	-462.039427	-462.032286	-462.00452	-462.006106	
86.30145	-462.039427	-462.032286	-462.00452	-462.006106	
86.31162	-462.039427	-462.032286	-462.00452	-462.006106	
86.32181	-462.039427	-462.032286	-462.00452	-462.006106	
86.33201	-462.039427	-462.032286	-462.00452	-462.006106	
86.34208	-462.039427	-462.032286	-462.00452	-462.006106	
86.35239	-462.039427	-462.032286	-462.00452	-462.006106	
86.36253	-462.039427	-462.032286	-462.00452	-462.006106	
86.37258	-462.039427	-462.032286	-462.00452	-462.006106	
86.38279	-462.039427	-462.032286	-462.00452	-462.006106	
86.39302	-462.039427	-462.032286	-462.00452	-462.006106	
86.40314	-462.039427	-462.032286	-462.00452	-462.006106	
86.41329	-462.039427	-462.032286	-462.00452	-462.006106	
86.42346	-462.039427	-462.032286	-462.00452	-462.006106	
86.43367	-462.039427	-462.032286	-462.00452	-462.006106	
86.4438	-462.039427	-462.032286	-462.00452	-462.006106	
86.45396	-462.039427	-462.032286	-462.00452	-462.006106	
86.46417	-462.039427	-462.032286	-462.00452	-462.006106	
86.4822	-462.039427	-462.032286	-462.00452	-462.006106	
86.48682	-462.039427	-462.032286	-462.00452	-462.006106	
86.49704	-462.039427	-462.032286	-462.00452	-462.006106	
86.50718	-462.039427	-462.032286	-462.00452	-462.006106	
86.51733	-462.039427	-462.032286	-462.00452	-462.006106	
86.52755	-462.039427	-462.032286	-462.00452	-462.006106	
86.53768	-462.039427	-462.032286	-462.00452	-462.006106	
86.54794	-462.039427	-462.032286	-462.00452	-462.006106	
86.55799	-462.039427	-462.032286	-462.00452	-462.006106	
86.56818	-462.039427	-462.032286	-462.00452	-462.006106	
86.57833	-462.039427	-462.032286	-462.00452	-462.006106	
86.58843	-462.039427	-462.032286	-462.00452	-462.006106	
86.5986	-462.039427	-462.032286	-462.00452	-462.006106	
86.6088	-462.039427	-462.032286	-462.00452	-462.006106	
86.61891	-462.039427	-462.032286	-462.00452	-462.006106	
86.62904	-462.039427	-462.032286	-462.00452	-462.006106	
86.6393	-462.039427	-462.032286	-462.00452	-462.006106	
86.64943	-462.039427	-462.032286	-462.00452	-462.006106	
86.65953	-462.039427	-462.032286	-462.00452	-462.006106	
86.67969	-462.039427	-462.032286	-462.00452	-462.006106	
86.68443	-462.039427	-462.032286	-462.00452	-462.006106	
86.69457	-462.039427	-462.032286	-462.00452	-462.006106	
86.70473	-462.039427	-462.032286	-462.00452	-462.006106	
86.71492	-462.039427	-462.032286	-462.00452	-462.006106	
86.72508	-462.039427	-462.032286	-462.00452	-462.006106	
86.73521	-462.039427	-462.032286	-462.00452	-462.006106	
86.74547	-462.039427	-462.032286	-462.00452	-462.006106	
86.75557	-462.039427	-462.032286	-462.00452	-462.006106	
86.76573	-462.039427	-462.032286	-462.00452	-462.006106	
86.77588	-462.039427	-462.032286	-462.00452	-462.006106	
86.78608	-462.039427	-462.032286	-462.00452	-462.006106	
86.79634	-462.039427	-462.032286	-462.00452	-462.006106	
86.80646	-462.039427	-462.032286	-462.00452	-462.006106	
86.81665	-462.039427	-462.032286	-462.00452	-462.006106	
86.82687	-462.039427	-462.032286	-462.00452	-462.006106	
86.83713	-462.039427	-462.032286	-462.00452	-462.006106	
86.84715	-462.039427	-462.032286	-462.00452	-462.006106	
86.85727	-462.039427	-462.032286	-462.00452	-462.006106	
86.86741	-462.039427	-462.032286	-462.00452	-462.006106	
86.87756	-462.039427	-462.032286	-462.00452	-462.006106	
86.8877	-462.039427	-462.032286	-462.00452	-462.006106	
86.89794	-462.039427	-462.032286	-462.00452	-462.006106	
86.9081	-462.039427	-462.032286	-462.00452	-462.006106	
86.91821	-462.039427	-462.032286	-462.00452	-462.006106	
86.92838	-462.039427	-462.032286	-462.00452	-462.006106	
86.93855	-462.039427	-462.032286	-462.00452	-462.006106	
86.94864	-462.039427	-462.032286	-462.00452	-462.006106	
86.95877	-462.039427	-462.032286	-462.00452	-462.006106	
