121.7522	-542.048749	-542.055632	-542.013843	-542.003273	
121.762	-542.054611	-542.055632	-542.019704	-542.003273	
121.772	-542.063085	-542.055632	-542.028179	-542.003273	
121.7823	-542.073812	-542.055632	-542.038905	-542.003273	
121.7925	-542.086521	-542.055632	-542.051615	-542.003273	
121.8026	-542.101302	-542.064359	-542.066396	-542.003273	
121.8128	-542.118239	-542.064359	-542.083332	-542.011999	
121.823	-542.137126	-542.073086	-542.102219	-542.029452	
121.8332	-542.158098	-542.081812	-542.123191	-542.046906	
121.8433	-542.181145	-542.090539	-542.146239	-542.064359	
121.8539	-542.207336	-542.107992	-542.172429	-542.099266	
121.8637	-542.233518	-542.125446	-542.198612	-542.134172	
121.8738	-542.262594	-542.151626	-542.227687	-542.169079	
121.884	-542.29396	-542.177805	-542.259053	-542.221439	
121.8942	-542.327443	-542.212712	-542.292537	-542.273799	
121.9043	-542.362604	-542.247619	-542.327697	-542.326158	
121.9144	-542.400195	-542.291252	-542.365288	-542.378518	
121.9246	-542.439875	-542.343612	-542.404968	-542.422152	
121.9349	-542.481834	-542.395972	-542.446928	-542.465785	
121.9449	-542.525088	-542.448332	-542.490182	-542.518145	
121.9551	-542.570939	-542.509418	-542.536033	-542.561778	
121.9653	-542.618719	-542.570505	-542.583812	-542.605411	
121.9754	-542.668356	-542.631591	-542.63345	-542.649044	
121.9855	-542.720224	-542.701404	-542.685317	-542.692678	
121.9957	-542.774444	-542.762491	-542.739537	-542.736311	
122.0059	-542.830598	-542.832304	-542.795692	-542.779944	
122.0161	-542.888757	-542.89339	-542.853851	-542.832304	
122.0262	-542.948877	-542.954477	-542.91397	-542.875937	
122.0364	-543.011428	-543.015564	-542.976522	-542.928297	
122.0466	-543.076122	-543.07665	-543.041216	-542.989384	
122.0568	-543.14226	-543.12901	-543.107353	-543.041743	
122.0669	-543.210453	-543.18137	-543.175546	-543.111557	
122.0771	-543.28147	-543.242456	-543.246564	-543.190096	
122.0873	-543.354073	-543.303543	-543.319166	-543.268636	
122.0974	-543.428372	-543.355903	-543.393466	-543.347176	
122.1075	-543.50489	-543.425716	-543.469983	-543.425716	
122.1177	-543.583566	-543.495529	-543.54866	-543.512982	
122.1278	-543.664211	-543.565342	-543.629304	-543.600249	
122.1384	-543.750708	-543.643882	-543.715801	-543.678789	
122.1481	-543.832347	-543.722422	-543.797441	-543.766055	
122.1583	-543.91927	-543.809688	-543.884363	-543.844595	
122.1685	-544.008551	-543.905681	-543.973644	-543.940588	
122.1786	-544.099468	-544.010401	-544.064562	-544.036581	
122.1888	-544.192705	-544.115121	-544.157798	-544.123848	
122.199	-544.28851	-544.228567	-544.253604	-544.211114	
122.2091	-544.385324	-544.333287	-544.350417	-544.315834	
122.2193	-544.485814	-544.45546	-544.450907	-544.411827	
122.2294	-544.58625	-544.568907	-544.551343	-544.50782	
122.2395	-544.68743	-544.682353	-544.652523	-544.61254	
122.2497	-544.78905	-544.795799	-544.754143	-544.708533	
122.2599	-544.89109	-544.909246	-544.856183	-544.813253	
122.2701	-544.99333	-545.013966	-544.958423	-544.917972	
122.2803	-545.09478	-545.118685	-545.059873	-545.013966	
122.2903	-545.19559	-545.223405	-545.160683	-545.118685	
122.3006	-545.29839	-545.328125	-545.263483	-545.223405	
122.3108	-545.39984	-545.424118	-545.364933	-545.345578	
122.3209	-545.50076	-545.520111	-545.465853	-545.450298	
122.331	-545.6023	-545.616104	-545.567393	-545.555018	
122.3412	-545.70408	-545.712097	-545.669173	-545.677191	
122.3514	-545.80575	-545.799364	-545.770843	-545.78191	
122.3615	-545.90749	-545.895357	-545.872583	-545.88663	
122.3717	-546.00927	-545.982623	-545.974363	-546.000077	
122.3819	-546.11113	-546.078616	-546.076223	-546.104796	
122.3921	-546.21348	-546.174609	-546.178573	-546.200789	
122.4022	-546.31421	-546.270603	-546.279303	-546.296783	
122.4124	-546.41642	-546.357869	-546.381513	-546.392776	
122.4226	-546.51817	-546.462589	-546.483263	-546.480042	
122.4327	-546.61936	-546.567309	-546.584453	-546.567309	
122.4429	-546.72114	-546.672028	-546.686233	-546.663302	
122.4531	-546.82307	-546.776748	-546.788163	-546.750568	
122.4636	-546.92838	-546.881468	-546.893473	-546.846561	
122.4734	-547.0261	-546.994914	-546.991193	-546.942554	
122.4835	-547.12751	-547.099634	-547.092603	-547.038547	
122.4938	-547.22978	-547.21308	-547.194873	-547.134541	
122.5039	-547.33103	-547.3178	-547.296123	-547.230534	
122.514	-547.43267	-547.431247	-547.397763	-547.34398	
122.5242	-547.53449	-547.535966	-547.499583	-547.4487	
122.5344	-547.63616	-547.640686	-547.601253	-547.562146	
122.5446	-547.73802	-547.745406	-547.703113	-547.684319	
122.5547	-547.83909	-547.858852	-547.804183	-547.797766	
122.5649	-547.9413	-547.954845	-547.906393	-547.911212	
122.575	-548.04259	-548.050838	-548.007683	-548.024658	
122.5852	-548.144	-548.146832	-548.109093	-548.138105	
122.5954	-548.24601	-548.251551	-548.211103	-548.251551	
122.6055	-548.34766	-548.347544	-548.312753	-548.364998	
122.6157	-548.44895	-548.434811	-548.414043	-548.478444	
122.6258	-548.55043	-548.530804	-548.515523	-548.583164	
122.6359	-548.65156	-548.635524	-548.616653	-548.687884	
122.6462	-548.754	-548.731517	-548.719093	-548.783877	
122.6563	-548.85504	-548.836237	-548.820133	-548.871143	
122.6664	-548.9566	-548.93223	-548.921693	-548.967136	
122.6767	-549.05944	-549.036949	-549.024533	-549.045676	
122.6868	-549.16039	-549.141669	-549.125483	-549.132943	
122.6969	-549.26153	-549.246389	-549.226623	-549.211482	
122.707	-549.3624	-549.351109	-549.327493	-549.290022	
122.7173	-549.46506	-549.464555	-549.430153	-549.377289	
122.7274	-549.56634	-549.569275	-549.531433	-549.464555	
122.7375	-549.66717	-549.673995	-549.632263	-549.560548	
122.7477	-549.76906	-549.778714	-549.734153	-549.647815	
122.7682	-549.97384	-549.988154	-549.938933	-549.857254	
122.7729	-550.021	-550.031787	-549.986093	-549.909614	
122.783	-550.12233	-550.12778	-550.087423	-550.02306	
122.7931	-550.22363	-550.2325	-550.188723	-550.12778	
122.8034	-550.32573	-550.33722	-550.290823	-550.249953	
122.8135	-550.42677	-550.433213	-550.391863	-550.372126	
122.8236	-550.52854	-550.529206	-550.493633	-550.485573	
122.8338	-550.6302	-550.616472	-550.595293	-550.607746	
122.8439	-550.73164	-550.721192	-550.696733	-550.721192	
122.8628	-550.92048	-550.904452	-550.885573	-550.930632	
122.8677	-550.96914	-550.948085	-550.934233	-550.974265	
122.8777	-551.06908	-551.052805	-551.034173	-551.078985	
122.8879	-551.17113	-551.157524	-551.136223	-551.174978	
122.898	-551.27209	-551.262244	-551.237183	-551.262244	
122.9081	-551.37345	-551.358237	-551.338543	-551.349511	
122.9186	-551.47849	-551.462957	-551.443583	-551.428051	
122.9285	-551.57753	-551.567677	-551.542623	-551.524044	
122.9386	-551.67841	-551.672397	-551.643503	-551.593857	
122.9489	-551.78078	-551.76839	-551.745873	-551.681123	
122.959	-551.88244	-551.873109	-551.847533	-551.76839	
122.9691	-551.98297	-551.977829	-551.948063	-551.864383	
122.9872	-552.16418	-552.082549	-552.129273	-551.951649	
122.9918	-552.2104	-552.204722	-552.175493	-552.082549	
123.002	-552.31204	-552.309442	-552.277133	-552.187269	
123.0121	-552.41357	-552.405435	-552.378663	-552.291989	
123.0224	-552.5165	-552.510155	-552.481593	-552.405435	
123.0326	-552.61809	-552.606148	-552.583183	-552.518881	
123.0427	-552.71939	-552.702141	-552.684483	-552.632328	
123.0529	-552.82145	-552.806861	-552.786543	-552.745774	
123.0631	-552.92324	-552.902854	-552.888333	-552.867947	
123.0732	-553.02411	-552.998847	-552.989203	-552.99012	
123.0834	-553.12625	-553.103567	-553.091343	-553.103567	
123.0936	-553.22819	-553.208286	-553.193283	-553.217013	
123.1037	-553.3293	-553.313006	-553.294393	-553.330459	
123.1139	-553.43075	-553.417726	-553.395843	-553.443906	
123.124	-553.53288	-553.522446	-553.497973	-553.548626	
123.1343	-553.63544	-553.635892	-553.600533	-553.653345	
123.1444	-553.73629	-553.740612	-553.701383	-553.740612	
123.1545	-553.8377	-553.854058	-553.802793	-553.836605	
123.1648	-553.94015	-553.958778	-553.905243	-553.932598	
123.1748	-554.04057	-554.072224	-554.005663	-554.028591	
123.185	-554.14235	-554.176944	-554.107443	-554.115858	
123.1952	-554.2442	-554.272937	-554.209293	-554.203124	
123.2053	-554.34569	-554.360204	-554.310783	-554.29039	
123.2155	-554.4471	-554.456197	-554.412193	-554.386384	
123.2257	-554.54887	-554.55219	-554.513963	-554.482377	
123.2358	-554.65024	-554.648183	-554.615333	-554.57837	
123.246	-554.75217	-554.735449	-554.717263	-554.674363	
123.2562	-554.85424	-554.831443	-554.819333	-554.770356	
123.2663	-554.95494	-554.927436	-554.920033	-554.875076	
123.2765	-555.05734	-555.023429	-555.022433	-554.988522	
123.2867	-555.15942	-555.119422	-555.124513	-555.093242	
123.2968	-555.26031	-555.224142	-555.225403	-555.206688	
123.3069	-555.36144	-555.320135	-555.326533	-555.320135	
123.3173	-555.4657	-555.433581	-555.430793	-555.433581	
123.3275	-555.56676	-555.538301	-555.531853	-555.538301	
123.3376	-555.6682	-555.643021	-555.633293	-555.643021	
123.3477	-555.76941	-555.74774	-555.734503	-555.756467	
123.3579	-555.87143	-555.861187	-555.836523	-555.85246	
123.3681	-555.97323	-555.965907	-555.938323	-555.95718	
123.3782	-556.07471	-556.079353	-556.039803	-556.0619	
123.3884	-556.17588	-556.192799	-556.140973	-556.166619	
123.3985	-556.27716	-556.306246	-556.242253	-556.271339	
123.4088	-556.37973	-556.402239	-556.344823	-556.358606	
123.4207	-556.50158	-556.506959	-556.466673	-556.454599	
123.43	-556.59177	-556.620405	-556.556863	-556.550592	
123.4401	-556.69319	-556.725125	-556.658283	-556.646585	
123.4503	-556.79521	-556.812391	-556.760303	-556.733851	
123.4604	-556.89582	-556.917111	-556.860913	-556.829845	
123.4706	-556.99865	-557.013104	-556.963743	-556.917111	
123.4808	-557.0997	-557.109097	-557.064793	-557.021831	
123.491	-557.20174	-557.196364	-557.166833	-557.109097	
123.5012	-557.30385	-557.28363	-557.268943	-557.20509	
123.5114	-557.40613	-557.38835	-557.371223	-557.301083	
123.5217	-557.50908	-557.484343	-557.474173	-557.405803	
123.5318	-557.61047	-557.571609	-557.575563	-557.501796	
123.542	-557.71235	-557.667603	-557.677443	-557.597789	
123.5522	-557.81443	-557.772322	-557.779523	-557.702509	
123.5623	-557.91559	-557.868315	-557.880683	-557.807229	
123.5725	-558.01716	-557.973035	-557.982253	-557.911949	
123.5906	-558.19834	-558.077755	-558.163433	-558.025395	
123.5953	-558.24527	-558.199928	-558.210363	-558.165021	
123.6054	-558.34644	-558.313374	-558.311533	-558.278468	
123.6156	-558.44836	-558.426821	-558.413453	-558.400641	
123.6257	-558.54964	-558.531541	-558.514733	-558.505361	
123.6359	-558.65131	-558.644987	-558.616403	-558.627534	
123.6461	-558.75317	-558.749707	-558.718263	-558.74098	
123.6641	-558.93342	-558.941693	-558.898513	-558.92424	
123.6689	-558.98083	-558.985326	-558.945923	-558.9766	
123.6789	-559.08166	-559.090046	-559.046753	-559.072593	
123.689	-559.1827	-559.203492	-559.147793	-559.168586	
123.6994	-559.28624	-559.299485	-559.251333	-559.264579	
123.7097	-559.38959	-559.404205	-559.354683	-559.360572	
123.7197	-559.48941	-559.508925	-559.454503	-559.447838	
123.7298	-559.587663	-559.604918	-559.552757	-559.543832	
123.74	-559.684396	-559.700911	-559.64949	-559.631098	
123.7502	-559.779462	-559.796904	-559.744555	-559.727091	
123.7787	-560.02304	-560.058704	-559.988134	-559.988891	
123.7834	-560.064068	-560.102337	-560.029161	-560.032524	
123.7935	-560.149438	-560.189603	-560.114532	-560.11979	
123.8037	-560.233802	-560.27687	-560.198895	-560.215783	
123.8138	-560.315774	-560.35541	-560.280868	-560.311776	
123.824	-560.395873	-560.433949	-560.360966	-560.399043	
123.8342	-560.473883	-560.512489	-560.438976	-560.486309	
123.8443	-560.549635	-560.582302	-560.514728	-560.564849	
123.8546	-560.624717	-560.652116	-560.589811	-560.652116	
123.8649	-560.697578	-560.721929	-560.662671	-560.739382	
123.8751	-560.767484	-560.791742	-560.732577	-560.809195	
123.8853	-560.83555	-560.852828	-560.800643	-560.879008	
123.8956	-560.902604	-560.913915	-560.867697	-560.948822	
123.9055	-560.965266	-560.975002	-560.930359	-561.009908	
123.9157	-561.027584	-561.036088	-560.992677	-561.062268	
123.926	-561.088148	-561.097175	-561.053242	-561.123355	
123.936	-561.145832	-561.158261	-561.110925	-561.166988	
123.9463	-561.202515	-561.210621	-561.167609	-561.219348	
123.9564	-561.256264	-561.262981	-561.221357	-561.262981	
123.9666	-561.308814	-561.315341	-561.273908	-561.297887	
123.9767	-561.35957	-561.367701	-561.324663	-561.332794	
123.9868	-561.407283	-561.42006	-561.372377	-561.367701	
123.9971	-561.45418	-561.47242	-561.419273	-561.402607	
124.0072	-561.498743	-561.52478	-561.463837	-561.44624	
124.0173	-561.541073	-561.568413	-561.506166	-561.481147	
124.0277	-561.582846	-561.612047	-561.547939	-561.52478	
124.0378	-561.621208	-561.65568	-561.586302	-561.568413	
124.0478	-561.657743	-561.699313	-561.622836	-561.612047	
124.058	-561.692848	-561.73422	-561.657941	-561.646953	
124.0681	-561.726254	-561.769126	-561.691347	-561.690587	
124.0784	-561.757685	-561.804033	-561.722779	-561.725493	
124.0885	-561.787064	-561.830213	-561.752158	-561.769126	
124.0986	-561.814678	-561.856393	-561.779771	-561.804033	
124.1088	-561.840771	-561.882573	-561.805864	-561.83894	
124.119	-561.864745	-561.900026	-561.829839	-561.873846	
124.1293	-561.887409	-561.917479	-561.852503	-561.908753	
124.1474	-561.920303	-561.934933	-561.885397	-561.934933	
124.1521	-561.928949	-561.961113	-561.894043	-561.961113	
124.1623	-561.945762	-561.978566	-561.910855	-561.987292	
124.1724	-561.960774	-561.987292	-561.925867	-561.996019	
124.1826	-561.974331	-561.996019	-561.939425	-561.996019	
124.1928	-561.986301	-562.004746	-561.951394	-562.004746	
124.203	-561.996735	-562.004746	-561.961829	-562.004746	
124.2132	-562.005802	-562.013472	-561.970896	-561.996019	
124.2233	-562.013346	-562.004746	-561.978439	-561.996019	
124.2334	-562.019683	-562.004746	-561.984776	-561.996019	
124.2436	-562.024844	-562.004746	-561.989938	-561.987292	
124.2538	-562.028887	-562.004746	-561.993981	-561.978566	
124.264	-562.031998	-561.996019	-561.997091	-561.978566	
124.2741	-562.034287	-561.996019	-561.99938	-561.978566	
124.2843	-562.039427	-562.004746	-562.00452	-561.978566	
124.2945	-562.039427	-562.004746	-562.00452	-561.987292	
124.3047	-562.039427	-562.004746	-562.00452	-561.996019	
124.3149	-562.039427	-562.013472	-562.00452	-561.996019	
124.325	-562.039427	-562.013472	-562.00452	-561.996019	
124.3352	-562.039427	-562.022199	-562.00452	-561.996019	
124.3454	-562.039427	-562.022199	-562.00452	-562.004746	
124.3555	-562.039427	-562.022199	-562.00452	-562.004746	
124.3657	-562.039427	-562.022199	-562.00452	-562.004746	
124.3758	-562.039427	-562.022199	-562.00452	-562.004746	
124.386	-562.039427	-562.022199	-562.00452	-562.004746	
124.3962	-562.039427	-562.022199	-562.00452	-562.004746	
124.4085	-562.039427	-562.022199	-562.00452	-562.004746	
124.4186	-562.039427	-562.022199	-562.00452	-562.004746	
124.4288	-562.039427	-562.022199	-562.00452	-562.004746	
124.439	-562.039427	-562.022199	-562.00452	-562.004746	
124.4492	-562.039427	-562.022199	-562.00452	-562.004746	
124.4594	-562.039427	-562.022199	-562.00452	-562.004746	
124.4695	-562.039427	-562.022199	-562.00452	-562.004746	
124.4796	-562.039427	-562.022199	-562.00452	-562.004746	
124.4898	-562.039427	-562.022199	-562.00452	-562.004746	
124.4999	-562.039427	-562.022199	-562.00452	-562.004746	
124.5102	-562.039427	-562.022199	-562.00452	-562.004746	
124.5203	-562.039427	-562.022199	-562.00452	-562.004746	
124.5305	-562.039427	-562.022199	-562.00452	-562.004746	
124.5406	-562.039427	-562.022199	-562.00452	-562.004746	
124.5589	-562.039427	-562.022199	-562.00452	-562.004746	
124.5637	-562.039427	-562.022199	-562.00452	-562.004746	
124.5738	-562.039427	-562.022199	-562.00452	-562.004746	
124.584	-562.039427	-562.022199	-562.00452	-562.004746	
124.5943	-562.039427	-562.022199	-562.00452	-562.004746	
124.6043	-562.039427	-562.022199	-562.00452	-562.004746	
124.6145	-562.039427	-562.022199	-562.00452	-562.004746	
124.6247	-562.039427	-562.022199	-562.00452	-562.004746	
124.6348	-562.039427	-562.022199	-562.00452	-562.004746	
124.645	-562.039427	-562.022199	-562.00452	-562.004746	
124.6552	-562.039427	-562.022199	-562.00452	-562.004746	
124.6653	-562.039427	-562.022199	-562.00452	-562.004746	
124.6755	-562.039427	-562.022199	-562.00452	-562.004746	
124.6857	-562.039427	-562.022199	-562.00452	-562.004746	
124.6958	-562.039427	-562.022199	-562.00452	-562.004746	
124.7059	-562.039427	-562.022199	-562.00452	-562.004746	
126.2217	-562.039427	-562.022199	-562.00452	-562.004746	
126.2315	-562.039427	-562.022199	-562.00452	-562.004746	
126.2417	-562.039427	-562.022199	-562.00452	-562.004746	
126.2519	-562.039427	-562.022199	-562.00452	-562.004746	
126.2621	-562.039427	-562.022199	-562.00452	-562.004746	
126.2722	-562.039427	-562.022199	-562.00452	-562.004746	
126.2824	-562.039427	-562.022199	-562.00452	-562.004746	
126.2926	-562.039427	-562.022199	-562.00452	-562.004746	
126.3028	-562.039427	-562.022199	-562.00452	-562.004746	
126.313	-562.039427	-562.022199	-562.00452	-562.004746	
126.3231	-562.039427	-562.022199	-562.00452	-562.004746	
126.3333	-562.039427	-562.022199	-562.00452	-562.004746	
126.3435	-562.039427	-562.022199	-562.00452	-562.004746	
126.3536	-562.039427	-562.022199	-562.00452	-562.004746	
126.3638	-562.039427	-562.022199	-562.00452	-562.004746	
126.3739	-562.039427	-562.022199	-562.00452	-562.004746	
126.3841	-562.039427	-562.022199	-562.00452	-562.004746	
126.3942	-562.039427	-562.022199	-562.00452	-562.004746	
126.4044	-562.039427	-562.022199	-562.00452	-562.004746	
126.4228	-562.039427	-562.022199	-562.00452	-562.004746	
126.4274	-562.039427	-562.022199	-562.00452	-562.004746	
126.4376	-562.039427	-562.022199	-562.00452	-562.004746	
126.4478	-562.039427	-562.022199	-562.00452	-562.004746	
126.4579	-562.039427	-562.022199	-562.00452	-562.004746	
126.468	-562.039427	-562.022199	-562.00452	-562.004746	
126.4782	-562.039427	-562.022199	-562.00452	-562.004746	
126.4883	-562.039427	-562.022199	-562.00452	-562.004746	
126.4985	-562.039427	-562.022199	-562.00452	-562.004746	
126.5087	-562.039427	-562.022199	-562.00452	-562.004746	
126.5188	-562.039427	-562.022199	-562.00452	-562.004746	
126.529	-562.039427	-562.022199	-562.00452	-562.004746	
126.5391	-562.039427	-562.022199	-562.00452	-562.004746	
126.5494	-562.039427	-562.022199	-562.00452	-562.004746	
126.5595	-562.039427	-562.022199	-562.00452	-562.004746	
126.5696	-562.039427	-562.022199	-562.00452	-562.004746	
126.5802	-562.039427	-562.022199	-562.00452	-562.004746	
126.5899	-562.039427	-562.022199	-562.00452	-562.004746	
126.6001	-562.039427	-562.022199	-562.00452	-562.004746	
126.6102	-562.039427	-562.022199	-562.00452	-562.004746	
126.6204	-562.039427	-562.022199	-562.00452	-562.004746	
126.6306	-562.039427	-562.022199	-562.00452	-562.004746	
126.6487	-562.039427	-562.022199	-562.00452	-562.004746	
126.6534	-562.039427	-562.022199	-562.00452	-562.004746	
126.6636	-562.039427	-562.022199	-562.00452	-562.004746	
126.6737	-562.039427	-562.022199	-562.00452	-562.004746	
126.6839	-562.039427	-562.022199	-562.00452	-562.004746	
126.6941	-562.039427	-562.022199	-562.00452	-562.004746	
126.7042	-562.039427	-562.022199	-562.00452	-562.004746	
126.7144	-562.039427	-562.022199	-562.00452	-562.004746	
126.7246	-562.039427	-562.022199	-562.00452	-562.004746	
126.7347	-562.039427	-562.022199	-562.00452	-562.004746	
126.7449	-562.039427	-562.022199	-562.00452	-562.004746	
126.755	-562.039427	-562.022199	-562.00452	-562.004746	
126.7676	-562.039427	-562.022199	-562.00452	-562.004746	
126.7754	-562.039427	-562.022199	-562.00452	-562.004746	
126.7855	-562.039427	-562.022199	-562.00452	-562.004746	
126.7956	-562.039427	-562.022199	-562.00452	-562.004746	
126.8058	-562.039427	-562.022199	-562.00452	-562.004746	
126.816	-562.039427	-562.022199	-562.00452	-562.004746	
126.8261	-562.039427	-562.022199	-562.00452	-562.004746	
126.8363	-562.039427	-562.022199	-562.00452	-562.004746	
126.8465	-562.039427	-562.022199	-562.00452	-562.004746	
126.8568	-562.039427	-562.022199	-562.00452	-562.004746	
126.8668	-562.039427	-562.022199	-562.00452	-562.004746	
126.877	-562.039427	-562.022199	-562.00452	-562.004746	
126.8872	-562.039427	-562.022199	-562.00452	-562.004746	
126.8973	-562.039427	-562.022199	-562.00452	-562.004746	
126.9075	-562.039427	-562.022199	-562.00452	-562.004746	
126.9176	-562.039427	-562.022199	-562.00452	-562.004746	
126.9279	-562.039427	-562.022199	-562.00452	-562.004746	
126.9379	-562.039427	-562.022199	-562.00452	-562.004746	
126.9481	-562.039427	-562.022199	-562.00452	-562.004746	
126.9583	-562.039427	-562.022199	-562.00452	-562.004746	
126.9684	-562.039427	-562.022199	-562.00452	-562.004746	
126.9785	-562.039427	-562.022199	-562.00452	-562.004746	
126.9886	-562.039427	-562.022199	-562.00452	-562.004746	
126.9989	-562.039427	-562.022199	-562.00452	-562.004746	
127.0091	-562.039427	-562.022199	-562.00452	-562.004746	
127.0192	-562.039427	-562.022199	-562.00452	-562.004746	
127.0294	-562.039427	-562.022199	-562.00452	-562.004746	
127.0395	-562.039427	-562.022199	-562.00452	-562.004746	
127.05	-562.039427	-562.022199	-562.00452	-562.004746	
127.0599	-562.039427	-562.022199	-562.00452	-562.004746	
127.07	-562.039427	-562.022199	-562.00452	-562.004746	
127.0802	-562.039427	-562.022199	-562.00452	-562.004746	
127.0902	-562.039427	-562.022199	-562.00452	-562.004746	
127.1005	-562.039427	-562.022199	-562.00452	-562.004746	
127.1187	-562.039427	-562.022199	-562.00452	-562.004746	
127.1233	-562.039427	-562.022199	-562.00452	-562.004746	
127.1336	-562.039427	-562.022199	-562.00452	-562.004746	
127.1437	-562.039427	-562.022199	-562.00452	-562.004746	
127.1538	-562.039427	-562.022199	-562.00452	-562.004746	
127.1641	-562.039427	-562.022199	-562.00452	-562.004746	
127.1742	-562.039427	-562.022199	-562.00452	-562.004746	
127.1844	-562.039427	-562.022199	-562.00452	-562.004746	
127.1946	-562.039427	-562.022199	-562.00452	-562.004746	
127.2047	-562.039427	-562.022199	-562.00452	-562.004746	
127.2149	-562.039427	-562.022199	-562.00452	-562.004746	
127.2251	-562.039427	-562.022199	-562.00452	-562.004746	
127.2352	-562.039427	-562.022199	-562.00452	-562.004746	
127.2454	-562.039427	-562.022199	-562.00452	-562.004746	
127.2556	-562.039427	-562.022199	-562.00452	-562.004746	
127.2658	-562.039427	-562.022199	-562.00452	-562.004746	
127.2759	-562.039427	-562.022199	-562.00452	-562.004746	
127.286	-562.039427	-562.022199	-562.00452	-562.004746	
127.2962	-562.039427	-562.022199	-562.00452	-562.004746	
127.3063	-562.039427	-562.022199	-562.00452	-562.004746	
127.3165	-562.039427	-562.022199	-562.00452	-562.004746	
127.3268	-562.039427	-562.022199	-562.00452	-562.004746	
127.3368	-562.039427	-562.022199	-562.00452	-562.004746	
127.347	-562.039427	-562.022199	-562.00452	-562.004746	
127.3572	-562.039427	-562.022199	-562.00452	-562.004746	
127.3674	-562.039427	-562.022199	-562.00452	-562.013472	
127.3774	-562.039427	-562.022199	-562.00452	-562.013472	
127.3876	-562.039427	-562.022199	-562.00452	-562.013472	
127.3978	-562.039427	-562.022199	-562.00452	-562.013472	
127.4079	-562.039427	-562.022199	-562.00452	-562.013472	
127.4193	-562.039427	-562.022199	-562.00452	-562.013472	
127.4282	-562.039427	-562.022199	-562.00452	-562.013472	
127.4384	-562.039427	-562.022199	-562.00452	-562.013472	
127.4486	-562.039427	-562.022199	-562.00452	-562.013472	
127.4587	-562.039427	-562.022199	-562.00452	-562.013472	
127.4695	-562.039427	-562.022199	-562.00452	-562.013472	
127.4795	-562.039427	-562.022199	-562.00452	-562.013472	
127.4896	-562.039427	-562.022199	-562.00452	-562.013472	
127.4998	-562.039427	-562.022199	-562.00452	-562.013472	
127.5099	-562.039427	-562.022199	-562.00452	-562.013472	
127.5201	-562.039427	-562.022199	-562.00452	-562.013472	
127.5302	-562.039427	-562.022199	-562.00452	-562.013472	
127.5404	-562.039427	-562.022199	-562.00452	-562.013472	
127.5506	-562.039427	-562.022199	-562.00452	-562.013472	
127.5608	-562.039427	-562.022199	-562.00452	-562.013472	
127.5709	-562.039427	-562.022199	-562.00452	-562.013472	
127.5812	-562.039427	-562.022199	-562.00452	-562.013472	
127.5913	-562.039427	-562.022199	-562.00452	-562.013472	
127.6014	-562.039427	-562.022199	-562.00452	-562.013472	
127.6115	-562.039427	-562.022199	-562.00452	-562.013472	
127.6218	-562.039427	-562.022199	-562.00452	-562.013472	
127.6319	-562.039427	-562.022199	-562.00452	-562.013472	
127.642	-562.039427	-562.022199	-562.00452	-562.013472	
127.6522	-562.039427	-562.022199	-562.00452	-562.013472	
127.6624	-562.039427	-562.022199	-562.00452	-562.013472	
127.6726	-562.039427	-562.022199	-562.00452	-562.013472	
127.6829	-562.039427	-562.022199	-562.00452	-562.013472	
127.6929	-562.039427	-562.022199	-562.00452	-562.013472	
127.703	-562.039427	-562.022199	-562.00452	-562.013472	
127.7132	-562.039427	-562.022199	-562.00452	-562.013472	
127.7234	-562.039427	-562.022199	-562.00452	-562.013472	
127.7335	-562.039427	-562.022199	-562.00452	-562.013472	
127.7437	-562.039427	-562.022199	-562.00452	-562.013472	
127.7539	-562.039427	-562.022199	-562.00452	-562.013472	
127.7642	-562.039427	-562.022199	-562.00452	-562.013472	
127.7743	-562.039427	-562.022199	-562.00452	-562.013472	
127.7844	-562.039427	-562.022199	-562.00452	-562.013472	
127.7945	-562.039427	-562.022199	-562.00452	-562.013472	
127.8047	-562.039427	-562.022199	-562.00452	-562.013472	
127.8149	-562.039427	-562.022199	-562.00452	-562.013472	
127.825	-562.039427	-562.022199	-562.00452	-562.013472	
127.8352	-562.039427	-562.022199	-562.00452	-562.013472	
127.8454	-562.039427	-562.022199	-562.00452	-562.013472	
127.8556	-562.039427	-562.022199	-562.00452	-562.013472	
127.8657	-562.039427	-562.022199	-562.00452	-562.013472	
127.8758	-562.039427	-562.022199	-562.00452	-562.013472	
127.886	-562.039427	-562.022199	-562.00452	-562.013472	
127.8962	-562.039427	-562.022199	-562.00452	-562.013472	
127.9063	-562.039427	-562.022199	-562.00452	-562.013472	
127.9167	-562.039427	-562.022199	-562.00452	-562.013472	
127.9268	-562.039427	-562.022199	-562.00452	-562.013472	
127.937	-562.039427	-562.022199	-562.00452	-562.013472	
127.9471	-562.039427	-562.022199	-562.00452	-562.013472	
127.9573	-562.039427	-562.022199	-562.00452	-562.013472	
127.9674	-562.039427	-562.022199	-562.00452	-562.013472	
127.9775	-562.039427	-562.022199	-562.00452	-562.013472	
127.9877	-562.039427	-562.022199	-562.00452	-562.013472	
127.9982	-562.039427	-562.022199	-562.00452	-562.013472	
128.0082	-562.039427	-562.022199	-562.00452	-562.013472	
128.0183	-562.039427	-562.022199	-562.00452	-562.013472	
128.0286	-562.039427	-562.022199	-562.00452	-562.013472	
128.0387	-562.039427	-562.022199	-562.00452	-562.013472	
128.0489	-562.039427	-562.022199	-562.00452	-562.013472	
128.059	-562.039427	-562.022199	-562.00452	-562.013472	
128.0773	-562.039427	-562.022199	-562.00452	-562.013472	
128.0819	-562.039427	-562.022199	-562.00452	-562.013472	
128.0921	-562.039427	-562.022199	-562.00452	-562.013472	
128.1025	-562.039427	-562.022199	-562.00452	-562.013472	
128.1124	-562.039427	-562.022199	-562.00452	-562.013472	
128.1226	-562.039427	-562.022199	-562.00452	-562.013472	
128.1328	-562.039427	-562.022199	-562.00452	-562.013472	
128.143	-562.039427	-562.022199	-562.00452	-562.013472	
128.1532	-562.039427	-562.022199	-562.00452	-562.013472	
128.1633	-562.039427	-562.022199	-562.00452	-562.013472	
128.1734	-562.039427	-562.022199	-562.00452	-562.013472	
128.1837	-562.039427	-562.022199	-562.00452	-562.013472	
128.1938	-562.039427	-562.022199	-562.00452	-562.013472	
128.2041	-562.039427	-562.022199	-562.00452	-562.013472	
128.2141	-562.039427	-562.022199	-562.00452	-562.013472	
128.2243	-562.039427	-562.022199	-562.00452	-562.013472	
128.2344	-562.039427	-562.022199	-562.00452	-562.013472	
128.2446	-562.039427	-562.022199	-562.00452	-562.013472	
128.2628	-562.039427	-562.022199	-562.00452	-562.013472	
128.2674	-562.039427	-562.022199	-562.00452	-562.013472	
128.2776	-562.039427	-562.022199	-562.00452	-562.013472	
128.2877	-562.039427	-562.022199	-562.00452	-562.013472	
128.2979	-562.039427	-562.022199	-562.00452	-562.013472	
128.3081	-562.039427	-562.022199	-562.00452	-562.013472	
128.3184	-562.039427	-562.022199	-562.00452	-562.013472	
128.3285	-562.039427	-562.022199	-562.00452	-562.013472	
128.3386	-562.039427	-562.022199	-562.00452	-562.013472	
128.3488	-562.039427	-562.022199	-562.00452	-562.013472	
128.359	-562.039427	-562.022199	-562.00452	-562.013472	
128.3692	-562.039427	-562.022199	-562.00452	-562.013472	
128.3873	-562.039427	-562.022199	-562.00452	-562.013472	
128.392	-562.039427	-562.022199	-562.00452	-562.013472	
128.4021	-562.039427	-562.022199	-562.00452	-562.013472	
128.4123	-562.039427	-562.022199	-562.00452	-562.013472	
128.4225	-562.039427	-562.022199	-562.00452	-562.013472	
128.4326	-562.039427	-562.022199	-562.00452	-562.013472	
128.4428	-562.039427	-562.022199	-562.00452	-562.013472	
128.4529	-562.039427	-562.022199	-562.00452	-562.013472	
128.4631	-562.039427	-562.022199	-562.00452	-562.013472	
128.4733	-562.039427	-562.022199	-562.00452	-562.013472	
128.4834	-562.039427	-562.022199	-562.00452	-562.013472	
128.4937	-562.039427	-562.022199	-562.00452	-562.013472	
128.5038	-562.039427	-562.022199	-562.00452	-562.013472	
128.5139	-562.039427	-562.022199	-562.00452	-562.013472	
128.5243	-562.039427	-562.022199	-562.00452	-562.013472	
128.5343	-562.039427	-562.022199	-562.00452	-562.013472	
128.5445	-562.039427	-562.022199	-562.00452	-562.013472	
128.5546	-562.039427	-562.022199	-562.00452	-562.013472	
128.5648	-562.039427	-562.022199	-562.00452	-562.013472	
128.575	-562.039427	-562.022199	-562.00452	-562.013472	
128.5852	-562.039427	-562.022199	-562.00452	-562.013472	
128.5953	-562.039427	-562.022199	-562.00452	-562.013472	
128.6055	-562.039427	-562.022199	-562.00452	-562.013472	
128.6157	-562.039427	-562.022199	-562.00452	-562.013472	
128.6258	-562.039427	-562.022199	-562.00452	-562.013472	
128.636	-562.039427	-562.022199	-562.00452	-562.013472	
128.6462	-562.039427	-562.022199	-562.00452	-562.013472	
128.6563	-562.039427	-562.022199	-562.00452	-562.013472	
128.6664	-562.039427	-562.022199	-562.00452	-562.013472	
128.6766	-562.039427	-562.022199	-562.00452	-562.013472	
128.6869	-562.039427	-562.022199	-562.00452	-562.013472	
128.697	-562.039427	-562.022199	-562.00452	-562.013472	
128.7071	-562.039427	-562.022199	-562.00452	-562.013472	
128.7173	-562.039427	-562.022199	-562.00452	-562.013472	
128.7278	-562.039427	-562.022199	-562.00452	-562.013472	
128.7375	-562.039427	-562.022199	-562.00452	-562.013472	
128.7477	-562.039427	-562.022199	-562.00452	-562.013472	
128.758	-562.039427	-562.022199	-562.00452	-562.013472	
128.7682	-562.039427	-562.022199	-562.00452	-562.013472	
128.7784	-562.039427	-562.022199	-562.00452	-562.013472	
128.7885	-562.039427	-562.022199	-562.00452	-562.013472	
128.7986	-562.039427	-562.022199	-562.00452	-562.013472	
128.8089	-562.039427	-562.022199	-562.00452	-562.013472	
128.819	-562.039427	-562.022199	-562.00452	-562.013472	
128.8292	-562.039427	-562.022199	-562.00452	-562.013472	
128.8394	-562.039427	-562.022199	-562.00452	-562.013472	
128.8494	-562.039427	-562.022199	-562.00452	-562.013472	
128.8597	-562.039427	-562.022199	-562.00452	-562.013472	
128.8698	-562.039427	-562.022199	-562.00452	-562.013472	
128.8799	-562.039427	-562.022199	-562.00452	-562.013472	
128.89	-562.039427	-562.022199	-562.00452	-562.013472	
128.9002	-562.039427	-562.022199	-562.00452	-562.013472	
128.9104	-562.039427	-562.022199	-562.00452	-562.013472	
128.9205	-562.039427	-562.022199	-562.00452	-562.013472	
128.9307	-562.039427	-562.022199	-562.00452	-562.013472	
128.9409	-562.039427	-562.022199	-562.00452	-562.013472	
128.9511	-562.039427	-562.022199	-562.00452	-562.013472	
128.9613	-562.039427	-562.022199	-562.00452	-562.013472	
128.9714	-562.039427	-562.022199	-562.00452	-562.013472	
128.9816	-562.039427	-562.022199	-562.00452	-562.013472	
128.9918	-562.039427	-562.022199	-562.00452	-562.013472	
129.0019	-562.039427	-562.022199	-562.00452	-562.013472	
129.0121	-562.039427	-562.022199	-562.00452	-562.013472	
129.0222	-562.039427	-562.022199	-562.00452	-562.013472	
129.0324	-562.039427	-562.022199	-562.00452	-562.013472	
129.0426	-562.039427	-562.022199	-562.00452	-562.013472	
129.0527	-562.039427	-562.022199	-562.00452	-562.013472	
129.063	-562.039427	-562.022199	-562.00452	-562.013472	
129.0731	-562.039427	-562.022199	-562.00452	-562.013472	
129.0832	-562.039427	-562.022199	-562.00452	-562.013472	
129.0934	-562.039427	-562.022199	-562.00452	-562.013472	
129.1036	-562.039427	-562.022199	-562.00452	-562.013472	
129.1137	-562.039427	-562.022199	-562.00452	-562.013472	
129.1238	-562.039427	-562.022199	-562.00452	-562.013472	
129.134	-562.039427	-562.022199	-562.00452	-562.013472	
129.1442	-562.039427	-562.022199	-562.00452	-562.013472	
129.1543	-562.039427	-562.022199	-562.00452	-562.013472	
129.1646	-562.039427	-562.022199	-562.00452	-562.013472	
129.1747	-562.039427	-562.022199	-562.00452	-562.013472	
129.1849	-562.039427	-562.022199	-562.00452	-562.013472	
129.195	-562.039427	-562.022199	-562.00452	-562.013472	
129.2051	-562.039427	-562.022199	-562.00452	-562.013472	
129.2153	-562.039427	-562.022199	-562.00452	-562.013472	
129.2255	-562.039427	-562.022199	-562.00452	-562.013472	
129.2356	-562.039427	-562.022199	-562.00452	-562.013472	
129.2458	-562.039427	-562.022199	-562.00452	-562.013472	
129.256	-562.039427	-562.022199	-562.00452	-562.013472	
129.2661	-562.039427	-562.022199	-562.00452	-562.013472	
129.2763	-562.039427	-562.022199	-562.00452	-562.013472	
129.2864	-562.039427	-562.022199	-562.00452	-562.013472	
129.2966	-562.039427	-562.022199	-562.00452	-562.013472	
129.3067	-562.039427	-562.022199	-562.00452	-562.013472	
129.3169	-562.039427	-562.022199	-562.00452	-562.013472	
129.3271	-562.039427	-562.022199	-562.00452	-562.013472	
129.3373	-562.039427	-562.022199	-562.00452	-562.013472	
129.3474	-562.039427	-562.022199	-562.00452	-562.013472	
129.3576	-562.039427	-562.022199	-562.00452	-562.013472	
129.3679	-562.039427	-562.022199	-562.00452	-562.013472	
129.378	-562.039427	-562.022199	-562.00452	-562.013472	
129.3881	-562.039427	-562.022199	-562.00452	-562.013472	
129.3982	-562.039427	-562.022199	-562.00452	-562.013472	
129.4109	-562.039427	-562.022199	-562.00452	-562.013472	
129.431	-562.039427	-562.022199	-562.00452	-562.013472	
129.4356	-562.039427	-562.022199	-562.00452	-562.013472	
129.4458	-562.039427	-562.022199	-562.00452	-562.013472	
129.4561	-562.039427	-562.022199	-562.00452	-562.013472	
129.4661	-562.039427	-562.022199	-562.00452	-562.013472	
129.4763	-562.039427	-562.022199	-562.00452	-562.013472	
129.4864	-562.039427	-562.022199	-562.00452	-562.013472	
129.4966	-562.039427	-562.022199	-562.00452	-562.013472	
129.5068	-562.039427	-562.022199	-562.00452	-562.013472	
129.5169	-562.039427	-562.022199	-562.00452	-562.013472	
129.5272	-562.039427	-562.022199	-562.00452	-562.013472	
129.5373	-562.039427	-562.022199	-562.00452	-562.013472	
129.5474	-562.039427	-562.022199	-562.00452	-562.013472	
129.5576	-562.039427	-562.022199	-562.00452	-562.013472	
129.5679	-562.039427	-562.022199	-562.00452	-562.013472	
129.578	-562.039427	-562.022199	-562.00452	-562.013472	
129.5881	-562.039427	-562.022199	-562.00452	-562.013472	
129.5983	-562.039427	-562.022199	-562.00452	-562.013472	
129.6083	-562.039427	-562.022199	-562.00452	-562.013472	
129.6185	-562.039427	-562.022199	-562.00452	-562.013472	
129.6287	-562.039427	-562.022199	-562.00452	-562.013472	
129.6389	-562.039427	-562.022199	-562.00452	-562.013472	
129.649	-562.039427	-562.022199	-562.00452	-562.013472	
129.6592	-562.039427	-562.022199	-562.00452	-562.013472	
129.6695	-562.039427	-562.022199	-562.00452	-562.013472	
129.6795	-562.039427	-562.022199	-562.00452	-562.013472	
129.6896	-562.039427	-562.022199	-562.00452	-562.013472	
129.6998	-562.039427	-562.022199	-562.00452	-562.013472	
129.7099	-562.039427	-562.022199	-562.00452	-562.013472	
129.7202	-562.039427	-562.022199	-562.00452	-562.013472	
129.7302	-562.039427	-562.022199	-562.00452	-562.013472	
129.7404	-562.039427	-562.022199	-562.00452	-562.013472	
129.7506	-562.039427	-562.022199	-562.00452	-562.013472	
129.7607	-562.039427	-562.022199	-562.00452	-562.013472	
129.7715	-562.039427	-562.022199	-562.00452	-562.013472	
129.7811	-562.039427	-562.022199	-562.00452	-562.013472	
129.7912	-562.039427	-562.022199	-562.00452	-562.013472	
129.8014	-562.039427	-562.022199	-562.00452	-562.013472	
129.8115	-562.039427	-562.022199	-562.00452	-562.013472	
129.8217	-562.039427	-562.022199	-562.00452	-562.013472	
129.8319	-562.039427	-562.022199	-562.00452	-562.013472	
129.842	-562.039427	-562.022199	-562.00452	-562.013472	
129.8522	-562.039427	-562.022199	-562.00452	-562.013472	
129.8624	-562.039427	-562.022199	-562.00452	-562.013472	
129.8725	-562.039427	-562.022199	-562.00452	-562.013472	
129.8827	-562.039427	-562.022199	-562.00452	-562.013472	
129.8929	-562.039427	-562.022199	-562.00452	-562.013472	
129.9031	-562.039427	-562.022199	-562.00452	-562.013472	
129.9133	-562.039427	-562.022199	-562.00452	-562.013472	
129.9234	-562.039427	-562.022199	-562.00452	-562.013472	
129.9336	-562.039427	-562.022199	-562.00452	-562.013472	
129.9438	-562.039427	-562.022199	-562.00452	-562.013472	
129.9539	-562.039427	-562.022199	-562.00452	-562.013472	
129.9641	-562.039427	-562.022199	-562.00452	-562.013472	
129.9742	-562.039427	-562.022199	-562.00452	-562.013472	
129.9844	-562.039427	-562.022199	-562.00452	-562.013472	
129.9945	-562.039427	-562.022199	-562.00452	-562.013472	
130.0047	-562.039427	-562.022199	-562.00452	-562.013472	
130.0149	-562.039427	-562.022199	-562.00452	-562.013472	
130.025	-562.039427	-562.022199	-562.00452	-562.013472	
130.0352	-562.039427	-562.022199	-562.00452	-562.013472	
130.0454	-562.039427	-562.022199	-562.00452	-562.013472	
130.0556	-562.039427	-562.022199	-562.00452	-562.013472	
130.0657	-562.039427	-562.022199	-562.00452	-562.013472	
130.0758	-562.039427	-562.022199	-562.00452	-562.013472	
130.0861	-562.039427	-562.022199	-562.00452	-562.013472	
130.0962	-562.039427	-562.022199	-562.00452	-562.013472	
130.1063	-562.039427	-562.022199	-562.00452	-562.013472	
130.1165	-562.039427	-562.022199	-562.00452	-562.013472	
130.1267	-562.039427	-562.022199	-562.00452	-562.013472	
130.1368	-562.039427	-562.022199	-562.00452	-562.013472	
130.147	-562.039427	-562.022199	-562.00452	-562.013472	
130.1571	-562.039427	-562.022199	-562.00452	-562.013472	
130.1673	-562.039427	-562.022199	-562.00452	-562.013472	
130.1774	-562.039427	-562.022199	-562.00452	-562.013472	
130.1876	-562.039427	-562.022199	-562.00452	-562.013472	
130.1978	-562.039427	-562.022199	-562.00452	-562.013472	
130.2081	-562.039427	-562.022199	-562.00452	-562.013472	
130.2181	-562.039427	-562.022199	-562.00452	-562.013472	
130.2283	-562.039427	-562.022199	-562.00452	-562.013472	
130.2383	-562.039427	-562.022199	-562.00452	-562.013472	
130.2485	-562.039427	-562.022199	-562.00452	-562.013472	
130.2588	-562.039427	-562.022199	-562.00452	-562.013472	
130.2689	-562.039427	-562.022199	-562.00452	-562.013472	
130.287	-562.039427	-562.022199	-562.00452	-562.013472	
130.2917	-562.039427	-562.022199	-562.00452	-562.013472	
130.3018	-562.039427	-562.022199	-562.00452	-562.013472	
130.312	-562.039427	-562.022199	-562.00452	-562.013472	
130.3221	-562.039427	-562.022199	-562.00452	-562.013472	
130.3323	-562.039427	-562.022199	-562.00452	-562.013472	
130.3425	-562.039427	-562.022199	-562.00452	-562.013472	
130.3526	-562.039427	-562.022199	-562.00452	-562.013472	
130.3627	-562.039427	-562.022199	-562.00452	-562.013472	
130.3729	-562.039427	-562.022199	-562.00452	-562.013472	
130.3911	-562.039427	-562.022199	-562.00452	-562.013472	
130.3958	-562.039427	-562.022199	-562.00452	-562.013472	
130.406	-562.039427	-562.022199	-562.00452	-562.013472	
130.4161	-562.039427	-562.022199	-562.00452	-562.013472	
130.4262	-562.039427	-562.022199	-562.00452	-562.013472	
130.4364	-562.039427	-562.022199	-562.00452	-562.013472	
130.4466	-562.039427	-562.022199	-562.00452	-562.013472	
130.4567	-562.039427	-562.022199	-562.00452	-562.013472	
130.4669	-562.039427	-562.022199	-562.00452	-562.013472	
130.477	-562.039427	-562.022199	-562.00452	-562.013472	
130.4872	-562.039427	-562.022199	-562.00452	-562.013472	
130.4974	-562.039427	-562.022199	-562.00452	-562.013472	
130.5075	-562.039427	-562.022199	-562.00452	-562.013472	
130.5177	-562.039427	-562.022199	-562.00452	-562.013472	
130.5282	-562.039427	-562.022199	-562.00452	-562.013472	
130.538	-562.039427	-562.022199	-562.00452	-562.013472	
130.5482	-562.039427	-562.022199	-562.00452	-562.013472	
130.5583	-562.039427	-562.022199	-562.00452	-562.013472	
130.5684	-562.039427	-562.022199	-562.00452	-562.013472	
130.5786	-562.039427	-562.022199	-562.00452	-562.013472	
130.5887	-562.039427	-562.022199	-562.00452	-562.013472	
130.5989	-562.039427	-562.022199	-562.00452	-562.013472	
130.6094	-562.039427	-562.022199	-562.00452	-562.013472	
130.6194	-562.039427	-562.022199	-562.00452	-562.013472	
130.6297	-562.039427	-562.022199	-562.00452	-562.013472	
130.6398	-562.039427	-562.022199	-562.00452	-562.013472	
130.6499	-562.039427	-562.022199	-562.00452	-562.013472	
130.6601	-562.039427	-562.022199	-562.00452	-562.013472	
130.6702	-562.039427	-562.022199	-562.00452	-562.013472	
130.6804	-562.039427	-562.022199	-562.00452	-562.013472	
130.6905	-562.039427	-562.022199	-562.00452	-562.013472	
130.7007	-562.039427	-562.022199	-562.00452	-562.013472	
130.7109	-562.039427	-562.022199	-562.00452	-562.013472	
130.7211	-562.039427	-562.022199	-562.00452	-562.013472	
130.7312	-562.039427	-562.022199	-562.00452	-562.013472	
130.7414	-562.039427	-562.022199	-562.00452	-562.013472	
130.7515	-562.039427	-562.022199	-562.00452	-562.013472	
130.7616	-562.039427	-562.022199	-562.00452	-562.013472	
130.7718	-562.039427	-562.022199	-562.00452	-562.013472	
130.782	-562.039427	-562.022199	-562.00452	-562.013472	
130.7921	-562.039427	-562.022199	-562.00452	-562.013472	
130.8022	-562.039427	-562.022199	-562.00452	-562.013472	
130.8125	-562.039427	-562.022199	-562.00452	-562.013472	
130.8227	-562.039427	-562.022199	-562.00452	-562.013472	
130.8328	-562.039427	-562.022199	-562.00452	-562.013472	
130.8429	-562.039427	-562.022199	-562.00452	-562.013472	
130.8531	-562.039427	-562.022199	-562.00452	-562.013472	
130.8635	-562.039427	-562.022199	-562.00452	-562.013472	
130.8735	-562.039427	-562.022199	-562.00452	-562.013472	
130.8836	-562.039427	-562.022199	-562.00452	-562.013472	
130.8939	-562.039427	-562.022199	-562.00452	-562.013472	
130.904	-562.039427	-562.022199	-562.00452	-562.013472	
130.9141	-562.039427	-562.022199	-562.00452	-562.013472	
130.9243	-562.039427	-562.022199	-562.00452	-562.013472	
130.9345	-562.039427	-562.022199	-562.00452	-562.013472	
130.9446	-562.039427	-562.022199	-562.00452	-562.013472	
130.9548	-562.039427	-562.022199	-562.00452	-562.013472	
130.9649	-562.039427	-562.022199	-562.00452	-562.013472	
130.9752	-562.039427	-562.022199	-562.00452	-562.013472	
130.9853	-562.039427	-562.022199	-562.00452	-562.013472	
130.9955	-562.039427	-562.022199	-562.00452	-562.013472	
131.0057	-562.039427	-562.022199	-562.00452	-562.013472	
131.0158	-562.039427	-562.022199	-562.00452	-562.013472	
131.026	-562.039427	-562.022199	-562.00452	-562.013472	
131.0362	-562.039427	-562.022199	-562.00452	-562.013472	
131.0463	-562.039427	-562.022199	-562.00452	-562.013472	
131.0564	-562.039427	-562.022199	-562.00452	-562.013472	
131.0666	-562.039427	-562.022199	-562.00452	-562.013472	
131.0768	-562.039427	-562.022199	-562.00452	-562.013472	
131.0869	-562.039427	-562.022199	-562.00452	-562.013472	
131.0971	-562.039427	-562.022199	-562.00452	-562.013472	
131.1072	-562.039427	-562.022199	-562.00452	-562.013472	
131.1174	-562.039427	-562.022199	-562.00452	-562.013472	
131.1278	-562.039427	-562.022199	-562.00452	-562.013472	
131.1377	-562.039427	-562.022199	-562.00452	-562.013472	
131.1479	-562.039427	-562.022199	-562.00452	-562.013472	
131.1581	-562.039427	-562.022199	-562.00452	-562.013472	
131.1682	-562.039427	-562.022199	-562.00452	-562.013472	
131.1783	-562.039427	-562.022199	-562.00452	-562.013472	
131.1885	-562.039427	-562.022199	-562.00452	-562.013472	
131.1986	-562.039427	-562.022199	-562.00452	-562.013472	
131.2088	-562.039427	-562.022199	-562.00452	-562.013472	
131.2189	-562.039427	-562.022199	-562.00452	-562.013472	
131.2291	-562.039427	-562.022199	-562.00452	-562.013472	
131.2394	-562.039427	-562.022199	-562.00452	-562.013472	
131.2495	-562.039427	-562.022199	-562.00452	-562.013472	
131.2596	-562.039427	-562.022199	-562.00452	-562.013472	
131.2698	-562.039427	-562.022199	-562.00452	-562.013472	
131.28	-562.039427	-562.022199	-562.00452	-562.013472	
131.2901	-562.039427	-562.022199	-562.00452	-562.013472	
131.3003	-562.039427	-562.022199	-562.00452	-562.013472	
131.3105	-562.039427	-562.022199	-562.00452	-562.013472	
131.3205	-562.039427	-562.022199	-562.00452	-562.013472	
131.3307	-562.039427	-562.022199	-562.00452	-562.013472	
131.341	-562.039427	-562.022199	-562.00452	-562.013472	
131.3511	-562.039427	-562.022199	-562.00452	-562.013472	
131.3613	-562.039427	-562.022199	-562.00452	-562.013472	
131.3714	-562.039427	-562.022199	-562.00452	-562.013472	
131.3817	-562.039427	-562.022199	-562.00452	-562.013472	
131.3918	-562.039427	-562.022199	-562.00452	-562.013472	
131.4019	-562.039427	-562.022199	-562.00452	-562.013472	
131.4121	-562.039427	-562.022199	-562.00452	-562.013472	
131.4238	-562.039427	-562.022199	-562.00452	-562.013472	
131.433	-562.039427	-562.022199	-562.00452	-562.013472	
131.4431	-562.039427	-562.022199	-562.00452	-562.013472	
131.4533	-562.039427	-562.022199	-562.00452	-562.013472	
131.4635	-562.039427	-562.022199	-562.00452	-562.013472	
131.4736	-562.039427	-562.022199	-562.00452	-562.013472	
131.4838	-562.039427	-562.022199	-562.00452	-562.013472	
131.494	-562.039427	-562.022199	-562.00452	-562.013472	
131.5041	-562.039427	-562.022199	-562.00452	-562.013472	
131.5143	-562.039427	-562.022199	-562.00452	-562.013472	
131.5245	-562.039427	-562.022199	-562.00452	-562.013472	
131.5346	-562.039427	-562.022199	-562.00452	-562.013472	
131.5447	-562.039427	-562.022199	-562.00452	-562.013472	
131.5549	-562.039427	-562.022199	-562.00452	-562.013472	
131.5651	-562.039427	-562.022199	-562.00452	-562.013472	
131.5753	-562.039427	-562.022199	-562.00452	-562.013472	
131.5854	-562.039427	-562.022199	-562.00452	-562.013472	
131.5955	-562.039427	-562.022199	-562.00452	-562.013472	
131.6058	-562.039427	-562.022199	-562.00452	-562.013472	
131.6159	-562.039427	-562.022199	-562.00452	-562.013472	
131.626	-562.039427	-562.022199	-562.00452	-562.013472	
131.6362	-562.039427	-562.022199	-562.00452	-562.013472	
131.6463	-562.039427	-562.022199	-562.00452	-562.013472	
131.6566	-562.039427	-562.022199	-562.00452	-562.013472	
131.6667	-562.039427	-562.022199	-562.00452	-562.013472	
131.6769	-562.039427	-562.022199	-562.00452	-562.013472	
131.6871	-562.039427	-562.022199	-562.00452	-562.013472	
131.6973	-562.039427	-562.022199	-562.00452	-562.013472	
131.7074	-562.039427	-562.022199	-562.00452	-562.013472	
131.7176	-562.039427	-562.022199	-562.00452	-562.013472	
131.7277	-562.039427	-562.022199	-562.00452	-562.013472	
131.7379	-562.039427	-562.022199	-562.00452	-562.013472	
131.748	-562.039427	-562.022199	-562.00452	-562.013472	
131.7582	-562.039427	-562.022199	-562.00452	-562.013472	
131.7685	-562.039427	-562.022199	-562.00452	-562.013472	
131.7808	-562.039427	-562.022199	-562.00452	-562.013472	
131.7886	-562.039427	-562.022199	-562.00452	-562.013472	
131.7988	-562.039427	-562.022199	-562.00452	-562.013472	
131.8089	-562.039427	-562.022199	-562.00452	-562.013472	
131.8191	-562.039427	-562.022199	-562.00452	-562.013472	
131.8293	-562.039427	-562.022199	-562.00452	-562.013472	
131.8394	-562.039427	-562.022199	-562.00452	-562.013472	
131.8496	-562.039427	-562.022199	-562.00452	-562.013472	
131.8599	-562.039427	-562.022199	-562.00452	-562.013472	
131.8699	-562.039427	-562.022199	-562.00452	-562.013472	
131.8801	-562.039427	-562.022199	-562.00452	-562.013472	
131.8902	-562.039427	-562.022199	-562.00452	-562.013472	
131.9004	-562.039427	-562.022199	-562.00452	-562.013472	
131.9105	-562.039427	-562.022199	-562.00452	-562.013472	
131.9207	-562.039427	-562.022199	-562.00452	-562.013472	
131.9388	-562.039427	-562.022199	-562.00452	-562.013472	
131.9435	-562.039427	-562.022199	-562.00452	-562.013472	
131.9537	-562.039427	-562.022199	-562.00452	-562.013472	
131.9639	-562.039427	-562.022199	-562.00452	-562.013472	
131.974	-562.039427	-562.022199	-562.00452	-562.013472	
131.9842	-562.039427	-562.022199	-562.00452	-562.013472	
131.9943	-562.039427	-562.022199	-562.00452	-562.013472	
132.0045	-562.039427	-562.022199	-562.00452	-562.013472	
132.0147	-562.039427	-562.022199	-562.00452	-562.013472	
132.0248	-562.039427	-562.022199	-562.00452	-562.013472	
132.035	-562.039427	-562.022199	-562.00452	-562.013472	
132.0451	-562.039427	-562.022199	-562.00452	-562.013472	
132.0553	-562.039427	-562.022199	-562.00452	-562.013472	
132.0654	-562.039427	-562.022199	-562.00452	-562.013472	
132.0756	-562.039427	-562.022199	-562.00452	-562.013472	
132.0858	-562.039427	-562.022199	-562.00452	-562.013472	
132.0959	-562.039427	-562.022199	-562.00452	-562.013472	
132.1061	-562.039427	-562.022199	-562.00452	-562.013472	
132.1163	-562.039427	-562.022199	-562.00452	-562.013472	
132.1264	-562.039427	-562.022199	-562.00452	-562.013472	
132.1366	-562.039427	-562.022199	-562.00452	-562.013472	
132.1467	-562.039427	-562.022199	-562.00452	-562.013472	
132.1569	-562.039427	-562.022199	-562.00452	-562.013472	
132.1671	-562.039427	-562.022199	-562.00452	-562.013472	
132.1772	-562.039427	-562.022199	-562.00452	-562.013472	
132.1874	-562.039427	-562.022199	-562.00452	-562.013472	
132.1976	-562.039427	-562.022199	-562.00452	-562.013472	
132.2077	-562.039427	-562.022199	-562.00452	-562.013472	
132.2179	-562.039427	-562.022199	-562.00452	-562.013472	
132.228	-562.039427	-562.022199	-562.00452	-562.013472	
132.2385	-562.039427	-562.022199	-562.00452	-562.013472	
132.2483	-562.039427	-562.022199	-562.00452	-562.013472	
132.2584	-562.039427	-562.022199	-562.00452	-562.013472	
132.2686	-562.039427	-562.022199	-562.00452	-562.013472	
132.279	-562.039427	-562.022199	-562.00452	-562.013472	
132.2889	-562.039427	-562.022199	-562.00452	-562.013472	
132.2991	-562.039427	-562.022199	-562.00452	-562.013472	
132.3093	-562.039427	-562.022199	-562.00452	-562.013472	
132.3195	-562.039427	-562.022199	-562.00452	-562.013472	
132.3297	-562.039427	-562.022199	-562.00452	-562.013472	
132.3397	-562.039427	-562.022199	-562.00452	-562.013472	
132.3499	-562.039427	-562.022199	-562.00452	-562.013472	
132.3602	-562.039427	-562.022199	-562.00452	-562.013472	
132.3702	-562.039427	-562.022199	-562.00452	-562.013472	
132.3807	-562.039427	-562.022199	-562.00452	-562.013472	
132.3906	-562.039427	-562.022199	-562.00452	-562.013472	
132.4008	-562.039427	-562.022199	-562.00452	-562.013472	
132.4109	-562.039427	-562.022199	-562.00452	-562.013472	
132.4211	-562.039427	-562.022199	-562.00452	-562.013472	
132.4314	-562.039427	-562.022199	-562.00452	-562.013472	
132.4415	-562.039427	-562.022199	-562.00452	-562.013472	
132.4517	-562.039427	-562.022199	-562.00452	-562.013472	
132.4619	-562.039427	-562.022199	-562.00452	-562.013472	
132.4725	-562.039427	-562.022199	-562.00452	-562.013472	
132.4825	-562.039427	-562.022199	-562.00452	-562.013472	
132.4927	-562.039427	-562.022199	-562.00452	-562.013472	
132.5029	-562.039427	-562.022199	-562.00452	-562.013472	
132.5131	-562.039427	-562.022199	-562.00452	-562.013472	
132.5232	-562.039427	-562.022199	-562.00452	-562.013472	
132.5336	-562.039427	-562.022199	-562.00452	-562.013472	
132.5516	-562.039427	-562.022199	-562.00452	-562.013472	
132.5562	-562.039427	-562.022199	-562.00452	-562.013472	
132.5664	-562.039427	-562.022199	-562.00452	-562.013472	
132.5765	-562.039427	-562.022199	-562.00452	-562.013472	
132.5867	-562.039427	-562.022199	-562.00452	-562.013472	
132.5969	-562.039427	-562.022199	-562.00452	-562.013472	
132.607	-562.039427	-562.022199	-562.00452	-562.013472	
132.6172	-562.039427	-562.022199	-562.00452	-562.013472	
132.6274	-562.039427	-562.022199	-562.00452	-562.013472	
132.6375	-562.039427	-562.022199	-562.00452	-562.013472	
132.6477	-562.039427	-562.022199	-562.00452	-562.013472	
132.6579	-562.039427	-562.022199	-562.00452	-562.013472	
132.668	-562.039427	-562.022199	-562.00452	-562.013472	
132.6782	-562.039427	-562.022199	-562.00452	-562.013472	
132.6883	-562.039427	-562.022199	-562.00452	-562.013472	
132.6985	-562.039427	-562.022199	-562.00452	-562.013472	
132.7086	-562.039427	-562.022199	-562.00452	-562.013472	
132.7188	-562.039427	-562.022199	-562.00452	-562.013472	
132.7289	-562.039427	-562.022199	-562.00452	-562.013472	
132.7391	-562.039427	-562.022199	-562.00452	-562.013472	
132.7572	-562.039427	-562.022199	-562.00452	-562.013472	
132.7619	-562.039427	-562.022199	-562.00452	-562.013472	
132.7722	-562.039427	-562.022199	-562.00452	-562.013472	
132.7925	-562.039427	-562.022199	-562.00452	-562.013472	
132.7971	-562.039427	-562.022199	-562.00452	-562.013472	
132.8153	-562.039427	-562.022199	-562.00452	-562.013472	
132.82	-562.039427	-562.022199	-562.00452	-562.013472	
132.8302	-562.039427	-562.022199	-562.00452	-562.013472	
132.8403	-562.039427	-562.022199	-562.00452	-562.013472	
132.8505	-562.039427	-562.022199	-562.00452	-562.013472	
132.8607	-562.039427	-562.022199	-562.00452	-562.013472	
132.8788	-562.039427	-562.022199	-562.00452	-562.013472	
132.8835	-562.039427	-562.022199	-562.00452	-562.013472	
132.8937	-562.039427	-562.022199	-562.00452	-562.013472	
132.9038	-562.039427	-562.022199	-562.00452	-562.013472	
132.9139	-562.039427	-562.022199	-562.00452	-562.013472	
132.9241	-562.039427	-562.022199	-562.00452	-562.013472	
132.9343	-562.039427	-562.022199	-562.00452	-562.013472	
132.9445	-562.039427	-562.022199	-562.00452	-562.013472	
132.9546	-562.039427	-562.022199	-562.00452	-562.013472	
132.9648	-562.039427	-562.022199	-562.00452	-562.013472	
132.9749	-562.039427	-562.022199	-562.00452	-562.013472	
132.985	-562.039427	-562.022199	-562.00452	-562.013472	
132.9953	-562.039427	-562.022199	-562.00452	-562.013472	
133.0054	-562.039427	-562.022199	-562.00452	-562.013472	
133.0156	-562.039427	-562.022199	-562.00452	-562.013472	
133.0258	-562.039427	-562.022199	-562.00452	-562.013472	
133.0359	-562.039427	-562.022199	-562.00452	-562.013472	
133.0461	-562.039427	-562.022199	-562.00452	-562.013472	
133.0562	-562.039427	-562.022199	-562.00452	-562.013472	
133.0664	-562.039427	-562.022199	-562.00452	-562.013472	
133.0766	-562.039427	-562.022199	-562.00452	-562.013472	
133.0868	-562.039427	-562.022199	-562.00452	-562.013472	
133.0969	-562.039427	-562.022199	-562.00452	-562.013472	
133.107	-562.039427	-562.022199	-562.00452	-562.013472	
133.1172	-562.039427	-562.022199	-562.00452	-562.013472	
133.1275	-562.039427	-562.022199	-562.00452	-562.013472	
133.1375	-562.039427	-562.022199	-562.00452	-562.013472	
133.1477	-562.039427	-562.022199	-562.00452	-562.013472	
133.1579	-562.039427	-562.022199	-562.00452	-562.013472	
133.168	-562.039427	-562.022199	-562.00452	-562.013472	
133.1782	-562.039427	-562.022199	-562.00452	-562.013472	
133.1883	-562.039427	-562.022199	-562.00452	-562.013472	
133.1985	-562.039427	-562.022199	-562.00452	-562.013472	
133.2086	-562.039427	-562.022199	-562.00452	-562.013472	
133.2188	-562.039427	-562.022199	-562.00452	-562.013472	
133.2289	-562.039427	-562.022199	-562.00452	-562.013472	
133.2391	-562.039427	-562.022199	-562.00452	-562.013472	
133.2493	-562.039427	-562.022199	-562.00452	-562.013472	
133.2595	-562.039427	-562.022199	-562.00452	-562.013472	
133.2697	-562.039427	-562.022199	-562.00452	-562.013472	
133.2797	-562.039427	-562.022199	-562.00452	-562.013472	
133.2904	-562.039427	-562.022199	-562.00452	-562.013472	
133.3	-562.039427	-562.022199	-562.00452	-562.013472	
133.3103	-562.039427	-562.022199	-562.00452	-562.013472	
133.3208	-562.039427	-562.022199	-562.00452	-562.013472	
133.3308	-562.039427	-562.022199	-562.00452	-562.013472	
133.3409	-562.039427	-562.022199	-562.00452	-562.013472	
133.3511	-562.039427	-562.022199	-562.00452	-562.013472	
133.3612	-562.039427	-562.022199	-562.00452	-562.013472	
133.3714	-562.039427	-562.022199	-562.00452	-562.013472	
133.3816	-562.039427	-562.022199	-562.00452	-562.013472	
133.3918	-562.039427	-562.022199	-562.00452	-562.013472	
133.4019	-562.039427	-562.022199	-562.00452	-562.013472	
133.412	-562.039427	-562.022199	-562.00452	-562.013472	
133.4316	-562.039427	-562.022199	-562.00452	-562.013472	
133.4363	-562.039427	-562.022199	-562.00452	-562.013472	
133.4465	-562.039427	-562.022199	-562.00452	-562.013472	
133.4566	-562.039427	-562.022199	-562.00452	-562.013472	
133.4668	-562.039427	-562.022199	-562.00452	-562.013472	
133.4771	-562.039427	-562.022199	-562.00452	-562.013472	
133.4871	-562.039427	-562.022199	-562.00452	-562.013472	
133.4973	-562.039427	-562.022199	-562.00452	-562.013472	
133.5075	-562.039427	-562.022199	-562.00452	-562.013472	
133.5176	-562.039427	-562.022199	-562.00452	-562.013472	
133.5278	-562.039427	-562.022199	-562.00452	-562.013472	
133.538	-562.039427	-562.022199	-562.00452	-562.013472	
133.5481	-562.039427	-562.022199	-562.00452	-562.013472	
133.5583	-562.039427	-562.022199	-562.00452	-562.013472	
133.5684	-562.039427	-562.022199	-562.00452	-562.013472	
133.5785	-562.039427	-562.022199	-562.00452	-562.013472	
133.5887	-562.039427	-562.022199	-562.00452	-562.013472	
133.5989	-562.039427	-562.022199	-562.00452	-562.013472	
133.609	-562.039427	-562.022199	-562.00452	-562.013472	
133.6193	-562.039427	-562.022199	-562.00452	-562.013472	
133.6294	-562.039427	-562.022199	-562.00452	-562.013472	
133.6396	-562.039427	-562.022199	-562.00452	-562.013472	
133.6497	-562.039427	-562.022199	-562.00452	-562.013472	
133.6599	-562.039427	-562.022199	-562.00452	-562.013472	
133.6701	-562.039427	-562.022199	-562.00452	-562.013472	
133.6803	-562.039427	-562.022199	-562.00452	-562.013472	
133.6903	-562.039427	-562.022199	-562.00452	-562.013472	
133.7005	-562.039427	-562.022199	-562.00452	-562.013472	
133.7106	-562.039427	-562.022199	-562.00452	-562.013472	
133.7287	-562.039427	-562.022199	-562.00452	-562.013472	
133.7334	-562.039427	-562.022199	-562.00452	-562.013472	
133.7436	-562.039427	-562.022199	-562.00452	-562.013472	
133.7537	-562.039427	-562.022199	-562.00452	-562.013472	
133.7639	-562.039427	-562.022199	-562.00452	-562.013472	
133.7741	-562.039427	-562.022199	-562.00452	-562.013472	
133.7943	-562.039427	-562.022199	-562.00452	-562.013472	
133.799	-562.039427	-562.022199	-562.00452	-562.013472	
133.8092	-562.039427	-562.022199	-562.00452	-562.013472	
133.8194	-562.039427	-562.022199	-562.00452	-562.013472	
133.8295	-562.039427	-562.022199	-562.00452	-562.013472	
133.8397	-562.039427	-562.022199	-562.00452	-562.013472	
133.8499	-562.039427	-562.022199	-562.00452	-562.013472	
133.86	-562.039427	-562.022199	-562.00452	-562.013472	
133.8702	-562.039427	-562.022199	-562.00452	-562.013472	
133.8803	-562.039427	-562.022199	-562.00452	-562.013472	
133.8905	-562.039427	-562.022199	-562.00452	-562.013472	
133.9006	-562.039427	-562.022199	-562.00452	-562.013472	
133.9109	-562.039427	-562.022199	-562.00452	-562.013472	
133.9209	-562.039427	-562.022199	-562.00452	-562.013472	
133.9311	-562.039427	-562.022199	-562.00452	-562.013472	
133.9414	-562.039427	-562.022199	-562.00452	-562.013472	
133.9517	-562.039427	-562.022199	-562.00452	-562.013472	
133.9618	-562.039427	-562.022199	-562.00452	-562.013472	
133.9719	-562.039427	-562.022199	-562.00452	-562.013472	
133.9821	-562.039427	-562.022199	-562.00452	-562.013472	
133.9924	-562.039427	-562.022199	-562.00452	-562.013472	
134.0024	-562.039427	-562.022199	-562.00452	-562.013472	
134.0126	-562.039427	-562.022199	-562.00452	-562.013472	
134.0228	-562.039427	-562.022199	-562.00452	-562.013472	
134.0329	-562.039427	-562.022199	-562.00452	-562.013472	
134.0431	-562.039427	-562.022199	-562.00452	-562.013472	
134.0533	-562.039427	-562.022199	-562.00452	-562.013472	
134.0714	-562.039427	-562.022199	-562.00452	-562.013472	
134.0761	-562.039427	-562.022199	-562.00452	-562.013472	
134.0863	-562.039427	-562.022199	-562.00452	-562.013472	
134.0964	-562.039427	-562.022199	-562.00452	-562.013472	
134.1065	-562.039427	-562.022199	-562.00452	-562.013472	
134.1168	-562.039427	-562.022199	-562.00452	-562.013472	
134.1269	-562.039427	-562.022199	-562.00452	-562.013472	
134.137	-562.039427	-562.022199	-562.00452	-562.013472	
134.1472	-562.039427	-562.022199	-562.00452	-562.013472	
134.1574	-562.039427	-562.022199	-562.00452	-562.013472	
134.1676	-562.039427	-562.022199	-562.00452	-562.013472	
134.1776	-562.039427	-562.022199	-562.00452	-562.013472	
134.1879	-562.039427	-562.022199	-562.00452	-562.013472	
134.1981	-562.039427	-562.022199	-562.00452	-562.013472	
134.2082	-562.039427	-562.022199	-562.00452	-562.013472	
134.2183	-562.039427	-562.022199	-562.00452	-562.013472	
134.2284	-562.039427	-562.022199	-562.00452	-562.013472	
134.2386	-562.039427	-562.022199	-562.00452	-562.013472	
134.2488	-562.039427	-562.022199	-562.00452	-562.013472	
134.2589	-562.039427	-562.022199	-562.00452	-562.013472	
134.2691	-562.039427	-562.022199	-562.00452	-562.013472	
134.2872	-562.039427	-562.022199	-562.00452	-562.013472	
134.2918	-562.039427	-562.022199	-562.00452	-562.013472	
134.3021	-562.039427	-562.022199	-562.00452	-562.013472	
134.3122	-562.039427	-562.022199	-562.00452	-562.013472	
134.3223	-562.039427	-562.022199	-562.00452	-562.013472	
134.3325	-562.039427	-562.022199	-562.00452	-562.013472	
134.3427	-562.039427	-562.022199	-562.00452	-562.013472	
134.3528	-562.039427	-562.022199	-562.00452	-562.013472	
134.3629	-562.039427	-562.022199	-562.00452	-562.013472	
134.3731	-562.039427	-562.022199	-562.00452	-562.013472	
134.3833	-562.039427	-562.022199	-562.00452	-562.013472	
134.4014	-562.039427	-562.022199	-562.00452	-562.013472	
134.408	-562.039427	-562.022199	-562.00452	-562.013472	
134.4163	-562.039427	-562.022199	-562.00452	-562.013472	
134.4263	-562.039427	-562.022199	-562.00452	-562.013472	
134.4367	-562.039427	-562.022199	-562.00452	-562.013472	
134.4468	-562.039427	-562.022199	-562.00452	-562.013472	
134.457	-562.039427	-562.022199	-562.00452	-562.013472	
134.4671	-562.039427	-562.022199	-562.00452	-562.013472	
134.4773	-562.039427	-562.022199	-562.00452	-562.013472	
134.4955	-562.039427	-562.022199	-562.00452	-562.013472	
134.5001	-562.039427	-562.022199	-562.00452	-562.013472	
134.5103	-562.039427	-562.022199	-562.00452	-562.013472	
134.5205	-562.039427	-562.022199	-562.00452	-562.013472	
134.5306	-562.039427	-562.022199	-562.00452	-562.013472	
134.5409	-562.039427	-562.022199	-562.00452	-562.013472	
134.551	-562.039427	-562.022199	-562.00452	-562.013472	
134.5611	-562.039427	-562.022199	-562.00452	-562.013472	
134.5712	-562.039427	-562.022199	-562.00452	-562.013472	
134.5815	-562.039427	-562.022199	-562.00452	-562.013472	
134.5917	-562.039427	-562.022199	-562.00452	-562.013472	
134.6018	-562.039427	-562.022199	-562.00452	-562.013472	
134.6119	-562.039427	-562.022199	-562.00452	-562.013472	
134.6222	-562.039427	-562.022199	-562.00452	-562.013472	
134.6324	-562.039427	-562.022199	-562.00452	-562.013472	
134.6425	-562.039427	-562.022199	-562.00452	-562.013472	
134.6527	-562.039427	-562.022199	-562.00452	-562.013472	
134.6628	-562.039427	-562.022199	-562.00452	-562.013472	
134.673	-562.039427	-562.022199	-562.00452	-562.013472	
134.6833	-562.039427	-562.022199	-562.00452	-562.013472	
134.6935	-562.039427	-562.022199	-562.00452	-562.013472	
134.7037	-562.039427	-562.022199	-562.00452	-562.013472	
134.7139	-562.039427	-562.022199	-562.00452	-562.013472	
134.724	-562.039427	-562.022199	-562.00452	-562.013472	
134.7342	-562.039427	-562.022199	-562.00452	-562.013472	
134.7444	-562.039427	-562.022199	-562.00452	-562.013472	
134.7545	-562.039427	-562.022199	-562.00452	-562.013472	
134.7646	-562.039427	-562.022199	-562.00452	-562.013472	
134.7747	-562.039427	-562.022199	-562.00452	-562.013472	
134.7872	-562.039427	-562.022199	-562.00452	-562.013472	
134.795	-562.039427	-562.022199	-562.00452	-562.013472	
134.8052	-562.039427	-562.022199	-562.00452	-562.013472	
134.8154	-562.039427	-562.022199	-562.00452	-562.013472	
134.8335	-562.039427	-562.022199	-562.00452	-562.013472	
134.8382	-562.039427	-562.022199	-562.00452	-562.013472	
134.8484	-562.039427	-562.022199	-562.00452	-562.013472	
134.8585	-562.039427	-562.022199	-562.00452	-562.013472	
134.8686	-562.039427	-562.022199	-562.00452	-562.013472	
134.8788	-562.039427	-562.022199	-562.00452	-562.013472	
134.8889	-562.039427	-562.022199	-562.00452	-562.013472	
134.8991	-562.039427	-562.022199	-562.00452	-562.013472	
134.9093	-562.039427	-562.022199	-562.00452	-562.013472	
134.9195	-562.039427	-562.022199	-562.00452	-562.013472	
134.9296	-562.039427	-562.022199	-562.00452	-562.013472	
134.94	-562.039427	-562.022199	-562.00452	-562.013472	
134.9499	-562.039427	-562.022199	-562.00452	-562.013472	
134.9601	-562.039427	-562.022199	-562.00452	-562.013472	
134.9702	-562.039427	-562.022199	-562.00452	-562.013472	
134.9803	-562.039427	-562.022199	-562.00452	-562.013472	
134.9905	-562.039427	-562.022199	-562.00452	-562.013472	
135.0007	-562.039427	-562.022199	-562.00452	-562.013472	
135.0187	-562.039427	-562.022199	-562.00452	-562.013472	
135.0233	-562.039427	-562.022199	-562.00452	-562.013472	
135.0337	-562.039427	-562.022199	-562.00452	-562.013472	
135.0437	-562.039427	-562.022199	-562.00452	-562.013472	
135.0538	-562.039427	-562.022199	-562.00452	-562.013472	
135.064	-562.039427	-562.022199	-562.00452	-562.013472	
135.0742	-562.039427	-562.022199	-562.00452	-562.013472	
135.0843	-562.039427	-562.022199	-562.00452	-562.013472	
135.0945	-562.039427	-562.022199	-562.00452	-562.013472	
135.1047	-562.039427	-562.022199	-562.00452	-562.013472	
135.1148	-562.039427	-562.022199	-562.00452	-562.013472	
135.1249	-562.039427	-562.022199	-562.00452	-562.013472	
135.1351	-562.039427	-562.022199	-562.00452	-562.013472	
135.1453	-562.039427	-562.022199	-562.00452	-562.013472	
135.1554	-562.039427	-562.022199	-562.00452	-562.013472	
135.1656	-562.039427	-562.022199	-562.00452	-562.013472	
135.1758	-562.039427	-562.022199	-562.00452	-562.013472	
135.1861	-562.039427	-562.022199	-562.00452	-562.013472	
135.1961	-562.039427	-562.022199	-562.00452	-562.013472	
135.2063	-562.039427	-562.022199	-562.00452	-562.013472	
135.2168	-562.039427	-562.022199	-562.00452	-562.013472	
135.2269	-562.039427	-562.022199	-562.00452	-562.013472	
135.237	-562.039427	-562.022199	-562.00452	-562.013472	
135.2472	-562.039427	-562.022199	-562.00452	-562.013472	
135.2573	-562.039427	-562.022199	-562.00452	-562.013472	
135.2675	-562.039427	-562.022199	-562.00452	-562.013472	
135.2776	-562.039427	-562.022199	-562.00452	-562.013472	
135.2879	-562.039427	-562.022199	-562.00452	-562.013472	
135.2984	-562.039427	-562.022199	-562.00452	-562.013472	
135.3083	-562.039427	-562.022199	-562.00452	-562.013472	
135.3183	-562.039427	-562.022199	-562.00452	-562.013472	
135.3285	-562.039427	-562.022199	-562.00452	-562.013472	
135.3386	-562.039427	-562.022199	-562.00452	-562.013472	
135.3488	-562.039427	-562.022199	-562.00452	-562.013472	
135.3589	-562.039427	-562.022199	-562.00452	-562.013472	
135.369	-562.039427	-562.022199	-562.00452	-562.013472	
135.3793	-562.039427	-562.022199	-562.00452	-562.013472	
135.3894	-562.039427	-562.022199	-562.00452	-562.013472	
135.3995	-562.039427	-562.022199	-562.00452	-562.013472	
135.4097	-562.039427	-562.022199	-562.00452	-562.013472	
135.4217	-562.039427	-562.022199	-562.00452	-562.013472	
135.43	-562.039427	-562.022199	-562.00452	-562.013472	
135.4402	-562.039427	-562.022199	-562.00452	-562.013472	
135.4503	-562.039427	-562.022199	-562.00452	-562.013472	
135.4605	-562.039427	-562.022199	-562.00452	-562.013472	
135.4707	-562.039427	-562.022199	-562.00452	-562.013472	
135.4808	-562.039427	-562.022199	-562.00452	-562.013472	
135.491	-562.039427	-562.022199	-562.00452	-562.013472	
135.5011	-562.039427	-562.022199	-562.00452	-562.013472	
135.5113	-562.039427	-562.022199	-562.00452	-562.013472	
135.5215	-562.039427	-562.022199	-562.00452	-562.013472	
135.5316	-562.039427	-562.022199	-562.00452	-562.013472	
135.5418	-562.039427	-562.022199	-562.00452	-562.013472	
135.552	-562.039427	-562.022199	-562.00452	-562.013472	
135.5622	-562.039427	-562.022199	-562.00452	-562.013472	
135.5723	-562.039427	-562.022199	-562.00452	-562.013472	
135.5826	-562.039427	-562.022199	-562.00452	-562.013472	
135.5927	-562.039427	-562.022199	-562.00452	-562.004746	
135.6028	-562.039427	-562.022199	-562.00452	-562.004746	
135.613	-562.039427	-562.022199	-562.00452	-562.004746	
135.6232	-562.039427	-562.022199	-562.00452	-562.004746	
135.6333	-562.039427	-562.022199	-562.00452	-562.004746	
135.6435	-562.039427	-562.022199	-562.00452	-562.004746	
135.6536	-562.039427	-562.022199	-562.00452	-562.004746	
135.6639	-562.039427	-562.022199	-562.00452	-562.004746	
135.6741	-562.039427	-562.022199	-562.00452	-562.004746	
135.6842	-562.039427	-562.022199	-562.00452	-562.004746	
135.6944	-562.039427	-562.022199	-562.00452	-562.004746	
135.7046	-562.039427	-562.022199	-562.00452	-562.004746	
135.7146	-562.039427	-562.022199	-562.00452	-562.004746	
135.7248	-562.039427	-562.022199	-562.00452	-562.004746	
135.735	-562.039427	-562.022199	-562.00452	-562.004746	
135.7451	-562.039427	-562.022199	-562.00452	-562.004746	
135.7553	-562.039427	-562.022199	-562.00452	-562.004746	
135.7655	-562.039427	-562.022199	-562.00452	-562.004746	
135.7836	-562.039427	-562.022199	-562.00452	-562.004746	
135.7902	-562.039427	-562.022199	-562.00452	-562.004746	
135.7986	-562.039427	-562.022199	-562.00452	-562.004746	
135.8086	-562.039427	-562.022199	-562.00452	-562.004746	
135.8187	-562.039427	-562.022199	-562.00452	-562.004746	
135.8289	-562.039427	-562.022199	-562.00452	-562.004746	
135.839	-562.039427	-562.022199	-562.00452	-562.004746	
135.8492	-562.039427	-562.022199	-562.00452	-562.004746	
135.8594	-562.039427	-562.022199	-562.00452	-562.004746	
135.8695	-562.039427	-562.022199	-562.00452	-562.004746	
135.8797	-562.039427	-562.022199	-562.00452	-562.004746	
135.8898	-562.039427	-562.022199	-562.00452	-562.004746	
135.9	-562.039427	-562.022199	-562.00452	-562.004746	
135.9102	-562.039427	-562.022199	-562.00452	-562.004746	
135.9203	-562.039427	-562.022199	-562.00452	-562.004746	
135.9305	-562.039427	-562.022199	-562.00452	-562.004746	
135.9406	-562.039427	-562.022199	-562.00452	-562.004746	
135.9509	-562.039427	-562.022199	-562.00452	-562.004746	
135.961	-562.039427	-562.022199	-562.00452	-562.004746	
135.9711	-562.039427	-562.022199	-562.00452	-562.004746	
135.9813	-562.039427	-562.022199	-562.00452	-562.004746	
135.9914	-562.039427	-562.022199	-562.00452	-562.004746	
136.0016	-562.039427	-562.022199	-562.00452	-562.004746	
136.0118	-562.039427	-562.022199	-562.00452	-562.004746	
136.0219	-562.039427	-562.022199	-562.00452	-562.004746	
136.0321	-562.039427	-562.022199	-562.00452	-562.004746	
136.0423	-562.039427	-562.022199	-562.00452	-562.004746	
136.0524	-562.039427	-562.022199	-562.00452	-562.004746	
136.0626	-562.039427	-562.022199	-562.00452	-562.004746	
136.0728	-562.039427	-562.022199	-562.00452	-562.004746	
136.0829	-562.039427	-562.022199	-562.00452	-562.004746	
136.0931	-562.039427	-562.022199	-562.00452	-562.004746	
136.1034	-562.039427	-562.022199	-562.00452	-562.004746	
136.1135	-562.039427	-562.022199	-562.00452	-562.004746	
136.1237	-562.039427	-562.022199	-562.00452	-562.004746	
136.1338	-562.039427	-562.022199	-562.00452	-562.004746	
136.144	-562.039427	-562.022199	-562.00452	-562.004746	
136.1542	-562.039427	-562.022199	-562.00452	-562.004746	
136.1643	-562.039427	-562.022199	-562.00452	-562.004746	
136.1745	-562.039427	-562.022199	-562.00452	-562.004746	
136.1847	-562.039427	-562.022199	-562.00452	-562.004746	
136.1948	-562.039427	-562.022199	-562.00452	-562.004746	
136.2049	-562.039427	-562.022199	-562.00452	-562.004746	
136.2151	-562.039427	-562.022199	-562.00452	-562.004746	
136.2253	-562.039427	-562.022199	-562.00452	-562.004746	
136.2354	-562.039427	-562.022199	-562.00452	-562.004746	
136.2457	-562.039427	-562.022199	-562.00452	-562.004746	
136.2558	-562.039427	-562.022199	-562.00452	-562.004746	
136.2662	-562.039427	-562.022199	-562.00452	-562.004746	
136.2763	-562.039427	-562.022199	-562.00452	-562.004746	
136.2864	-562.039427	-562.022199	-562.00452	-562.004746	
136.2967	-562.039427	-562.022199	-562.00452	-562.004746	
136.3068	-562.039427	-562.022199	-562.00452	-562.004746	
136.317	-562.039427	-562.022199	-562.00452	-562.004746	
136.3271	-562.039427	-562.022199	-562.00452	-562.004746	
136.3372	-562.039427	-562.022199	-562.00452	-562.004746	
136.3474	-562.039427	-562.022199	-562.00452	-562.004746	
136.3576	-562.039427	-562.022199	-562.00452	-562.004746	
136.3756	-562.039427	-562.022199	-562.00452	-562.004746	
136.3803	-562.039427	-562.022199	-562.00452	-562.004746	
136.3905	-562.039427	-562.022199	-562.00452	-562.004746	
136.4006	-562.039427	-562.022199	-562.00452	-562.004746	
136.4108	-562.039427	-562.022199	-562.00452	-562.004746	
136.421	-562.039427	-562.022199	-562.00452	-562.004746	
136.4312	-562.039427	-562.022199	-562.00452	-562.004746	
136.4413	-562.039427	-562.022199	-562.00452	-562.004746	
136.4515	-562.039427	-562.022199	-562.00452	-562.004746	
136.4617	-562.039427	-562.022199	-562.00452	-562.004746	
136.4719	-562.039427	-562.022199	-562.00452	-562.004746	
136.482	-562.039427	-562.022199	-562.00452	-562.004746	
136.4922	-562.039427	-562.022199	-562.00452	-562.004746	
136.5024	-562.039427	-562.022199	-562.00452	-562.004746	
136.5126	-562.039427	-562.022199	-562.00452	-562.004746	
136.5227	-562.039427	-562.022199	-562.00452	-562.004746	
136.5328	-562.039427	-562.022199	-562.00452	-562.004746	
136.5431	-562.039427	-562.022199	-562.00452	-562.004746	
136.5532	-562.039427	-562.022199	-562.00452	-562.004746	
136.5714	-562.039427	-562.022199	-562.00452	-562.004746	
136.5762	-562.039427	-562.022199	-562.00452	-562.004746	
136.5863	-562.039427	-562.022199	-562.00452	-562.004746	
136.5964	-562.039427	-562.022199	-562.00452	-562.004746	
136.6066	-562.039427	-562.022199	-562.00452	-562.004746	
136.6168	-562.039427	-562.022199	-562.00452	-562.004746	
136.627	-562.039427	-562.022199	-562.00452	-562.004746	
136.6371	-562.039427	-562.022199	-562.00452	-562.004746	
136.6473	-562.039427	-562.022199	-562.00452	-562.004746	
136.6574	-562.039427	-562.022199	-562.00452	-562.004746	
136.6676	-562.039427	-562.022199	-562.00452	-562.004746	
136.6777	-562.039427	-562.022199	-562.00452	-562.004746	
136.688	-562.039427	-562.022199	-562.00452	-562.004746	
136.6981	-562.039427	-562.022199	-562.00452	-562.004746	
136.7082	-562.039427	-562.022199	-562.00452	-562.004746	
136.7184	-562.039427	-562.022199	-562.00452	-562.004746	
136.7286	-562.039427	-562.022199	-562.00452	-562.004746	
136.7387	-562.039427	-562.022199	-562.00452	-562.004746	
136.7489	-562.039427	-562.022199	-562.00452	-562.004746	
136.759	-562.039427	-562.022199	-562.00452	-562.004746	
136.7691	-562.039427	-562.022199	-562.00452	-562.004746	
136.7794	-562.039427	-562.022199	-562.00452	-562.004746	
136.7918	-562.039427	-562.022199	-562.00452	-562.004746	
136.7996	-562.039427	-562.022199	-562.00452	-562.004746	
136.8098	-562.039427	-562.022199	-562.00452	-562.004746	
136.8199	-562.039427	-562.022199	-562.00452	-562.004746	
136.83	-562.039427	-562.022199	-562.00452	-562.004746	
136.8403	-562.039427	-562.022199	-562.00452	-562.004746	
136.8503	-562.039427	-562.022199	-562.00452	-562.004746	
136.8607	-562.039427	-562.022199	-562.00452	-562.013472	
136.8709	-562.039427	-562.022199	-562.00452	-562.013472	
136.881	-562.039427	-562.022199	-562.00452	-562.013472	
136.8911	-562.039427	-562.022199	-562.00452	-562.013472	
136.9013	-562.039427	-562.022199	-562.00452	-562.013472	
136.9115	-562.039427	-562.022199	-562.00452	-562.013472	
136.9216	-562.039427	-562.022199	-562.00452	-562.013472	
136.9318	-562.039427	-562.022199	-562.00452	-562.013472	
136.942	-562.039427	-562.022199	-562.00452	-562.013472	
136.9521	-562.039427	-562.022199	-562.00452	-562.013472	
136.9623	-562.039427	-562.022199	-562.00452	-562.013472	
136.9724	-562.039427	-562.022199	-562.00452	-562.013472	
136.9907	-562.039427	-562.022199	-562.00452	-562.013472	
136.9954	-562.039427	-562.022199	-562.00452	-562.013472	
137.0055	-562.039427	-562.022199	-562.00452	-562.013472	
137.0157	-562.039427	-562.022199	-562.00452	-562.013472	
137.0259	-562.039427	-562.022199	-562.00452	-562.013472	
137.0363	-562.039427	-562.022199	-562.00452	-562.013472	
137.0463	-562.039427	-562.022199	-562.00452	-562.013472	
137.0564	-562.039427	-562.022199	-562.00452	-562.013472	
137.0665	-562.039427	-562.022199	-562.00452	-562.013472	
137.0767	-562.039427	-562.022199	-562.00452	-562.013472	
137.0869	-562.039427	-562.022199	-562.00452	-562.013472	
137.0971	-562.039427	-562.022199	-562.00452	-562.013472	
137.1071	-562.039427	-562.022199	-562.00452	-562.013472	
137.1173	-562.039427	-562.022199	-562.00452	-562.013472	
137.1275	-562.039427	-562.022199	-562.00452	-562.013472	
137.1376	-562.039427	-562.022199	-562.00452	-562.013472	
137.1478	-562.039427	-562.022199	-562.00452	-562.013472	
137.158	-562.039427	-562.022199	-562.00452	-562.013472	
137.1681	-562.039427	-562.022199	-562.00452	-562.013472	
137.1783	-562.039427	-562.022199	-562.00452	-562.013472	
137.1884	-562.039427	-562.022199	-562.00452	-562.013472	
137.1986	-562.039427	-562.022199	-562.00452	-562.013472	
137.2088	-562.039427	-562.022199	-562.00452	-562.013472	
137.2189	-562.039427	-562.022199	-562.00452	-562.013472	
137.229	-562.039427	-562.022199	-562.00452	-562.013472	
137.2393	-562.039427	-562.022199	-562.00452	-562.013472	
137.2494	-562.039427	-562.022199	-562.00452	-562.013472	
137.2595	-562.039427	-562.022199	-562.00452	-562.013472	
137.2698	-562.039427	-562.022199	-562.00452	-562.013472	
137.28	-562.039427	-562.022199	-562.00452	-562.013472	
137.2902	-562.039427	-562.022199	-562.00452	-562.013472	
137.3003	-562.039427	-562.022199	-562.00452	-562.013472	
137.3105	-562.039427	-562.022199	-562.00452	-562.013472	
137.3207	-562.039427	-562.022199	-562.00452	-562.013472	
137.3309	-562.039427	-562.022199	-562.00452	-562.013472	
137.341	-562.039427	-562.022199	-562.00452	-562.013472	
137.3512	-562.039427	-562.022199	-562.00452	-562.013472	
137.3613	-562.039427	-562.022199	-562.00452	-562.013472	
137.3714	-562.039427	-562.022199	-562.00452	-562.013472	
137.3816	-562.039427	-562.022199	-562.00452	-562.013472	
137.3918	-562.039427	-562.022199	-562.00452	-562.013472	
137.402	-562.039427	-562.022199	-562.00452	-562.013472	
137.4121	-562.039427	-562.022199	-562.00452	-562.013472	
137.4232	-562.039427	-562.022199	-562.00452	-562.013472	
137.4329	-562.039427	-562.022199	-562.00452	-562.013472	
137.4431	-562.039427	-562.022199	-562.00452	-562.013472	
137.4533	-562.039427	-562.022199	-562.00452	-562.013472	
137.4634	-562.039427	-562.022199	-562.00452	-562.013472	
137.4741	-562.039427	-562.022199	-562.00452	-562.013472	
137.4842	-562.039427	-562.022199	-562.00452	-562.013472	
137.4944	-562.039427	-562.022199	-562.00452	-562.013472	
137.5046	-562.039427	-562.022199	-562.00452	-562.013472	
137.5147	-562.039427	-562.022199	-562.00452	-562.013472	
137.5248	-562.039427	-562.022199	-562.00452	-562.013472	
137.5352	-562.039427	-562.022199	-562.00452	-562.013472	
137.5452	-562.039427	-562.022199	-562.00452	-562.013472	
137.5553	-562.039427	-562.022199	-562.00452	-562.013472	
137.5655	-562.039427	-562.022199	-562.00452	-562.013472	
137.5756	-562.039427	-562.022199	-562.00452	-562.013472	
137.5859	-562.039427	-562.022199	-562.00452	-562.013472	
137.596	-562.039427	-562.022199	-562.00452	-562.013472	
137.6062	-562.039427	-562.022199	-562.00452	-562.013472	
137.6163	-562.039427	-562.022199	-562.00452	-562.013472	
137.6265	-562.039427	-562.022199	-562.00452	-562.013472	
137.6367	-562.039427	-562.022199	-562.00452	-562.013472	
137.6469	-562.039427	-562.022199	-562.00452	-562.013472	
137.657	-562.039427	-562.022199	-562.00452	-562.013472	
137.6671	-562.039427	-562.022199	-562.00452	-562.013472	
137.6773	-562.039427	-562.022199	-562.00452	-562.013472	
137.6874	-562.039427	-562.022199	-562.00452	-562.013472	
137.6976	-562.039427	-562.022199	-562.00452	-562.013472	
137.7077	-562.039427	-562.022199	-562.00452	-562.013472	
137.7179	-562.039427	-562.022199	-562.00452	-562.013472	
137.7281	-562.039427	-562.022199	-562.00452	-562.013472	
137.7382	-562.039427	-562.022199	-562.00452	-562.013472	
137.7484	-562.039427	-562.022199	-562.00452	-562.013472	
137.7586	-562.039427	-562.022199	-562.00452	-562.013472	
137.7687	-562.039427	-562.022199	-562.00452	-562.013472	
137.7788	-562.039427	-562.022199	-562.00452	-562.013472	
137.7894	-562.039427	-562.022199	-562.00452	-562.013472	
137.8071	-562.039427	-562.022199	-562.00452	-562.013472	
137.8117	-562.039427	-562.022199	-562.00452	-562.013472	
137.8219	-562.039427	-562.022199	-562.00452	-562.013472	
137.8321	-562.039427	-562.022199	-562.00452	-562.013472	
137.8423	-562.039427	-562.022199	-562.00452	-562.013472	
137.8524	-562.039427	-562.022199	-562.00452	-562.013472	
137.8626	-562.039427	-562.022199	-562.00452	-562.013472	
137.8728	-562.039427	-562.022199	-562.00452	-562.013472	
137.8829	-562.039427	-562.022199	-562.00452	-562.013472	
137.8931	-562.039427	-562.022199	-562.00452	-562.013472	
137.9033	-562.039427	-562.022199	-562.00452	-562.013472	
137.9134	-562.039427	-562.022199	-562.00452	-562.013472	
137.9236	-562.039427	-562.022199	-562.00452	-562.013472	
137.9337	-562.039427	-562.022199	-562.00452	-562.013472	
137.9519	-562.039427	-562.022199	-562.00452	-562.013472	
137.9565	-562.039427	-562.022199	-562.00452	-562.013472	
137.9669	-562.039427	-562.022199	-562.00452	-562.013472	
137.9769	-562.039427	-562.022199	-562.00452	-562.013472	
137.987	-562.039427	-562.022199	-562.00452	-562.013472	
137.9972	-562.039427	-562.022199	-562.00452	-562.013472	
138.0074	-562.039427	-562.022199	-562.00452	-562.013472	
138.0174	-562.039427	-562.022199	-562.00452	-562.013472	
138.0276	-562.039427	-562.022199	-562.00452	-562.013472	
138.0378	-562.039427	-562.022199	-562.00452	-562.013472	
138.048	-562.039427	-562.022199	-562.00452	-562.013472	
138.0581	-562.039427	-562.022199	-562.00452	-562.013472	
138.0682	-562.039427	-562.022199	-562.00452	-562.013472	
138.0785	-562.039427	-562.022199	-562.00452	-562.013472	
138.0886	-562.039427	-562.022199	-562.00452	-562.013472	
138.0987	-562.039427	-562.022199	-562.00452	-562.013472	
138.1089	-562.039427	-562.022199	-562.00452	-562.013472	
138.1191	-562.039427	-562.022199	-562.00452	-562.013472	
138.1373	-562.039427	-562.022199	-562.00452	-562.013472	
138.1419	-562.039427	-562.022199	-562.00452	-562.013472	
138.1521	-562.039427	-562.022199	-562.00452	-562.013472	
138.1623	-562.039427	-562.022199	-562.00452	-562.013472	
138.1724	-562.039427	-562.022199	-562.00452	-562.013472	
138.1826	-562.039427	-562.022199	-562.00452	-562.013472	
138.1929	-562.039427	-562.022199	-562.00452	-562.013472	
138.2029	-562.039427	-562.022199	-562.00452	-562.013472	
138.2131	-562.039427	-562.022199	-562.00452	-562.013472	
138.2233	-562.039427	-562.022199	-562.00452	-562.013472	
138.2334	-562.039427	-562.022199	-562.00452	-562.013472	
138.2436	-562.039427	-562.022199	-562.00452	-562.013472	
138.2538	-562.039427	-562.022199	-562.00452	-562.013472	
138.264	-562.039427	-562.022199	-562.00452	-562.013472	
138.2741	-562.039427	-562.022199	-562.00452	-562.013472	
138.2843	-562.039427	-562.022199	-562.00452	-562.013472	
138.2945	-562.039427	-562.022199	-562.00452	-562.013472	
138.3047	-562.039427	-562.022199	-562.00452	-562.013472	
