144.8823	-582.048003	-582.041126	-582.013097	-581.988766	
144.8924	-582.054468	-582.041126	-582.019561	-581.988766	
144.9026	-582.063039	-582.041126	-582.028132	-581.988766	
144.9129	-582.073914	-582.041126	-582.039008	-581.988766	
144.923	-582.086607	-582.049852	-582.0517	-581.997492	
144.9332	-582.101371	-582.049852	-582.066465	-581.997492	
144.9434	-582.118499	-582.058579	-582.083593	-582.014946	
144.9536	-582.137403	-582.067306	-582.102497	-582.032399	
144.9637	-582.158199	-582.084759	-582.123292	-582.058579	
144.9738	-582.181269	-582.102212	-582.146362	-582.093485	
144.9839	-582.206249	-582.137119	-582.171343	-582.119665	
144.9941	-582.233568	-582.172025	-582.198661	-582.154572	
145.0043	-582.26278	-582.206932	-582.227873	-582.198205	
145.0144	-582.29405	-582.250565	-582.259144	-582.224385	
145.0247	-582.327668	-582.285472	-582.292761	-582.259292	
145.0348	-582.363172	-582.329105	-582.328265	-582.302925	
145.0451	-582.401238	-582.364012	-582.366331	-582.337832	
145.0552	-582.440348	-582.398918	-582.405441	-582.372738	
145.0653	-582.482125	-582.442551	-582.447219	-582.416371	
145.0754	-582.525495	-582.477458	-582.490588	-582.451278	
145.0856	-582.571235	-582.521091	-582.536328	-582.494911	
145.0958	-582.619292	-582.573451	-582.584385	-582.538544	
145.1059	-582.669071	-582.625811	-582.634164	-582.590904	
145.1161	-582.720894	-582.678171	-582.685987	-582.643264	
145.1262	-582.774911	-582.730531	-582.740004	-582.695624	
145.1364	-582.831353	-582.782891	-582.796446	-582.739257	
145.1465	-582.889058	-582.83525	-582.854151	-582.800344	
145.1568	-582.949943	-582.896337	-582.915036	-582.852704	
145.1669	-583.011771	-582.948697	-582.976864	-582.905064	
145.177	-583.075879	-583.009783	-583.040972	-582.974877	
145.1872	-583.142768	-583.079597	-583.107862	-583.04469	
145.1973	-583.210962	-583.140683	-583.176055	-583.105776	
145.2075	-583.281457	-583.20177	-583.24655	-583.184316	
145.2177	-583.354549	-583.280309	-583.319643	-583.254129	
145.2278	-583.428929	-583.358849	-583.394023	-583.332669	
145.2384	-583.508733	-583.437389	-583.473827	-583.411209	
145.2481	-583.584332	-583.524655	-583.549426	-583.498476	
145.2583	-583.664969	-583.603195	-583.630062	-583.577015	
145.2684	-583.747751	-583.690462	-583.712845	-583.673008	
145.2786	-583.832747	-583.786455	-583.797841	-583.760275	
145.2888	-583.920279	-583.882448	-583.885372	-583.856268	
145.2989	-584.009125	-583.969714	-583.974219	-583.952261	
145.3091	-584.100358	-584.056981	-584.065451	-584.039528	
145.3272	-584.271354	-584.161701	-584.236448	-584.135521	
145.3319	-584.315191	-584.283874	-584.280285	-584.26642	
145.3421	-584.41342	-584.379867	-584.378513	-584.353687	
145.3523	-584.513565	-584.484587	-584.478658	-584.458407	
145.3624	-584.615171	-584.589306	-584.580264	-584.563126	
145.3725	-584.716351	-584.702753	-584.681444	-584.659119	
145.3828	-584.818751	-584.807472	-584.783844	-584.763839	
145.393	-584.920811	-584.912192	-584.885904	-584.859832	
145.4032	-585.022591	-585.016912	-584.987684	-584.973279	
145.4132	-585.123201	-585.130358	-585.088294	-585.077998	
145.4235	-585.225831	-585.235078	-585.190924	-585.182718	
145.4337	-585.327831	-585.339798	-585.292924	-585.287438	
145.4437	-585.428231	-585.444518	-585.393324	-585.400884	
145.4539	-585.530541	-585.549237	-585.495634	-585.505604	
145.4641	-585.632131	-585.645231	-585.597224	-585.619051	
145.4742	-585.733151	-585.732497	-585.698244	-585.72377	
145.4843	-585.834301	-585.837217	-585.799394	-585.837217	
145.4946	-585.937051	-585.93321	-585.902144	-585.941936	
145.5048	-586.039041	-586.029203	-586.004134	-586.03793	
145.515	-586.140581	-586.116469	-586.105674	-586.133923	
145.5251	-586.242081	-586.212463	-586.207174	-586.238642	
145.5353	-586.343981	-586.308456	-586.309074	-586.325909	
145.5458	-586.449381	-586.413175	-586.414474	-586.430629	
145.5558	-586.549181	-586.509168	-586.514274	-586.517895	
145.566	-586.651061	-586.613888	-586.616154	-586.613888	
145.5761	-586.752231	-586.718608	-586.717324	-586.709881	
145.5862	-586.853321	-586.823328	-586.818414	-586.797148	
145.5964	-586.955341	-586.936774	-586.920434	-586.884414	
145.6066	-587.056731	-587.041494	-587.021824	-586.980407	
145.6168	-587.158731	-587.163667	-587.123824	-587.0764	
145.6269	-587.260471	-587.268387	-587.225564	-587.172394	
145.6372	-587.363761	-587.373106	-587.328854	-587.268387	
145.6473	-587.463901	-587.477826	-587.428994	-587.373106	
145.6575	-587.565661	-587.591273	-587.530754	-587.477826	
145.6675	-587.666561	-587.695992	-587.631654	-587.591273	
145.6777	-587.768151	-587.791985	-587.733244	-587.704719	
145.688	-587.870661	-587.896705	-587.835754	-587.818165	
145.6981	-587.972321	-587.992698	-587.937414	-587.931612	
145.7082	-588.072701	-588.097418	-588.037794	-588.045058	
145.7183	-588.174181	-588.184685	-588.139274	-588.149778	
145.7285	-588.276061	-588.280678	-588.241154	-588.254498	
145.7386	-588.377241	-588.376671	-588.342334	-588.367944	
145.7488	-588.479521	-588.472664	-588.444614	-588.463937	
145.759	-588.580821	-588.568657	-588.545914	-588.55993	
145.7691	-588.682331	-588.66465	-588.647424	-588.66465	
145.7796	-588.786801	-588.760643	-588.751894	-588.751917	
145.7894	-588.885521	-588.856636	-588.850614	-588.839183	
145.7997	-588.987741	-588.952629	-588.952834	-588.92645	
145.812	-589.110961	-589.048623	-589.076054	-589.013716	
145.8199	-589.189711	-589.153342	-589.154804	-589.100982	
145.83	-589.291511	-589.258062	-589.256604	-589.188249	
145.8401	-589.392571	-589.362782	-589.357664	-589.284242	
145.8503	-589.494301	-589.467502	-589.459394	-589.380235	
145.8606	-589.597341	-589.580948	-589.562434	-589.476228	
145.8708	-589.699361	-589.694394	-589.664454	-589.580948	
145.881	-589.801411	-589.807841	-589.766504	-589.694394	
145.8911	-589.902171	-589.921287	-589.867264	-589.799114	
145.9013	-590.003951	-590.026007	-589.969044	-589.912561	
145.9115	-590.106001	-590.130727	-590.071094	-590.026007	
145.9216	-590.207391	-590.235446	-590.172484	-590.14818	
145.9318	-590.308801	-590.33144	-590.273894	-590.270353	
145.942	-590.410671	-590.436159	-590.375764	-590.375073	
145.9521	-590.512511	-590.532152	-590.477604	-590.497246	
145.9625	-590.615991	-590.628146	-590.581084	-590.610692	
145.9724	-590.714651	-590.724139	-590.679744	-590.724139	
145.9825	-590.816161	-590.811405	-590.781254	-590.828858	
145.9927	-590.918031	-590.907398	-590.883124	-590.933578	
146.0186	-591.177531	-591.151744	-591.142624	-591.177924	
146.0234	-591.224771	-591.195378	-591.189864	-591.221557	
146.0335	-591.326501	-591.300097	-591.291594	-591.317551	
146.0436	-591.427351	-591.39609	-591.392444	-591.404817	
146.0538	-591.529141	-591.50081	-591.494234	-591.492084	
146.064	-591.631361	-591.596803	-591.596454	-591.57935	
146.0742	-591.732701	-591.701523	-591.697794	-591.666616	
146.0843	-591.834081	-591.814969	-591.799174	-591.753883	
146.0945	-591.935781	-591.910963	-591.900874	-591.841149	
146.1046	-592.037411	-592.015682	-592.002504	-591.945869	
146.1148	-592.139091	-592.120402	-592.104184	-592.033136	
146.125	-592.240781	-592.225122	-592.205874	-592.137855	
146.1351	-592.341681	-592.329842	-592.306774	-592.242575	
146.1453	-592.444541	-592.434561	-592.409634	-592.356021	
146.1554	-592.545261	-592.539281	-592.510354	-592.469468	
146.1656	-592.646821	-592.644001	-592.611914	-592.582914	
146.1757	-592.748191	-592.748721	-592.713284	-592.713814	
146.1859	-592.850481	-592.844714	-592.815574	-592.818534	
146.1961	-592.951641	-592.949433	-592.916734	-592.940707	
146.2062	-593.052951	-593.06288	-593.018044	-593.06288	
146.2164	-593.155241	-593.1676	-593.120334	-593.1676	
146.2266	-593.256621	-593.263593	-593.221714	-593.272319	
146.2366	-593.357551	-593.368312	-593.322644	-593.377039	
146.2469	-593.459981	-593.473032	-593.425074	-593.481759	
146.2571	-593.562231	-593.577752	-593.527324	-593.569025	
146.2672	-593.663231	-593.673745	-593.628324	-593.656292	
146.2774	-593.765091	-593.778465	-593.730184	-593.752285	
146.2876	-593.866921	-593.874458	-593.832014	-593.830825	
146.2978	-593.968921	-593.970451	-593.934014	-593.918091	
146.3079	-594.069791	-594.075171	-594.034884	-594.005358	
146.3184	-594.175131	-594.171164	-594.140224	-594.083897	
146.3282	-594.273251	-594.267157	-594.238344	-594.179891	
146.3383	-594.374271	-594.36315	-594.339364	-594.267157	
146.3485	-594.475871	-594.459143	-594.440964	-594.354423	
146.3586	-594.577301	-594.555136	-594.542394	-594.459143	
146.3688	-594.679271	-594.651129	-594.644364	-594.555136	
146.379	-594.781101	-594.755849	-594.746194	-594.668583	
146.3891	-594.882391	-594.851842	-594.847484	-594.773302	
146.4072	-595.063431	-594.947835	-595.028524	-594.878022	
146.4119	-595.109991	-595.087462	-595.075084	-595.017649	
146.4221	-595.212101	-595.192182	-595.177194	-595.139822	
146.4323	-595.313811	-595.296901	-595.278904	-595.253268	
146.4424	-595.414841	-595.401621	-595.379934	-595.366714	
146.4526	-595.516671	-595.506341	-595.481764	-595.471434	
146.4627	-595.618241	-595.611061	-595.583334	-595.584881	
146.4729	-595.720501	-595.71578	-595.685594	-595.6896	
146.4831	-595.821751	-595.8205	-595.786844	-595.79432	
146.4933	-595.923751	-595.933946	-595.888844	-595.89904	
146.5035	-596.026111	-596.038666	-595.991204	-596.00376	
146.5136	-596.127071	-596.152113	-596.092164	-596.099753	
146.5237	-596.228341	-596.256832	-596.193434	-596.204472	
146.5339	-596.330081	-596.352825	-596.295174	-596.300466	
146.5441	-596.432011	-596.457545	-596.397104	-596.396459	
146.5542	-596.533611	-596.553538	-596.498704	-596.492452	
146.5644	-596.635121	-596.640805	-596.600214	-596.588445	
146.5745	-596.736111	-596.736798	-596.701204	-596.675711	
146.5847	-596.838301	-596.832791	-596.803394	-596.762978	
146.5949	-596.939891	-596.920057	-596.904984	-596.858971	
146.605	-597.041341	-597.007324	-597.006434	-596.946237	
146.6152	-597.143221	-597.112044	-597.108314	-597.042231	
146.6254	-597.245011	-597.208037	-597.210104	-597.14695	
146.6355	-597.346091	-597.30403	-597.311184	-597.25167	
146.6457	-597.447651	-597.400023	-597.412744	-597.35639	
146.6558	-597.549531	-597.504743	-597.514624	-597.46111	
146.666	-597.651111	-597.600736	-597.616204	-597.565829	
146.6761	-597.752281	-597.714182	-597.717374	-597.688002	
146.6863	-597.854381	-597.818902	-597.819474	-597.792722	
146.6965	-597.956281	-597.932348	-597.921374	-597.914895	
146.7067	-598.058241	-598.045795	-598.023334	-598.019615	
146.7169	-598.159691	-598.159241	-598.124784	-598.141788	
146.727	-598.261081	-598.263961	-598.226174	-598.255234	
146.7371	-598.362261	-598.377407	-598.327354	-598.368681	
146.7474	-598.464631	-598.482127	-598.429724	-598.473401	
146.7575	-598.565611	-598.586847	-598.530704	-598.57812	
146.7677	-598.667631	-598.691567	-598.632724	-598.68284	
146.7778	-598.769071	-598.796286	-598.734164	-598.78756	
146.7879	-598.870161	-598.89228	-598.835254	-598.883553	
146.7982	-598.972631	-598.996999	-598.937724	-598.970819	
146.8083	-599.073751	-599.092992	-599.038844	-599.066812	
146.8184	-599.175231	-599.188986	-599.140324	-599.145352	
146.8285	-599.276341	-599.284979	-599.241434	-599.241345	
146.8387	-599.377991	-599.380972	-599.343084	-599.319885	
146.8489	-599.479931	-599.468238	-599.445024	-599.407152	
146.8672	-599.653644	-599.564231	-599.618738	-599.485691	
146.872	-599.698941	-599.677678	-599.664034	-599.607865	
146.8822	-599.792758	-599.773671	-599.757852	-599.703858	
146.8923	-599.884199	-599.869664	-599.849293	-599.799851	
146.9024	-599.97449	-599.974384	-599.939583	-599.90457	
146.9127	-600.06288	-600.070377	-600.027973	-600.00929	
146.9228	-600.14844	-600.16637	-600.113534	-600.11401	
146.933	-600.232938	-600.262363	-600.198031	-600.21873	
146.9431	-600.31483	-600.358356	-600.279923	-600.314723	
146.9533	-600.394678	-600.445623	-600.359771	-600.410716	
146.9635	-600.473389	-600.532889	-600.438483	-600.506709	
146.9736	-600.548391	-600.620155	-600.513484	-600.602702	
146.9838	-600.622745	-600.698695	-600.587839	-600.672515	
146.994	-600.695103	-600.777235	-600.660197	-600.759782	
147.0043	-600.766326	-600.847048	-600.731419	-600.829595	
147.0142	-600.832783	-600.916861	-600.797877	-600.881955	
147.0244	-600.899071	-600.969221	-600.864164	-600.934315	
147.0345	-600.96293	-601.030308	-600.928023	-600.986675	
147.0447	-601.024954	-601.082668	-600.990048	-601.030308	
147.0549	-601.08565	-601.126301	-601.050743	-601.073941	
147.0651	-601.144135	-601.169934	-601.109228	-601.108848	
147.0752	-601.199948	-601.213567	-601.165041	-601.143754	
147.0853	-601.254243	-601.257201	-601.219336	-601.178661	
147.0956	-601.307087	-601.292107	-601.27218	-601.222294	
147.1057	-601.35716	-601.33574	-601.322253	-601.257201	
147.1158	-601.405466	-601.370647	-601.37056	-601.300834	
147.126	-601.452167	-601.41428	-601.41726	-601.33574	
147.1362	-601.496894	-601.457914	-601.461988	-601.379374	
147.1463	-601.539638	-601.501547	-601.504732	-601.431734	
147.1565	-601.580565	-601.54518	-601.545659	-601.475367	
147.1667	-601.619769	-601.59754	-601.584862	-601.527727	
147.1769	-601.656664	-601.641173	-601.621757	-601.580087	
147.1871	-601.692066	-601.684806	-601.657159	-601.641173	
147.1972	-601.725145	-601.737166	-601.690238	-601.693533	
147.2073	-601.756542	-601.780799	-601.721635	-601.75462	
147.2175	-601.78624	-601.824433	-601.751334	-601.798253	
147.2277	-601.813896	-601.868066	-601.778989	-601.841886	
147.2378	-601.839699	-601.902972	-601.804792	-601.885519	
147.2481	-601.864115	-601.929152	-601.829209	-601.920426	
147.2581	-601.886273	-601.964059	-601.851366	-601.937879	
147.2684	-601.907112	-601.981512	-601.872206	-601.964059	
147.2785	-601.925789	-601.998966	-601.890883	-601.964059	
147.2886	-601.942907	-601.998966	-601.908001	-601.972786	
147.2987	-601.958411	-602.007692	-601.923505	-601.964059	
147.3089	-601.972321	-602.007692	-601.937414	-601.964059	
147.319	-601.984563	-601.998966	-601.949657	-601.964059	
147.3293	-601.995417	-601.998966	-601.96051	-601.955332	
147.3394	-602.004627	-601.998966	-601.96972	-601.955332	
147.3495	-602.012458	-601.998966	-601.977551	-601.946606	
147.3597	-602.018998	-601.998966	-601.984091	-601.946606	
147.3702	-602.024407	-602.007692	-601.989501	-601.946606	
147.38	-602.028478	-602.007692	-601.993571	-601.955332	
147.3901	-602.031695	-602.007692	-601.996788	-601.964059	
147.4003	-602.03408	-602.007692	-601.999174	-601.972786	
147.4104	-602.039427	-602.007692	-602.00452	-601.990239	
147.4218	-602.039427	-602.007692	-602.00452	-601.998966	
147.4308	-602.039427	-602.007692	-602.00452	-602.016419	
147.441	-602.039427	-602.007692	-602.00452	-602.033872	
147.4511	-602.039427	-602.007692	-602.00452	-602.033872	
147.4612	-602.039427	-602.007692	-602.00452	-602.033872	
147.4718	-602.039427	-602.007692	-602.00452	-602.033872	
147.4816	-602.039427	-602.007692	-602.00452	-602.033872	
147.5012	-602.039427	-602.007692	-602.00452	-602.016419	
147.5114	-602.039427	-602.007692	-602.00452	-602.007692	
147.5219	-602.039427	-602.007692	-602.00452	-601.998966	
147.5319	-602.039427	-602.007692	-602.00452	-601.998966	
147.5423	-602.039427	-602.007692	-602.00452	-601.990239	
147.5523	-602.039427	-602.007692	-602.00452	-601.981512	
147.5625	-602.039427	-602.007692	-602.00452	-601.972786	
147.5727	-602.039427	-602.007692	-602.00452	-601.964059	
147.583	-602.039427	-602.007692	-602.00452	-601.964059	
147.5932	-602.039427	-602.007692	-602.00452	-601.964059	
147.6033	-602.039427	-602.007692	-602.00452	-601.972786	
147.6135	-602.039427	-602.007692	-602.00452	-601.981512	
147.6239	-602.039427	-602.007692	-602.00452	-601.998966	
147.6341	-602.039427	-602.007692	-602.00452	-601.998966	
147.6443	-602.039427	-602.007692	-602.00452	-602.016419	
147.6547	-602.039427	-602.007692	-602.00452	-602.025146	
147.6648	-602.039427	-602.007692	-602.00452	-602.033872	
147.6749	-602.039427	-602.007692	-602.00452	-602.033872	
147.6852	-602.039427	-602.007692	-602.00452	-602.042599	
147.6954	-602.039427	-602.007692	-602.00452	-602.042599	
147.7223	-602.039427	-602.007692	-602.00452	-602.033872	
147.7272	-602.039427	-602.007692	-602.00452	-602.016419	
147.7377	-602.039427	-602.007692	-602.00452	-601.998966	
147.7478	-602.039427	-602.007692	-602.00452	-601.998966	
147.7583	-602.039427	-602.007692	-602.00452	-601.981512	
147.7683	-602.039427	-602.007692	-602.00452	-601.964059	
147.7785	-602.039427	-602.007692	-602.00452	-601.964059	
147.7887	-602.039427	-602.007692	-602.00452	-601.964059	
147.799	-602.039427	-602.007692	-602.00452	-601.964059	
147.8093	-602.039427	-602.007692	-602.00452	-601.964059	
147.8201	-602.039427	-602.007692	-602.00452	-601.964059	
147.8297	-602.039427	-602.007692	-602.00452	-601.964059	
147.8399	-602.039427	-602.007692	-602.00452	-601.964059	
147.8502	-602.039427	-602.007692	-602.00452	-601.981512	
147.8604	-602.039427	-602.007692	-602.00452	-601.990239	
147.8706	-602.039427	-602.007692	-602.00452	-601.998966	
147.881	-602.039427	-602.007692	-602.00452	-602.016419	
147.8913	-602.039427	-602.007692	-602.00452	-602.033872	
147.9013	-602.039427	-602.007692	-602.00452	-602.033872	
147.9115	-602.039427	-602.007692	-602.00452	-602.051325	
147.9218	-602.039427	-602.007692	-602.00452	-602.051325	
147.9319	-602.039427	-602.007692	-602.00452	-602.051325	
147.9422	-602.039427	-602.007692	-602.00452	-602.042599	
147.9523	-602.039427	-602.007692	-602.00452	-602.033872	
147.9626	-602.039427	-602.007692	-602.00452	-602.025146	
147.9728	-602.039427	-602.007692	-602.00452	-602.007692	
147.983	-602.039427	-602.007692	-602.00452	-601.998966	
147.9933	-602.039427	-602.007692	-602.00452	-601.981512	
148.0036	-602.039427	-602.007692	-602.00452	-601.964059	
148.0137	-602.039427	-602.007692	-602.00452	-601.964059	
148.0241	-602.039427	-602.007692	-602.00452	-601.964059	
148.0344	-602.039427	-602.007692	-602.00452	-601.964059	
148.0444	-602.039427	-602.007692	-602.00452	-601.972786	
148.0546	-602.039427	-602.007692	-602.00452	-601.981512	
148.0649	-602.039427	-602.007692	-602.00452	-601.998966	
148.0753	-602.039427	-602.007692	-602.00452	-602.007692	
148.0855	-602.039427	-602.007692	-602.00452	-602.016419	
148.0956	-602.039427	-602.007692	-602.00452	-602.033872	
148.1058	-602.039427	-602.007692	-602.00452	-602.033872	
148.116	-602.039427	-602.007692	-602.00452	-602.033872	
148.1263	-602.039427	-602.007692	-602.00452	-602.033872	
148.1366	-602.039427	-602.007692	-602.00452	-602.033872	
148.1468	-602.039427	-602.007692	-602.00452	-602.025146	
148.157	-602.039427	-602.007692	-602.00452	-602.016419	
148.1672	-602.039427	-602.007692	-602.00452	-601.998966	
148.1861	-602.039427	-602.016419	-602.00452	-601.998966	
148.1913	-602.039427	-602.016419	-602.00452	-601.990239	
148.21	-602.039427	-602.016419	-602.00452	-601.981512	
148.2149	-602.039427	-602.016419	-602.00452	-601.972786	
148.2251	-602.039427	-602.016419	-602.00452	-601.972786	
148.2354	-602.039427	-602.016419	-602.00452	-601.964059	
148.2455	-602.039427	-602.016419	-602.00452	-601.972786	
148.2559	-602.039427	-602.016419	-602.00452	-601.972786	
148.2662	-602.039427	-602.016419	-602.00452	-601.981512	
148.2763	-602.039427	-602.016419	-602.00452	-601.990239	
148.2868	-602.039427	-602.016419	-602.00452	-601.998966	
148.2969	-602.039427	-602.016419	-602.00452	-602.007692	
148.3071	-602.039427	-602.016419	-602.00452	-602.016419	
148.3177	-602.039427	-602.016419	-602.00452	-602.025146	
148.3277	-602.039427	-602.016419	-602.00452	-602.033872	
148.3379	-602.039427	-602.016419	-602.00452	-602.033872	
148.3481	-602.039427	-602.016419	-602.00452	-602.033872	
148.3584	-602.039427	-602.016419	-602.00452	-602.033872	
148.3685	-602.039427	-602.016419	-602.00452	-602.033872	
148.3787	-602.039427	-602.016419	-602.00452	-602.033872	
148.3889	-602.039427	-602.016419	-602.00452	-602.033872	
148.3991	-602.039427	-602.016419	-602.00452	-602.025146	
148.4178	-602.039427	-602.016419	-602.00452	-602.007692	
148.4227	-602.039427	-602.016419	-602.00452	-601.998966	
148.4329	-602.039427	-602.016419	-602.00452	-601.998966	
148.4434	-602.039427	-602.016419	-602.00452	-601.990239	
148.4534	-602.039427	-602.016419	-602.00452	-601.981512	
148.4637	-602.039427	-602.016419	-602.00452	-601.972786	
148.4739	-602.039427	-602.016419	-602.00452	-601.972786	
148.4841	-602.039427	-602.016419	-602.00452	-601.972786	
148.4944	-602.039427	-602.016419	-602.00452	-601.972786	
148.5047	-602.039427	-602.016419	-602.00452	-601.972786	
148.5147	-602.039427	-602.016419	-602.00452	-601.981512	
148.5251	-602.039427	-602.016419	-602.00452	-601.981512	
148.5352	-602.039427	-602.016419	-602.00452	-601.998966	
148.5455	-602.039427	-602.016419	-602.00452	-601.998966	
148.5556	-602.039427	-602.016419	-602.00452	-602.007692	
148.5658	-602.039427	-602.016419	-602.00452	-602.016419	
148.5764	-602.039427	-602.016419	-602.00452	-602.025146	
148.5863	-602.039427	-602.016419	-602.00452	-602.033872	
148.5965	-602.039427	-602.016419	-602.00452	-602.033872	
148.6069	-602.039427	-602.016419	-602.00452	-602.033872	
148.617	-602.039427	-602.016419	-602.00452	-602.033872	
148.6273	-602.039427	-602.016419	-602.00452	-602.033872	
148.6375	-602.039427	-602.016419	-602.00452	-602.033872	
148.6478	-602.039427	-602.016419	-602.00452	-602.033872	
148.6581	-602.039427	-602.016419	-602.00452	-602.025146	
148.6682	-602.039427	-602.016419	-602.00452	-602.016419	
148.6785	-602.039427	-602.016419	-602.00452	-601.998966	
148.6887	-602.039427	-602.016419	-602.00452	-601.998966	
148.6988	-602.039427	-602.016419	-602.00452	-601.990239	
148.7093	-602.039427	-602.016419	-602.00452	-601.981512	
148.7194	-602.039427	-602.016419	-602.00452	-601.981512	
148.7296	-602.039427	-602.016419	-602.00452	-601.972786	
148.74	-602.039427	-602.016419	-602.00452	-601.972786	
148.75	-602.039427	-602.016419	-602.00452	-601.972786	
148.7604	-602.039427	-602.016419	-602.00452	-601.972786	
148.7705	-602.039427	-602.016419	-602.00452	-601.972786	
148.7807	-602.039427	-602.016419	-602.00452	-601.981512	
148.7996	-602.039427	-602.016419	-602.00452	-601.998966	
148.8045	-602.039427	-602.016419	-602.00452	-601.998966	
148.8148	-602.039427	-602.016419	-602.00452	-601.998966	
148.8251	-602.039427	-602.016419	-602.00452	-602.016419	
148.8354	-602.039427	-602.016419	-602.00452	-602.016419	
148.8482	-602.039427	-602.016419	-602.00452	-602.033872	
148.8582	-602.039427	-602.016419	-602.00452	-602.033872	
148.8682	-602.039427	-602.016419	-602.00452	-602.033872	
148.8784	-602.039427	-602.016419	-602.00452	-602.033872	
148.8885	-602.039427	-602.016419	-602.00452	-602.033872	
148.8987	-602.039427	-602.016419	-602.00452	-602.025146	
148.9089	-602.039427	-602.016419	-602.00452	-602.016419	
148.919	-602.039427	-602.016419	-602.00452	-602.007692	
148.9372	-602.039427	-602.016419	-602.00452	-601.998966	
148.9418	-602.039427	-602.016419	-602.00452	-601.998966	
148.952	-602.039427	-602.016419	-602.00452	-601.998966	
148.9622	-602.039427	-602.016419	-602.00452	-601.990239	
148.9723	-602.039427	-602.016419	-602.00452	-601.981512	
148.9825	-602.039427	-602.016419	-602.00452	-601.981512	
148.9927	-602.039427	-602.016419	-602.00452	-601.981512	
149.0028	-602.039427	-602.016419	-602.00452	-601.981512	
149.0129	-602.039427	-602.016419	-602.00452	-601.981512	
149.0231	-602.039427	-602.016419	-602.00452	-601.981512	
149.0334	-602.039427	-602.016419	-602.00452	-601.981512	
149.0435	-602.039427	-602.016419	-602.00452	-601.981512	
149.0537	-602.039427	-602.016419	-602.00452	-601.981512	
149.0639	-602.039427	-602.016419	-602.00452	-601.981512	
149.0741	-602.039427	-602.016419	-602.00452	-601.981512	
149.0841	-602.039427	-602.016419	-602.00452	-601.981512	
149.0943	-602.039427	-602.016419	-602.00452	-601.981512	
149.1044	-602.039427	-602.016419	-602.00452	-601.981512	
149.1146	-602.039427	-602.016419	-602.00452	-601.981512	
149.1247	-602.039427	-602.016419	-602.00452	-601.981512	
149.135	-602.039427	-602.016419	-602.00452	-601.981512	
149.1452	-602.039427	-602.016419	-602.00452	-601.981512	
149.1553	-602.039427	-602.016419	-602.00452	-601.981512	
149.1654	-602.039427	-602.016419	-602.00452	-601.981512	
149.1756	-602.039427	-602.016419	-602.00452	-601.981512	
149.1858	-602.039427	-602.016419	-602.00452	-601.981512	
149.1959	-602.039427	-602.016419	-602.00452	-601.981512	
149.206	-602.039427	-602.016419	-602.00452	-601.981512	
149.2163	-602.039427	-602.016419	-602.00452	-601.981512	
149.2264	-602.039427	-602.016419	-602.00452	-601.981512	
149.2365	-602.039427	-602.016419	-602.00452	-601.981512	
149.2467	-602.039427	-602.016419	-602.00452	-601.981512	
149.2569	-602.039427	-602.016419	-602.00452	-601.981512	
149.267	-602.039427	-602.016419	-602.00452	-601.981512	
149.2772	-602.039427	-602.016419	-602.00452	-601.981512	
149.2873	-602.039427	-602.016419	-602.00452	-601.981512	
149.2975	-602.039427	-602.016419	-602.00452	-601.981512	
149.3077	-602.039427	-602.016419	-602.00452	-601.981512	
149.3179	-602.039427	-602.016419	-602.00452	-601.981512	
149.328	-602.039427	-602.016419	-602.00452	-601.981512	
149.3382	-602.039427	-602.016419	-602.00452	-601.981512	
149.3483	-602.039427	-602.016419	-602.00452	-601.981512	
149.3585	-602.039427	-602.016419	-602.00452	-601.981512	
149.3686	-602.039427	-602.016419	-602.00452	-601.981512	
149.3788	-602.039427	-602.016419	-602.00452	-601.981512	
149.3889	-602.039427	-602.016419	-602.00452	-601.981512	
149.3991	-602.039427	-602.016419	-602.00452	-601.981512	
149.4093	-602.039427	-602.016419	-602.00452	-601.981512	
149.4233	-602.039427	-602.016419	-602.00452	-601.981512	
149.4334	-602.039427	-602.016419	-602.00452	-601.981512	
149.4436	-602.039427	-602.016419	-602.00452	-601.981512	
149.4538	-602.039427	-602.016419	-602.00452	-601.981512	
149.464	-602.039427	-602.016419	-602.00452	-601.981512	
149.4742	-602.039427	-602.016419	-602.00452	-601.981512	
149.4842	-602.039427	-602.016419	-602.00452	-601.981512	
149.4944	-602.039427	-602.016419	-602.00452	-601.981512	
149.5046	-602.039427	-602.016419	-602.00452	-601.981512	
149.5148	-602.039427	-602.016419	-602.00452	-601.981512	
149.5249	-602.039427	-602.016419	-602.00452	-601.981512	
149.535	-602.039427	-602.016419	-602.00452	-601.981512	
149.5452	-602.039427	-602.016419	-602.00452	-601.981512	
149.5556	-602.039427	-602.016419	-602.00452	-601.981512	
149.5657	-602.039427	-602.016419	-602.00452	-601.981512	
149.5759	-602.039427	-602.016419	-602.00452	-601.981512	
149.5862	-602.039427	-602.016419	-602.00452	-601.981512	
149.5962	-602.039427	-602.016419	-602.00452	-601.981512	
149.6063	-602.039427	-602.016419	-602.00452	-601.981512	
149.6169	-602.039427	-602.016419	-602.00452	-601.981512	
149.627	-602.039427	-602.016419	-602.00452	-601.981512	
149.6372	-602.039427	-602.016419	-602.00452	-601.981512	
149.6473	-602.039427	-602.016419	-602.00452	-601.981512	
149.6575	-602.039427	-602.016419	-602.00452	-601.981512	
149.6677	-602.039427	-602.016419	-602.00452	-601.981512	
149.6778	-602.039427	-602.016419	-602.00452	-601.981512	
149.688	-602.039427	-602.016419	-602.00452	-601.981512	
149.6982	-602.039427	-602.016419	-602.00452	-601.981512	
149.7083	-602.039427	-602.016419	-602.00452	-601.981512	
149.7185	-602.039427	-602.016419	-602.00452	-601.981512	
149.7286	-602.039427	-602.016419	-602.00452	-601.981512	
149.7387	-602.039427	-602.016419	-602.00452	-601.981512	
149.7489	-602.039427	-602.016419	-602.00452	-601.981512	
149.7591	-602.039427	-602.016419	-602.00452	-601.981512	
149.7776	-602.039427	-602.016419	-602.00452	-601.981512	
149.7824	-602.039427	-602.016419	-602.00452	-601.981512	
149.7925	-602.039427	-602.016419	-602.00452	-601.981512	
149.8026	-602.039427	-602.016419	-602.00452	-601.981512	
149.8127	-602.039427	-602.016419	-602.00452	-601.981512	
149.8329	-602.039427	-602.016419	-602.00452	-601.981512	
149.8375	-602.039427	-602.016419	-602.00452	-601.981512	
149.8477	-602.039427	-602.016419	-602.00452	-601.981512	
149.858	-602.039427	-602.016419	-602.00452	-601.981512	
149.8681	-602.039427	-602.016419	-602.00452	-601.981512	
149.8782	-602.039427	-602.016419	-602.00452	-601.981512	
149.8884	-602.039427	-602.016419	-602.00452	-601.981512	
149.8986	-602.039427	-602.016419	-602.00452	-601.981512	
149.9087	-602.039427	-602.016419	-602.00452	-601.981512	
149.9188	-602.039427	-602.016419	-602.00452	-601.981512	
149.929	-602.039427	-602.016419	-602.00452	-601.981512	
149.9391	-602.039427	-602.016419	-602.00452	-601.981512	
149.9494	-602.039427	-602.016419	-602.00452	-601.981512	
149.9595	-602.039427	-602.016419	-602.00452	-601.981512	
149.9697	-602.039427	-602.016419	-602.00452	-601.981512	
149.9798	-602.039427	-602.016419	-602.00452	-601.981512	
149.99	-602.039427	-602.016419	-602.00452	-601.981512	
150.0003	-602.039427	-602.016419	-602.00452	-601.981512	
150.0103	-602.039427	-602.016419	-602.00452	-601.981512	
150.0205	-602.039427	-602.016419	-602.00452	-601.981512	
150.0307	-602.039427	-602.016419	-602.00452	-601.981512	
150.0488	-602.039427	-602.016419	-602.00452	-601.981512	
150.0535	-602.039427	-602.016419	-602.00452	-601.981512	
150.0637	-602.039427	-602.016419	-602.00452	-601.981512	
150.0738	-602.039427	-602.016419	-602.00452	-601.981512	
150.0839	-602.039427	-602.016419	-602.00452	-601.981512	
150.0941	-602.039427	-602.016419	-602.00452	-601.981512	
150.1043	-602.039427	-602.016419	-602.00452	-601.990239	
150.1144	-602.039427	-602.016419	-602.00452	-601.990239	
150.1245	-602.039427	-602.016419	-602.00452	-601.998966	
150.1348	-602.039427	-602.016419	-602.00452	-601.998966	
150.1449	-602.039427	-602.016419	-602.00452	-601.998966	
150.155	-602.039427	-602.016419	-602.00452	-601.998966	
150.1652	-602.039427	-602.016419	-602.00452	-602.007692	
150.1753	-602.039427	-602.016419	-602.00452	-602.016419	
150.1856	-602.039427	-602.016419	-602.00452	-602.016419	
150.1958	-602.039427	-602.016419	-602.00452	-602.025146	
150.2058	-602.039427	-602.016419	-602.00452	-602.025146	
150.2161	-602.039427	-602.016419	-602.00452	-602.025146	
150.2263	-602.039427	-602.016419	-602.00452	-602.025146	
150.2363	-602.039427	-602.016419	-602.00452	-602.025146	
150.2465	-602.039427	-602.016419	-602.00452	-602.025146	
150.2567	-602.039427	-602.016419	-602.00452	-602.025146	
150.2668	-602.039427	-602.016419	-602.00452	-602.025146	
150.2769	-602.039427	-602.016419	-602.00452	-602.025146	
150.2872	-602.039427	-602.016419	-602.00452	-602.025146	
150.2973	-602.039427	-602.016419	-602.00452	-602.025146	
150.3075	-602.039427	-602.016419	-602.00452	-602.025146	
150.3176	-602.039427	-602.016419	-602.00452	-602.025146	
150.3279	-602.039427	-602.016419	-602.00452	-602.025146	
150.338	-602.039427	-602.016419	-602.00452	-602.025146	
150.3482	-602.039427	-602.016419	-602.00452	-602.025146	
150.3583	-602.039427	-602.016419	-602.00452	-602.025146	
150.3685	-602.039427	-602.016419	-602.00452	-602.025146	
150.3786	-602.039427	-602.016419	-602.00452	-602.025146	
150.3887	-602.039427	-602.016419	-602.00452	-602.025146	
150.3989	-602.039427	-602.016419	-602.00452	-602.025146	
150.4091	-602.039427	-602.016419	-602.00452	-602.025146	
150.4193	-602.039427	-602.016419	-602.00452	-602.025146	
150.4295	-602.039427	-602.016419	-602.00452	-602.025146	
150.4396	-602.039427	-602.016419	-602.00452	-602.025146	
150.4498	-602.039427	-602.016419	-602.00452	-602.025146	
150.4599	-602.039427	-602.016419	-602.00452	-602.025146	
150.4701	-602.039427	-602.016419	-602.00452	-602.025146	
150.4802	-602.039427	-602.016419	-602.00452	-602.025146	
150.4904	-602.039427	-602.016419	-602.00452	-602.025146	
150.5005	-602.039427	-602.016419	-602.00452	-602.025146	
150.5107	-602.039427	-602.016419	-602.00452	-602.025146	
150.5209	-602.039427	-602.016419	-602.00452	-602.025146	
150.531	-602.039427	-602.016419	-602.00452	-602.025146	
150.5412	-602.039427	-602.016419	-602.00452	-602.025146	
150.5514	-602.039427	-602.016419	-602.00452	-602.025146	
150.5617	-602.039427	-602.016419	-602.00452	-602.025146	
150.5718	-602.039427	-602.016419	-602.00452	-602.025146	
150.582	-602.039427	-602.016419	-602.00452	-602.025146	
150.5922	-602.039427	-602.016419	-602.00452	-602.025146	
150.6023	-602.039427	-602.016419	-602.00452	-602.025146	
150.6124	-602.039427	-602.016419	-602.00452	-602.025146	
150.6226	-602.039427	-602.016419	-602.00452	-602.025146	
150.6328	-602.039427	-602.016419	-602.00452	-602.025146	
150.643	-602.039427	-602.016419	-602.00452	-602.025146	
150.6531	-602.039427	-602.016419	-602.00452	-602.025146	
150.6635	-602.039427	-602.016419	-602.00452	-602.025146	
150.6736	-602.039427	-602.016419	-602.00452	-602.025146	
150.6839	-602.039427	-602.016419	-602.00452	-602.025146	
150.694	-602.039427	-602.016419	-602.00452	-602.025146	
150.7042	-602.039427	-602.016419	-602.00452	-602.025146	
150.7144	-602.039427	-602.016419	-602.00452	-602.025146	
150.7244	-602.039427	-602.016419	-602.00452	-602.025146	
150.7346	-602.039427	-602.016419	-602.00452	-602.025146	
150.7448	-602.039427	-602.016419	-602.00452	-602.025146	
150.7549	-602.039427	-602.016419	-602.00452	-602.025146	
150.7651	-602.039427	-602.016419	-602.00452	-602.025146	
150.7752	-602.039427	-602.016419	-602.00452	-602.025146	
150.7856	-602.039427	-602.016419	-602.00452	-602.025146	
150.7956	-602.039427	-602.016419	-602.00452	-602.025146	
150.8058	-602.039427	-602.016419	-602.00452	-602.025146	
150.8159	-602.039427	-602.016419	-602.00452	-602.025146	
150.8358	-602.039427	-602.016419	-602.00452	-602.025146	
150.8406	-602.039427	-602.016419	-602.00452	-602.025146	
150.8507	-602.039427	-602.016419	-602.00452	-602.025146	
150.861	-602.039427	-602.016419	-602.00452	-602.025146	
150.8711	-602.039427	-602.016419	-602.00452	-602.025146	
150.8813	-602.039427	-602.016419	-602.00452	-602.025146	
150.8914	-602.039427	-602.016419	-602.00452	-602.025146	
150.9016	-602.039427	-602.016419	-602.00452	-602.025146	
150.9118	-602.039427	-602.016419	-602.00452	-602.025146	
150.922	-602.039427	-602.016419	-602.00452	-602.025146	
150.9321	-602.039427	-602.016419	-602.00452	-602.025146	
150.9422	-602.039427	-602.016419	-602.00452	-602.025146	
150.9525	-602.039427	-602.016419	-602.00452	-602.025146	
150.9626	-602.039427	-602.016419	-602.00452	-602.025146	
150.9727	-602.039427	-602.016419	-602.00452	-602.025146	
150.9829	-602.039427	-602.016419	-602.00452	-602.025146	
150.9931	-602.039427	-602.016419	-602.00452	-602.025146	
151.0033	-602.039427	-602.016419	-602.00452	-602.025146	
151.0134	-602.039427	-602.016419	-602.00452	-602.025146	
151.0236	-602.039427	-602.016419	-602.00452	-602.025146	
151.0338	-602.039427	-602.016419	-602.00452	-602.025146	
151.0439	-602.039427	-602.016419	-602.00452	-602.025146	
151.0543	-602.039427	-602.016419	-602.00452	-602.025146	
151.0643	-602.039427	-602.016419	-602.00452	-602.025146	
151.0744	-602.039427	-602.016419	-602.00452	-602.025146	
151.0846	-602.039427	-602.016419	-602.00452	-602.025146	
151.0948	-602.039427	-602.016419	-602.00452	-602.025146	
151.1049	-602.039427	-602.016419	-602.00452	-602.025146	
151.1151	-602.039427	-602.016419	-602.00452	-602.025146	
151.1252	-602.039427	-602.016419	-602.00452	-602.025146	
151.1354	-602.039427	-602.016419	-602.00452	-602.025146	
151.1457	-602.039427	-602.016419	-602.00452	-602.025146	
151.1558	-602.039427	-602.016419	-602.00452	-602.025146	
151.1659	-602.039427	-602.016419	-602.00452	-602.025146	
151.1761	-602.039427	-602.016419	-602.00452	-602.025146	
151.1864	-602.039427	-602.016419	-602.00452	-602.025146	
151.1964	-602.039427	-602.016419	-602.00452	-602.025146	
151.2065	-602.039427	-602.016419	-602.00452	-602.025146	
151.2168	-602.039427	-602.016419	-602.00452	-602.025146	
151.2269	-602.039427	-602.016419	-602.00452	-602.025146	
151.237	-602.039427	-602.016419	-602.00452	-602.025146	
151.2472	-602.039427	-602.016419	-602.00452	-602.025146	
151.2574	-602.039427	-602.016419	-602.00452	-602.025146	
151.2676	-602.039427	-602.016419	-602.00452	-602.025146	
151.2777	-602.039427	-602.016419	-602.00452	-602.025146	
151.2879	-602.039427	-602.016419	-602.00452	-602.025146	
151.298	-602.039427	-602.016419	-602.00452	-602.025146	
151.3081	-602.039427	-602.016419	-602.00452	-602.025146	
151.3183	-602.039427	-602.016419	-602.00452	-602.025146	
151.3285	-602.039427	-602.016419	-602.00452	-602.025146	
151.3387	-602.039427	-602.016419	-602.00452	-602.025146	
151.3488	-602.039427	-602.016419	-602.00452	-602.025146	
151.3589	-602.039427	-602.016419	-602.00452	-602.025146	
151.3691	-602.039427	-602.016419	-602.00452	-602.025146	
151.3872	-602.039427	-602.016419	-602.00452	-602.025146	
151.392	-602.039427	-602.016419	-602.00452	-602.025146	
151.4021	-602.039427	-602.016419	-602.00452	-602.025146	
151.4122	-602.039427	-602.016419	-602.00452	-602.025146	
151.431	-602.039427	-602.016419	-602.00452	-602.025146	
151.4359	-602.039427	-602.016419	-602.00452	-602.025146	
151.4459	-602.039427	-602.016419	-602.00452	-602.025146	
151.4562	-602.039427	-602.016419	-602.00452	-602.025146	
151.4664	-602.039427	-602.016419	-602.00452	-602.025146	
151.4764	-602.039427	-602.016419	-602.00452	-602.025146	
151.4866	-602.039427	-602.016419	-602.00452	-602.025146	
151.497	-602.039427	-602.016419	-602.00452	-602.025146	
151.5069	-602.039427	-602.016419	-602.00452	-602.025146	
151.517	-602.039427	-602.016419	-602.00452	-602.025146	
151.5273	-602.039427	-602.016419	-602.00452	-602.025146	
151.5374	-602.039427	-602.016419	-602.00452	-602.025146	
151.5476	-602.039427	-602.016419	-602.00452	-602.025146	
151.5579	-602.039427	-602.016419	-602.00452	-602.025146	
151.5681	-602.039427	-602.016419	-602.00452	-602.025146	
151.5782	-602.039427	-602.016419	-602.00452	-602.025146	
151.5885	-602.039427	-602.016419	-602.00452	-602.025146	
151.5985	-602.039427	-602.016419	-602.00452	-602.025146	
151.6087	-602.039427	-602.016419	-602.00452	-602.025146	
151.6188	-602.039427	-602.016419	-602.00452	-602.025146	
151.629	-602.039427	-602.016419	-602.00452	-602.025146	
151.6391	-602.039427	-602.016419	-602.00452	-602.025146	
151.6493	-602.039427	-602.016419	-602.00452	-602.025146	
151.6595	-602.039427	-602.016419	-602.00452	-602.025146	
151.6696	-602.039427	-602.016419	-602.00452	-602.025146	
151.6798	-602.039427	-602.016419	-602.00452	-602.025146	
151.6899	-602.039427	-602.016419	-602.00452	-602.025146	
151.7001	-602.039427	-602.016419	-602.00452	-602.025146	
151.7102	-602.039427	-602.016419	-602.00452	-602.025146	
151.7204	-602.039427	-602.016419	-602.00452	-602.025146	
