160.5272	-622.044388	-622.035345	-622.009482	-622.009165	
160.5425	-622.055393	-622.035345	-622.020487	-622.009165	
160.5472	-622.058659	-622.035345	-622.023752	-622.009165	
160.5573	-622.068394	-622.035345	-622.033487	-622.009165	
160.5678	-622.08065	-622.044072	-622.045743	-622.009165	
160.578	-622.094703	-622.044072	-622.059797	-622.009165	
160.5879	-622.110273	-622.052799	-622.075367	-622.017892	
160.598	-622.128194	-622.061525	-622.093288	-622.035345	
160.6082	-622.14828	-622.078979	-622.113373	-622.044072	
160.6184	-622.170484	-622.096432	-622.135578	-622.070252	
160.6285	-622.194659	-622.122612	-622.159752	-622.087705	
160.6387	-622.220956	-622.157518	-622.186049	-622.122612	
160.6488	-622.249334	-622.192425	-622.214428	-622.157518	
160.659	-622.279827	-622.236058	-622.24492	-622.209878	
160.6691	-622.312186	-622.270965	-622.277279	-622.244785	
160.6794	-622.346939	-622.297145	-622.312033	-622.279692	
160.6895	-622.383534	-622.340778	-622.348627	-622.323325	
160.6996	-622.422112	-622.366958	-622.387205	-622.366958	
160.7098	-622.4627	-622.410591	-622.427794	-622.410591	
160.7199	-622.505434	-622.445498	-622.470527	-622.454224	
160.7301	-622.550193	-622.489131	-622.515286	-622.489131	
160.7402	-622.59715	-622.532764	-622.562243	-622.541491	
160.7504	-622.646093	-622.585124	-622.611186	-622.593851	
160.7606	-622.6974	-622.637484	-622.662493	-622.646211	
160.7708	-622.750941	-622.698571	-622.716034	-622.698571	
160.7811	-622.806697	-622.759657	-622.771791	-622.759657	
160.7912	-622.863624	-622.812017	-622.828718	-622.812017	
160.8014	-622.923316	-622.873103	-622.888409	-622.873103	
160.8116	-622.984892	-622.93419	-622.949986	-622.942917	
160.8217	-623.047934	-622.995276	-623.013028	-622.995276	
160.8319	-623.113796	-623.06509	-623.07889	-623.06509	
160.842	-623.18152	-623.126176	-623.146613	-623.126176	
160.8534	-623.25947	-623.213443	-623.224563	-623.204716	
160.8626	-623.3248	-623.274529	-623.289893	-623.274529	
160.8727	-623.397848	-623.344342	-623.362942	-623.344342	
160.8829	-623.474116	-623.422882	-623.439209	-623.414156	
160.8931	-623.552498	-623.501422	-623.517592	-623.501422	
160.9033	-623.632672	-623.579962	-623.597765	-623.571235	
160.9134	-623.714916	-623.667228	-623.680009	-623.658502	
160.9236	-623.799153	-623.745768	-623.764247	-623.745768	
160.9337	-623.884596	-623.824308	-623.849689	-623.824308	
160.9439	-623.973676	-623.911574	-623.938769	-623.911574	
160.9541	-624.064194	-624.007567	-624.029287	-623.998841	
160.9642	-624.156105	-624.094834	-624.121198	-624.094834	
160.9743	-624.250355	-624.190827	-624.215448	-624.173374	
160.9845	-624.3466	-624.28682	-624.311694	-624.269367	
160.9948	-624.44695	-624.39154	-624.412044	-624.374087	
161.0049	-624.546891	-624.504986	-624.511984	-624.461353	
161.015	-624.647821	-624.609706	-624.612914	-624.566073	
161.0252	-624.750591	-624.714426	-624.715684	-624.670793	
161.0354	-624.852061	-624.827872	-624.817154	-624.784239	
161.0455	-624.953501	-624.941319	-624.918594	-624.897685	
161.0557	-625.054851	-625.054765	-625.019944	-625.002405	
161.0658	-625.156441	-625.168211	-625.121534	-625.124578	
161.076	-625.258041	-625.281658	-625.223134	-625.238025	
161.0861	-625.359341	-625.386378	-625.324434	-625.351471	
161.0963	-625.460971	-625.491097	-625.426064	-625.456191	
161.1065	-625.563331	-625.595817	-625.528424	-625.569637	
161.1167	-625.665671	-625.700537	-625.630764	-625.674357	
161.1268	-625.766551	-625.805257	-625.731644	-625.77035	
161.137	-625.868091	-625.90125	-625.833184	-625.87507	
161.1472	-625.970221	-625.997243	-625.935314	-625.971063	
161.1573	-626.071071	-626.093236	-626.036164	-626.067056	
161.1674	-626.172371	-626.189229	-626.137464	-626.154322	
161.1776	-626.274081	-626.276495	-626.239174	-626.241589	
161.1878	-626.375751	-626.363762	-626.340844	-626.320129	
161.1979	-626.477301	-626.459755	-626.442394	-626.407395	
161.2081	-626.579141	-626.547022	-626.544234	-626.485935	
161.2183	-626.681171	-626.643015	-626.646264	-626.573201	
161.2284	-626.781691	-626.730281	-626.746784	-626.660468	
161.2385	-626.883651	-626.817548	-626.848744	-626.747734	
161.2487	-626.984911	-626.922267	-626.950004	-626.843728	
161.2589	-627.086971	-627.026987	-627.052064	-626.948447	
161.2691	-627.188761	-627.12298	-627.153854	-627.04444	
161.2792	-627.290251	-627.2277	-627.255344	-627.14916	
161.2894	-627.392061	-627.33242	-627.357154	-627.271333	
161.2996	-627.493731	-627.445866	-627.458824	-627.38478	
161.31	-627.598201	-627.559312	-627.563294	-627.506953	
161.3199	-627.696861	-627.672759	-627.661954	-627.620399	
161.33	-627.798151	-627.786205	-627.763244	-627.760025	
161.3401	-627.899241	-627.899652	-627.864334	-627.873472	
161.3502	-628.000481	-628.013098	-627.965574	-628.004371	
161.3604	-628.102631	-628.126545	-628.067724	-628.109091	
161.3706	-628.204101	-628.239991	-628.169194	-628.231264	
161.3888	-628.386601	-628.42325	-628.351694	-628.42325	
161.3936	-628.434081	-628.47561	-628.399174	-628.47561	
161.4037	-628.534811	-628.571603	-628.499904	-628.571603	
161.4138	-628.636011	-628.676323	-628.601104	-628.667597	
161.424	-628.738271	-628.772316	-628.703364	-628.754863	
161.4342	-628.840061	-628.859583	-628.805154	-628.842129	
161.4443	-628.941361	-628.955576	-628.906454	-628.929396	
161.4545	-629.042691	-629.051569	-629.007784	-629.016662	
161.4647	-629.144791	-629.138835	-629.109884	-629.095202	
161.4749	-629.246781	-629.226102	-629.211874	-629.173742	
161.485	-629.347751	-629.313368	-629.312844	-629.261009	
161.4952	-629.449781	-629.400635	-629.414874	-629.348275	
161.5054	-629.551921	-629.496628	-629.517014	-629.444268	
161.5235	-629.733371	-629.583894	-629.698464	-629.540261	
161.5282	-629.780151	-629.706067	-629.745244	-629.662434	
161.5384	-629.882071	-629.802061	-629.847164	-629.775881	
161.5485	-629.983261	-629.90678	-629.948354	-629.889327	
161.5587	-630.085681	-630.020227	-630.050774	-630.002773	
161.569	-630.188451	-630.124946	-630.153544	-630.11622	
161.579	-630.288101	-630.24712	-630.253194	-630.238393	
161.5892	-630.390161	-630.360566	-630.355254	-630.360566	
161.5993	-630.491601	-630.482739	-630.456694	-630.482739	
161.6095	-630.593151	-630.596185	-630.558244	-630.596185	
161.6197	-630.695481	-630.727085	-630.660574	-630.718358	
161.6298	-630.795741	-630.840531	-630.760834	-630.831805	
161.6399	-630.897481	-630.953978	-630.862574	-630.936525	
161.6501	-630.999561	-631.067424	-630.964654	-631.023791	
161.6602	-631.100451	-631.172144	-631.065544	-631.119784	
161.6704	-631.201961	-631.276864	-631.167054	-631.215777	
161.6806	-631.304101	-631.372857	-631.269194	-631.303044	
161.6988	-631.485871	-631.538663	-631.450964	-631.460123	
161.7034	-631.532111	-631.582296	-631.497204	-631.49503	
161.7136	-631.634491	-631.669563	-631.599584	-631.582296	
161.7238	-631.735951	-631.748103	-631.701044	-631.660836	
161.7339	-631.837621	-631.826643	-631.802714	-631.739376	
161.7441	-631.939191	-631.905182	-631.904284	-631.826643	
161.7543	-632.040781	-631.983722	-632.005874	-631.922636	
161.7644	-632.142121	-632.070989	-632.107214	-632.018629	
161.7747	-632.245361	-632.158255	-632.210454	-632.114622	
161.7847	-632.345201	-632.254248	-632.310294	-632.210615	
161.7951	-632.449311	-632.350241	-632.414404	-632.324061	
161.8051	-632.549381	-632.454961	-632.514474	-632.437508	
161.8152	-632.650371	-632.559681	-632.615464	-632.542228	
161.8254	-632.752351	-632.673127	-632.717444	-632.646947	
161.8356	-632.854421	-632.786574	-632.819514	-632.760394	
161.8457	-632.955491	-632.908747	-632.920584	-632.87384	
161.856	-633.058661	-633.03092	-633.023754	-632.996013	
161.8662	-633.160501	-633.153093	-633.125594	-633.100733	
161.8763	-633.261601	-633.275266	-633.226694	-633.214179	
161.8866	-633.364601	-633.397439	-633.329694	-633.327626	
161.8968	-633.466291	-633.519612	-633.431384	-633.432345	
161.907	-633.568381	-633.633058	-633.533474	-633.537065	
161.9172	-633.669891	-633.746505	-633.634984	-633.650512	
161.9273	-633.771331	-633.842498	-633.736424	-633.755231	
161.9374	-633.872691	-633.938491	-633.837784	-633.851224	
161.9477	-633.975331	-634.043211	-633.940424	-633.955944	
161.9578	-634.075971	-634.130477	-634.041064	-634.060664	
161.968	-634.177961	-634.217744	-634.143054	-634.156657	
161.9782	-634.280411	-634.296283	-634.245504	-634.25265	
161.9885	-634.383131	-634.374823	-634.348224	-634.35737	
161.9984	-634.482391	-634.46209	-634.447484	-634.444636	
162.0085	-634.583551	-634.549356	-634.548644	-634.531903	
162.0188	-634.686031	-634.636623	-634.651124	-634.619169	
162.0289	-634.787091	-634.715162	-634.752184	-634.706436	
162.039	-634.888631	-634.811156	-634.853724	-634.802429	
162.0573	-635.070871	-634.898422	-635.035964	-634.898422	
162.0619	-635.117441	-635.029322	-635.082534	-635.020595	
162.0722	-635.219921	-635.134041	-635.185014	-635.125315	
162.0823	-635.321231	-635.238761	-635.286324	-635.221308	
162.0924	-635.422561	-635.360934	-635.387654	-635.334754	
162.1026	-635.524471	-635.474381	-635.489564	-635.439474	
162.1128	-635.625861	-635.596554	-635.590954	-635.544194	
162.123	-635.727741	-635.718727	-635.692834	-635.666367	
162.1332	-635.829961	-635.8409	-635.795054	-635.771087	
162.1433	-635.931151	-635.963073	-635.896244	-635.89326	
162.1535	-636.033331	-636.076519	-635.998424	-635.997979	
162.1637	-636.134931	-636.189966	-636.100024	-636.120152	
162.1737	-636.235701	-636.294685	-636.200794	-636.242326	
162.184	-636.337981	-636.399405	-636.303074	-636.347045	
162.1941	-636.439471	-636.504125	-636.404564	-636.460492	
162.2043	-636.541061	-636.600118	-636.506154	-636.565211	
162.2144	-636.642621	-636.696111	-636.607714	-636.669931	
162.2246	-636.743921	-636.774651	-636.709014	-636.765924	
162.2427	-636.925391	-636.931731	-636.890484	-636.940457	
162.2474	-636.972021	-636.966637	-636.937114	-636.975364	
162.2576	-637.073781	-637.053904	-637.038874	-637.06263	
162.2677	-637.175581	-637.14117	-637.140674	-637.14117	
162.2779	-637.277161	-637.237163	-637.242254	-637.21971	
162.288	-637.378531	-637.32443	-637.343624	-637.306976	
162.2982	-637.480371	-637.420423	-637.445464	-637.394243	
162.3083	-637.581411	-637.516416	-637.546504	-637.472783	
162.3185	-637.682781	-637.621136	-637.647874	-637.568776	
162.3286	-637.784931	-637.725855	-637.750024	-637.656042	
162.3389	-637.886981	-637.830575	-637.852074	-637.752035	
162.349	-637.988321	-637.944022	-637.953414	-637.856755	
162.3591	-638.089611	-638.057468	-638.054704	-637.961475	
162.3694	-638.192251	-638.162188	-638.157344	-638.074921	
162.3796	-638.294171	-638.284361	-638.259264	-638.197094	
162.3896	-638.394491	-638.406534	-638.359584	-638.310541	
162.3997	-638.495551	-638.511254	-638.460644	-638.432714	
162.4099	-638.597621	-638.633427	-638.562714	-638.554887	
162.4201	-638.698881	-638.746873	-638.663974	-638.685786	
162.4302	-638.800271	-638.851593	-638.765364	-638.790506	
162.4404	-638.901771	-638.956313	-638.866864	-638.912679	
162.4505	-639.003531	-639.052306	-638.968624	-639.026126	
162.4607	-639.105441	-639.148299	-639.070534	-639.130845	
162.4709	-639.207031	-639.244292	-639.172124	-639.226839	
162.4814	-639.312281	-639.322832	-639.277374	-639.314105	
162.4912	-639.410201	-639.418825	-639.375294	-639.410098	
162.5014	-639.511701	-639.506091	-639.476794	-639.497365	
162.5115	-639.609872	-639.593358	-639.574965	-639.575904	
162.5217	-639.707177	-639.680624	-639.672271	-639.663171	
162.5318	-639.80116	-639.767891	-639.766254	-639.732984	
162.542	-639.893797	-639.863884	-639.85889	-639.82025	
162.5522	-639.984562	-639.959877	-639.949656	-639.907517	
162.5624	-640.072767	-640.047143	-640.03786	-639.986057	
162.5725	-640.15876	-640.143136	-640.123853	-640.064597	
162.5827	-640.243573	-640.230403	-640.208666	-640.151863	
162.5928	-640.325619	-640.326396	-640.290712	-640.247856	
162.6031	-640.40636	-640.422389	-640.371453	-640.335123	
162.6132	-640.484723	-640.509656	-640.449816	-640.431116	
162.6234	-640.560671	-640.588195	-640.525765	-640.518382	
162.6336	-640.635061	-640.675462	-640.600154	-640.605649	
162.6437	-640.707461	-640.754002	-640.672554	-640.710368	
162.6538	-640.777152	-640.841268	-640.742246	-640.797635	
162.664	-640.845623	-640.911081	-640.810717	-640.876175	
162.6742	-640.912018	-640.980894	-640.877111	-640.954715	
162.6843	-640.975665	-641.050708	-640.940758	-641.024528	
162.6945	-641.037811	-641.111794	-641.002904	-641.094341	
162.7046	-641.0979	-641.164154	-641.062994	-641.164154	
162.7148	-641.156451	-641.225241	-641.121545	-641.207787	
162.725	-641.212702	-641.268874	-641.177796	-641.260147	
162.7351	-641.266621	-641.312507	-641.231714	-641.295054	
162.7454	-641.319402	-641.35614	-641.284495	-641.32996	
162.7555	-641.369548	-641.391047	-641.334642	-641.35614	
162.7656	-641.417488	-641.43468	-641.382581	-641.391047	
162.7757	-641.463854	-641.469587	-641.428947	-641.425953	
162.786	-641.508668	-641.504493	-641.473762	-641.452133	
162.7962	-641.551448	-641.5394	-641.516541	-641.48704	
162.8062	-641.591412	-641.574306	-641.556505	-641.51322	
162.8164	-641.630186	-641.609213	-641.595279	-641.548126	
162.8265	-641.666755	-641.64412	-641.631848	-641.583033	
162.8368	-641.701834	-641.679026	-641.666927	-641.626666	
162.8469	-641.734739	-641.713933	-641.699832	-641.670299	
162.8586	-641.769993	-641.748839	-641.735087	-641.722659	
162.8677	-641.796096	-641.783746	-641.761189	-641.757566	
162.8777	-641.823118	-641.818652	-641.788211	-641.801199	
162.888	-641.848835	-641.853559	-641.813928	-641.844832	
162.8982	-641.872436	-641.879739	-641.83753	-641.879739	
162.9083	-641.894164	-641.914646	-641.859257	-641.923372	
162.9184	-641.914143	-641.940826	-641.879237	-641.958279	
162.9287	-641.932683	-641.975732	-641.897776	-641.984459	
162.9389	-641.949329	-642.001912	-641.914423	-642.001912	
162.949	-641.964261	-642.010639	-641.929355	-642.019365	
162.9592	-641.977583	-642.028092	-641.942677	-642.019365	
162.9694	-641.989313	-642.036819	-641.954406	-642.019365	
162.98	-641.999758	-642.045545	-641.964852	-642.010639	
162.9896	-642.008088	-642.045545	-641.973181	-642.001912	
162.9998	-642.01539	-642.045545	-641.980483	-641.984459	
163.0099	-642.021414	-642.045545	-641.986507	-641.967005	
163.0201	-642.026244	-642.036819	-641.991337	-641.967005	
163.0302	-642.029993	-642.036819	-641.995087	-641.958279	
163.0404	-642.032832	-642.036819	-641.997925	-641.958279	
163.0506	-642.034905	-642.036819	-641.999999	-641.958279	
163.0687	-642.039427	-642.036819	-642.00452	-641.967005	
163.0735	-642.039427	-642.036819	-642.00452	-641.975732	
163.0836	-642.039427	-642.036819	-642.00452	-641.993185	
163.0937	-642.039427	-642.036819	-642.00452	-642.001912	
163.1038	-642.039427	-642.045545	-642.00452	-642.019365	
163.114	-642.039427	-642.045545	-642.00452	-642.036819	
163.1242	-642.039427	-642.045545	-642.00452	-642.045545	
163.1343	-642.039427	-642.045545	-642.00452	-642.054272	
163.1445	-642.039427	-642.045545	-642.00452	-642.054272	
163.1547	-642.039427	-642.045545	-642.00452	-642.054272	
163.1649	-642.039427	-642.045545	-642.00452	-642.045545	
163.175	-642.039427	-642.045545	-642.00452	-642.036819	
163.1852	-642.039427	-642.045545	-642.00452	-642.019365	
163.2034	-642.039427	-642.045545	-642.00452	-642.001912	
163.2081	-642.039427	-642.045545	-642.00452	-641.975732	
163.2182	-642.039427	-642.045545	-642.00452	-641.967005	
163.2283	-642.039427	-642.045545	-642.00452	-641.949552	
163.2386	-642.039427	-642.045545	-642.00452	-641.949552	
163.2486	-642.039427	-642.045545	-642.00452	-641.940826	
163.2588	-642.039427	-642.045545	-642.00452	-641.949552	
163.269	-642.039427	-642.045545	-642.00452	-641.958279	
163.2791	-642.039427	-642.045545	-642.00452	-641.967005	
163.2976	-642.039427	-642.045545	-642.00452	-641.984459	
163.3022	-642.039427	-642.045545	-642.00452	-642.001912	
163.3124	-642.039427	-642.045545	-642.00452	-642.028092	
163.3226	-642.039427	-642.045545	-642.00452	-642.045545	
163.333	-642.039427	-642.045545	-642.00452	-642.062999	
163.343	-642.039427	-642.045545	-642.00452	-642.071725	
163.3531	-642.039427	-642.045545	-642.00452	-642.071725	
163.3633	-642.039427	-642.045545	-642.00452	-642.071725	
163.3734	-642.039427	-642.045545	-642.00452	-642.054272	
163.3836	-642.039427	-642.045545	-642.00452	-642.036819	
163.3938	-642.039427	-642.045545	-642.00452	-642.019365	
163.404	-642.039427	-642.045545	-642.00452	-642.001912	
163.4141	-642.039427	-642.045545	-642.00452	-641.975732	
163.4243	-642.039427	-642.045545	-642.00452	-641.958279	
163.4344	-642.039427	-642.045545	-642.00452	-641.940826	
163.4446	-642.039427	-642.045545	-642.00452	-641.932099	
163.4547	-642.039427	-642.045545	-642.00452	-641.932099	
163.4649	-642.039427	-642.045545	-642.00452	-641.940826	
163.4752	-642.039427	-642.045545	-642.00452	-641.958279	
163.4854	-642.039427	-642.045545	-642.00452	-641.975732	
163.4955	-642.039427	-642.045545	-642.00452	-642.001912	
163.5057	-642.039427	-642.045545	-642.00452	-642.036819	
163.5158	-642.039427	-642.045545	-642.00452	-642.054272	
163.526	-642.039427	-642.045545	-642.00452	-642.071725	
163.5361	-642.039427	-642.045545	-642.00452	-642.080452	
163.5463	-642.039427	-642.045545	-642.00452	-642.080452	
163.5564	-642.039427	-642.045545	-642.00452	-642.071725	
163.5666	-642.039427	-642.045545	-642.00452	-642.054272	
163.5769	-642.039427	-642.045545	-642.00452	-642.036819	
163.587	-642.039427	-642.045545	-642.00452	-642.010639	
163.5971	-642.039427	-642.045545	-642.00452	-641.984459	
163.6072	-642.039427	-642.045545	-642.00452	-641.967005	
163.6175	-642.039427	-642.045545	-642.00452	-641.940826	
163.6276	-642.039427	-642.045545	-642.00452	-641.923372	
163.6378	-642.039427	-642.045545	-642.00452	-641.914646	
163.648	-642.039427	-642.045545	-642.00452	-641.923372	
163.6581	-642.039427	-642.045545	-642.00452	-641.932099	
163.6682	-642.039427	-642.045545	-642.00452	-641.949552	
163.6783	-642.039427	-642.045545	-642.00452	-641.967005	
163.6885	-642.039427	-642.045545	-642.00452	-642.001912	
163.6987	-642.039427	-642.045545	-642.00452	-642.028092	
163.7088	-642.039427	-642.045545	-642.00452	-642.054272	
163.719	-642.039427	-642.045545	-642.00452	-642.062999	
163.7292	-642.039427	-642.045545	-642.00452	-642.071725	
163.7472	-642.039427	-642.045545	-642.00452	-642.071725	
163.7519	-642.039427	-642.045545	-642.00452	-642.062999	
163.7621	-642.039427	-642.045545	-642.00452	-642.045545	
163.7722	-642.039427	-642.045545	-642.00452	-642.028092	
163.7824	-642.039427	-642.045545	-642.00452	-642.001912	
163.7925	-642.039427	-642.045545	-642.00452	-641.984459	
163.8028	-642.039427	-642.045545	-642.00452	-641.958279	
163.8129	-642.039427	-642.045545	-642.00452	-641.932099	
163.8231	-642.039427	-642.045545	-642.00452	-641.914646	
163.8332	-642.039427	-642.045545	-642.00452	-641.905919	
163.8434	-642.039427	-642.045545	-642.00452	-641.905919	
163.8535	-642.039427	-642.045545	-642.00452	-641.923372	
163.8637	-642.039427	-642.045545	-642.00452	-641.940826	
163.8739	-642.039427	-642.045545	-642.00452	-641.967005	
163.884	-642.039427	-642.045545	-642.00452	-642.001912	
163.8941	-642.039427	-642.045545	-642.00452	-642.036819	
163.9043	-642.039427	-642.045545	-642.00452	-642.071725	
163.9145	-642.039427	-642.045545	-642.00452	-642.097905	
163.9246	-642.039427	-642.045545	-642.00452	-642.115358	
163.9348	-642.039427	-642.045545	-642.00452	-642.124085	
163.945	-642.039427	-642.045545	-642.00452	-642.124085	
163.9552	-642.039427	-642.045545	-642.00452	-642.106632	
163.9654	-642.039427	-642.045545	-642.00452	-642.071725	
163.9755	-642.039427	-642.045545	-642.00452	-642.036819	
163.9857	-642.039427	-642.045545	-642.00452	-641.993185	
163.9959	-642.039427	-642.045545	-642.00452	-641.949552	
164.0059	-642.039427	-642.045545	-642.00452	-641.897192	
164.0161	-642.039427	-642.045545	-642.00452	-641.862286	
164.0263	-642.039427	-642.045545	-642.00452	-641.844832	
164.0365	-642.039427	-642.045545	-642.00452	-641.844832	
164.0466	-642.039427	-642.045545	-642.00452	-641.862286	
164.0568	-642.039427	-642.045545	-642.00452	-641.897192	
164.0671	-642.039427	-642.045545	-642.00452	-641.949552	
164.0772	-642.039427	-642.045545	-642.00452	-642.001912	
164.0873	-642.039427	-642.045545	-642.00452	-642.054272	
164.0976	-642.039427	-642.045545	-642.00452	-642.106632	
164.1077	-642.039427	-642.045545	-642.00452	-642.150265	
164.1179	-642.039427	-642.045545	-642.00452	-642.176445	
164.128	-642.039427	-642.045545	-642.00452	-642.193898	
164.1381	-642.039427	-642.045545	-642.00452	-642.176445	
164.1483	-642.039427	-642.045545	-642.00452	-642.141538	
164.1584	-642.039427	-642.045545	-642.00452	-642.097905	
164.1686	-642.039427	-642.045545	-642.00452	-642.036819	
164.1787	-642.039427	-642.045545	-642.00452	-641.967005	
164.1889	-642.039427	-642.045545	-642.00452	-641.897192	
164.1991	-642.039427	-642.045545	-642.00452	-641.836106	
164.2093	-642.039427	-642.045545	-642.00452	-641.792473	
164.2195	-642.039427	-642.045545	-642.00452	-641.775019	
164.2295	-642.039427	-642.045545	-642.00452	-641.775019	
164.2397	-642.039427	-642.045545	-642.00452	-641.792473	
164.2499	-642.039427	-642.045545	-642.00452	-641.827379	
164.26	-642.039427	-642.045545	-642.00452	-641.879739	
164.2702	-642.039427	-642.045545	-642.00452	-641.949552	
164.2803	-642.039427	-642.045545	-642.00452	-642.028092	
164.2905	-642.039427	-642.045545	-642.00452	-642.106632	
164.3006	-642.039427	-642.045545	-642.00452	-642.167718	
164.3108	-642.039427	-642.045545	-642.00452	-642.211352	
164.321	-642.039427	-642.045545	-642.00452	-642.246258	
164.3312	-642.039427	-642.045545	-642.00452	-642.246258	
164.3413	-642.039427	-642.045545	-642.00452	-642.228805	
164.3515	-642.039427	-642.045545	-642.00452	-642.193898	
164.3617	-642.039427	-642.045545	-642.00452	-642.141538	
164.3719	-642.039427	-642.045545	-642.00452	-642.071725	
164.3819	-642.039427	-642.045545	-642.00452	-642.001912	
164.3922	-642.039427	-642.045545	-642.00452	-641.914646	
164.4024	-642.039427	-642.045545	-642.00452	-641.836106	
164.4125	-642.039427	-642.045545	-642.00452	-641.775019	
164.4226	-642.039427	-642.045545	-642.00452	-641.740113	
164.4347	-642.039427	-642.045545	-642.00452	-641.722659	
164.4448	-642.039427	-642.045545	-642.00452	-641.740113	
164.455	-642.039427	-642.045545	-642.00452	-641.775019	
164.4651	-642.039427	-642.045545	-642.00452	-641.818652	
164.4753	-642.039427	-642.045545	-642.00452	-641.879739	
164.4855	-642.039427	-642.045545	-642.00452	-641.958279	
164.4956	-642.039427	-642.045545	-642.00452	-642.036819	
164.5059	-642.039427	-642.045545	-642.00452	-642.115358	
164.516	-642.039427	-642.045545	-642.00452	-642.185172	
164.5261	-642.039427	-642.045545	-642.00452	-642.246258	
164.5363	-642.039427	-642.045545	-642.00452	-642.263711	
164.5465	-642.039427	-642.045545	-642.00452	-642.272438	
164.5566	-642.039427	-642.045545	-642.00452	-642.246258	
164.5667	-642.039427	-642.045545	-642.00452	-642.211352	
164.5769	-642.039427	-642.045545	-642.00452	-642.158992	
164.5874	-642.039427	-642.045545	-642.00452	-642.097905	
164.5973	-642.039427	-642.045545	-642.00452	-642.019365	
164.6074	-642.039427	-642.045545	-642.00452	-641.932099	
164.6176	-642.039427	-642.045545	-642.00452	-641.862286	
164.6277	-642.039427	-642.045545	-642.00452	-641.792473	
164.6379	-642.039427	-642.045545	-642.00452	-641.757566	
164.6481	-642.039427	-642.045545	-642.00452	-641.731386	
164.6582	-642.039427	-642.045545	-642.00452	-641.731386	
164.6684	-642.039427	-642.045545	-642.00452	-641.757566	
164.6785	-642.039427	-642.045545	-642.00452	-641.792473	
164.6886	-642.039427	-642.045545	-642.00452	-641.844832	
164.6988	-642.039427	-642.045545	-642.00452	-641.914646	
164.709	-642.039427	-642.045545	-642.00452	-642.001912	
164.7191	-642.039427	-642.045545	-642.00452	-642.080452	
164.7371	-642.039427	-642.045545	-642.00452	-642.158992	
164.7418	-642.039427	-642.045545	-642.00452	-642.237532	
164.752	-642.039427	-642.045545	-642.00452	-642.281165	
164.7622	-642.039427	-642.045545	-642.00452	-642.281165	
164.7723	-642.039427	-642.045545	-642.00452	-642.281165	
164.7825	-642.039427	-642.045545	-642.00452	-642.246258	
164.7927	-642.039427	-642.045545	-642.00452	-642.211352	
164.8028	-642.039427	-642.045545	-642.00452	-642.141538	
164.8131	-642.039427	-642.045545	-642.00452	-642.071725	
164.8232	-642.039427	-642.045545	-642.00452	-641.984459	
164.8334	-642.039427	-642.045545	-642.00452	-641.897192	
164.8514	-642.039427	-642.045545	-642.00452	-641.818652	
164.856	-642.039427	-642.045545	-642.00452	-641.740113	
164.8666	-642.039427	-642.045545	-642.00452	-641.705206	
164.8764	-642.039427	-642.045545	-642.00452	-641.696479	
164.8866	-642.039427	-642.045545	-642.00452	-641.713933	
164.8968	-642.039427	-642.045545	-642.00452	-641.740113	
164.9072	-642.039427	-642.045545	-642.00452	-641.775019	
164.9172	-642.039427	-642.045545	-642.00452	-641.836106	
164.9294	-642.039427	-642.045545	-642.00452	-641.932099	
164.9395	-642.039427	-642.045545	-642.00452	-642.001912	
164.9496	-642.039427	-642.045545	-642.00452	-642.097905	
164.9602	-642.039427	-642.045545	-642.00452	-642.176445	
164.9699	-642.039427	-642.045545	-642.00452	-642.246258	
164.9801	-642.039427	-642.045545	-642.00452	-642.281165	
164.9902	-642.039427	-642.045545	-642.00452	-642.298618	
165.0005	-642.039427	-642.045545	-642.00452	-642.281165	
165.0106	-642.039427	-642.045545	-642.00452	-642.254985	
165.0208	-642.039427	-642.045545	-642.00452	-642.211352	
165.0309	-642.039427	-642.045545	-642.00452	-642.150265	
165.0411	-642.039427	-642.045545	-642.00452	-642.080452	
165.0514	-642.039427	-642.045545	-642.00452	-641.993185	
165.0615	-642.039427	-642.045545	-642.00452	-641.897192	
165.0719	-642.039427	-642.045545	-642.00452	-641.827379	
165.0819	-642.039427	-642.045545	-642.00452	-641.757566	
165.0921	-642.039427	-642.045545	-642.00452	-641.722659	
165.1022	-642.039427	-642.045545	-642.00452	-641.705206	
165.1124	-642.039427	-642.045545	-642.00452	-641.705206	
165.1226	-642.039427	-642.045545	-642.00452	-641.731386	
165.1327	-642.039427	-642.045545	-642.00452	-641.766293	
165.1429	-642.039427	-642.045545	-642.00452	-641.827379	
165.1531	-642.039427	-642.045545	-642.00452	-641.897192	
165.1634	-642.039427	-642.045545	-642.00452	-641.967005	
165.1736	-642.039427	-642.045545	-642.00452	-642.062999	
165.1836	-642.039427	-642.045545	-642.00452	-642.141538	
165.1939	-642.039427	-642.045545	-642.00452	-642.211352	
165.2041	-642.039427	-642.045545	-642.00452	-642.254985	
165.2141	-642.039427	-642.045545	-642.00452	-642.281165	
165.2243	-642.039427	-642.045545	-642.00452	-642.281165	
165.2344	-642.039427	-642.045545	-642.00452	-642.263711	
165.2446	-642.039427	-642.045545	-642.00452	-642.228805	
165.2548	-642.039427	-642.045545	-642.00452	-642.176445	
165.2649	-642.039427	-642.045545	-642.00452	-642.106632	
165.2831	-642.039427	-642.045545	-642.00452	-641.958279	
165.2878	-642.039427	-642.045545	-642.00452	-641.905919	
165.298	-642.039427	-642.045545	-642.00452	-641.827379	
165.3082	-642.039427	-642.045545	-642.00452	-641.766293	
165.3183	-642.039427	-642.045545	-642.00452	-641.722659	
165.3285	-642.039427	-642.045545	-642.00452	-641.705206	
165.3387	-642.039427	-642.045545	-642.00452	-641.713933	
165.3489	-642.039427	-642.045545	-642.00452	-641.740113	
165.3591	-642.039427	-642.045545	-642.00452	-641.775019	
165.3693	-642.039427	-642.045545	-642.00452	-641.827379	
165.3796	-642.039427	-642.045545	-642.00452	-641.905919	
165.3896	-642.039427	-642.045545	-642.00452	-641.984459	
165.3997	-642.039427	-642.045545	-642.00452	-642.071725	
165.4098	-642.039427	-642.045545	-642.00452	-642.150265	
165.4218	-642.039427	-642.045545	-642.00452	-642.220078	
165.4302	-642.039427	-642.045545	-642.00452	-642.263711	
165.4404	-642.039427	-642.045545	-642.00452	-642.281165	
165.4505	-642.039427	-642.045545	-642.00452	-642.281165	
165.4607	-642.039427	-642.045545	-642.00452	-642.254985	
165.4709	-642.039427	-642.045545	-642.00452	-642.211352	
165.4809	-642.039427	-642.045545	-642.00452	-642.158992	
165.4911	-642.039427	-642.045545	-642.00452	-642.089179	
165.5014	-642.039427	-642.045545	-642.00452	-642.010639	
165.5115	-642.039427	-642.045545	-642.00452	-641.923372	
165.5217	-642.039427	-642.045545	-642.00452	-641.844832	
165.5318	-642.039427	-642.045545	-642.00452	-641.775019	
165.542	-642.039427	-642.045545	-642.00452	-641.731386	
165.5522	-642.039427	-642.045545	-642.00452	-641.722659	
165.5624	-642.039427	-642.045545	-642.00452	-641.722659	
165.5726	-642.039427	-642.045545	-642.00452	-641.757566	
165.5827	-642.039427	-642.045545	-642.00452	-641.792473	
165.593	-642.039427	-642.045545	-642.00452	-641.853559	
165.6032	-642.039427	-642.045545	-642.00452	-641.932099	
165.6133	-642.039427	-642.045545	-642.00452	-642.001912	
165.6235	-642.039427	-642.045545	-642.00452	-642.089179	
165.6337	-642.039427	-642.045545	-642.00452	-642.167718	
165.6438	-642.039427	-642.045545	-642.00452	-642.228805	
165.654	-642.039427	-642.045545	-642.00452	-642.272438	
165.6641	-642.039427	-642.045545	-642.00452	-642.281165	
165.6743	-642.039427	-642.045545	-642.00452	-642.281165	
165.6844	-642.039427	-642.045545	-642.00452	-642.246258	
165.6946	-642.039427	-642.045545	-642.00452	-642.211352	
165.7047	-642.039427	-642.045545	-642.00452	-642.158992	
165.7149	-642.039427	-642.045545	-642.00452	-642.080452	
165.7251	-642.039427	-642.045545	-642.00452	-642.001912	
165.7352	-642.039427	-642.045545	-642.00452	-641.914646	
165.7454	-642.039427	-642.045545	-642.00452	-641.836106	
165.7556	-642.039427	-642.045545	-642.00452	-641.775019	
165.7657	-642.039427	-642.045545	-642.00452	-641.731386	
165.7758	-642.039427	-642.045545	-642.00452	-641.722659	
165.7861	-642.039427	-642.045545	-642.00452	-641.722659	
165.7964	-642.039427	-642.045545	-642.00452	-641.748839	
165.8064	-642.039427	-642.045545	-642.00452	-641.792473	
165.8166	-642.039427	-642.045545	-642.00452	-641.853559	
165.8268	-642.039427	-642.045545	-642.00452	-641.932099	
165.8369	-642.039427	-642.045545	-642.00452	-642.010639	
165.8472	-642.039427	-642.045545	-642.00452	-642.097905	
165.8572	-642.039427	-642.045545	-642.00452	-642.176445	
165.8675	-642.039427	-642.045545	-642.00452	-642.237532	
165.8776	-642.039427	-642.045545	-642.00452	-642.281165	
165.8877	-642.039427	-642.045545	-642.00452	-642.289891	
165.898	-642.039427	-642.045545	-642.00452	-642.281165	
165.9082	-642.039427	-642.045545	-642.00452	-642.246258	
165.9183	-642.039427	-642.045545	-642.00452	-642.211352	
165.9285	-642.039427	-642.045545	-642.00452	-642.141538	
165.9386	-642.039427	-642.045545	-642.00452	-642.071725	
165.9487	-642.039427	-642.045545	-642.00452	-641.993185	
165.9589	-642.039427	-642.045545	-642.00452	-641.897192	
165.969	-642.039427	-642.045545	-642.00452	-641.827379	
165.9872	-642.039427	-642.045545	-642.00452	-641.757566	
165.9919	-642.039427	-642.045545	-642.00452	-641.722659	
166.0021	-642.039427	-642.045545	-642.00452	-641.722659	
166.0123	-642.039427	-642.045545	-642.00452	-641.731386	
166.0224	-642.039427	-642.045545	-642.00452	-641.775019	
166.0326	-642.039427	-642.045545	-642.00452	-641.827379	
166.0428	-642.039427	-642.045545	-642.00452	-641.897192	
166.0529	-642.039427	-642.045545	-642.00452	-641.967005	
166.0631	-642.039427	-642.045545	-642.00452	-642.054272	
166.0733	-642.039427	-642.045545	-642.00452	-642.132812	
166.0835	-642.039427	-642.045545	-642.00452	-642.193898	
166.0936	-642.039427	-642.045545	-642.00452	-642.228805	
166.1038	-642.039427	-642.045545	-642.00452	-642.246258	
166.114	-642.039427	-642.045545	-642.00452	-642.228805	
166.1242	-642.039427	-642.045545	-642.00452	-642.202625	
166.1343	-642.039427	-642.045545	-642.00452	-642.150265	
166.1444	-642.039427	-642.045545	-642.00452	-642.089179	
166.1546	-642.039427	-642.045545	-642.00452	-642.010639	
166.1648	-642.039427	-642.045545	-642.00452	-641.932099	
166.1748	-642.039427	-642.045545	-642.00452	-641.862286	
166.185	-642.039427	-642.045545	-642.00452	-641.801199	
166.1953	-642.039427	-642.045545	-642.00452	-641.766293	
166.2054	-642.039427	-642.045545	-642.00452	-641.757566	
166.2155	-642.039427	-642.045545	-642.00452	-641.766293	
166.226	-642.039427	-642.045545	-642.00452	-641.792473	
166.2359	-642.039427	-642.045545	-642.00452	-641.844832	
166.246	-642.039427	-642.045545	-642.00452	-641.905919	
166.2562	-642.039427	-642.045545	-642.00452	-641.984459	
166.2666	-642.039427	-642.045545	-642.00452	-642.054272	
166.2765	-642.039427	-642.045545	-642.00452	-642.115358	
166.2866	-642.039427	-642.045545	-642.00452	-642.158992	
166.2969	-642.039427	-642.045545	-642.00452	-642.185172	
166.307	-642.039427	-642.045545	-642.00452	-642.185172	
166.3172	-642.039427	-642.045545	-642.00452	-642.158992	
166.3273	-642.039427	-642.045545	-642.00452	-642.106632	
166.3375	-642.039427	-642.045545	-642.00452	-642.054272	
166.3477	-642.039427	-642.045545	-642.00452	-641.984459	
166.3579	-642.039427	-642.045545	-642.00452	-641.914646	
166.3679	-642.039427	-642.045545	-642.00452	-641.844832	
166.3782	-642.039427	-642.045545	-642.00452	-641.792473	
166.3883	-642.039427	-642.045545	-642.00452	-641.757566	
166.3984	-642.039427	-642.045545	-642.00452	-641.757566	
166.4086	-642.039427	-642.045545	-642.00452	-641.775019	
166.4188	-642.039427	-642.045545	-642.00452	-641.818652	
166.4289	-642.039427	-642.045545	-642.00452	-641.871012	
166.4391	-642.039427	-642.045545	-642.00452	-641.940826	
166.4572	-642.039427	-642.045545	-642.00452	-642.010639	
166.462	-642.039427	-642.045545	-642.00452	-642.106632	
166.4721	-642.039427	-642.045545	-642.00452	-642.150265	
166.4823	-642.039427	-642.045545	-642.00452	-642.176445	
166.4925	-642.039427	-642.045545	-642.00452	-642.176445	
166.5026	-642.039427	-642.045545	-642.00452	-642.158992	
166.5127	-642.039427	-642.045545	-642.00452	-642.106632	
166.5229	-642.039427	-642.045545	-642.00452	-642.054272	
166.5331	-642.039427	-642.045545	-642.00452	-641.984459	
166.5433	-642.039427	-642.045545	-642.00452	-641.914646	
166.5534	-642.039427	-642.045545	-642.00452	-641.844832	
166.5636	-642.039427	-642.045545	-642.00452	-641.792473	
166.5739	-642.039427	-642.045545	-642.00452	-641.766293	
166.5839	-642.039427	-642.045545	-642.00452	-641.757566	
166.5941	-642.039427	-642.045545	-642.00452	-641.775019	
166.6043	-642.039427	-642.045545	-642.00452	-641.818652	
166.6144	-642.039427	-642.045545	-642.00452	-641.862286	
166.6246	-642.039427	-642.045545	-642.00452	-641.932099	
166.6348	-642.039427	-642.045545	-642.00452	-642.001912	
166.6449	-642.039427	-642.045545	-642.00452	-642.071725	
166.655	-642.039427	-642.045545	-642.00452	-642.115358	
166.6652	-642.039427	-642.045545	-642.00452	-642.141538	
166.6833	-642.039427	-642.045545	-642.00452	-642.115358	
166.6884	-642.039427	-642.045545	-642.00452	-642.106632	
166.6982	-642.039427	-642.045545	-642.00452	-642.071725	
166.7083	-642.039427	-642.045545	-642.00452	-642.019365	
166.7184	-642.039427	-642.045545	-642.00452	-641.967005	
166.7286	-642.039427	-642.045545	-642.00452	-641.905919	
166.7388	-642.039427	-642.045545	-642.00452	-641.862286	
166.7489	-642.039427	-642.045545	-642.00452	-641.827379	
166.7591	-642.039427	-642.045545	-642.00452	-641.809926	
166.7693	-642.039427	-642.045545	-642.00452	-641.818652	
166.7797	-642.039427	-642.045545	-642.00452	-641.844832	
166.7899	-642.039427	-642.045545	-642.00452	-641.879739	
166.7998	-642.039427	-642.045545	-642.00452	-641.923372	
166.8099	-642.039427	-642.045545	-642.00452	-641.967005	
166.82	-642.039427	-642.045545	-642.00452	-642.001912	
166.8301	-642.039427	-642.045545	-642.00452	-642.028092	
166.8403	-642.039427	-642.045545	-642.00452	-642.036819	
166.8507	-642.039427	-642.045545	-642.00452	-642.028092	
166.8606	-642.039427	-642.045545	-642.00452	-642.001912	
166.8789	-642.039427	-642.045545	-642.00452	-641.967005	
166.8836	-642.039427	-642.045545	-642.00452	-641.949552	
166.8938	-642.039427	-642.045545	-642.00452	-641.932099	
166.904	-642.039427	-642.045545	-642.00452	-641.905919	
166.9142	-642.039427	-642.045545	-642.00452	-641.897192	
166.9243	-642.039427	-642.045545	-642.00452	-641.897192	
166.9345	-642.039427	-642.045545	-642.00452	-641.897192	
166.9446	-642.039427	-642.045545	-642.00452	-641.914646	
166.9548	-642.039427	-642.045545	-642.00452	-641.932099	
166.9649	-642.039427	-642.045545	-642.00452	-641.949552	
166.9751	-642.039427	-642.045545	-642.00452	-641.967005	
166.9853	-642.039427	-642.045545	-642.00452	-641.967005	
166.9955	-642.039427	-642.045545	-642.00452	-641.967005	
167.0056	-642.039427	-642.045545	-642.00452	-641.967005	
167.0157	-642.039427	-642.045545	-642.00452	-641.967005	
167.026	-642.039427	-642.045545	-642.00452	-641.958279	
167.0362	-642.039427	-642.045545	-642.00452	-641.958279	
167.0462	-642.039427	-642.045545	-642.00452	-641.949552	
167.0564	-642.039427	-642.045545	-642.00452	-641.949552	
167.0665	-642.039427	-642.045545	-642.00452	-641.949552	
167.0767	-642.039427	-642.045545	-642.00452	-641.949552	
167.0868	-642.039427	-642.045545	-642.00452	-641.949552	
167.097	-642.039427	-642.045545	-642.00452	-641.949552	
167.1072	-642.039427	-642.045545	-642.00452	-641.949552	
167.1174	-642.039427	-642.045545	-642.00452	-641.949552	
167.1275	-642.039427	-642.045545	-642.00452	-641.949552	
167.1376	-642.039427	-642.045545	-642.00452	-641.949552	
167.1479	-642.039427	-642.045545	-642.00452	-641.949552	
167.1579	-642.039427	-642.045545	-642.00452	-641.949552	
167.1681	-642.039427	-642.045545	-642.00452	-641.949552	
167.1783	-642.039427	-642.045545	-642.00452	-641.949552	
167.1884	-642.039427	-642.045545	-642.00452	-641.949552	
167.1985	-642.039427	-642.045545	-642.00452	-641.949552	
167.2087	-642.039427	-642.045545	-642.00452	-641.949552	
167.2189	-642.039427	-642.045545	-642.00452	-641.949552	
167.229	-642.039427	-642.045545	-642.00452	-641.949552	
167.2391	-642.039427	-642.045545	-642.00452	-641.949552	
167.2493	-642.039427	-642.045545	-642.00452	-641.949552	
167.2595	-642.039427	-642.045545	-642.00452	-641.949552	
167.27	-642.039427	-642.045545	-642.00452	-641.958279	
167.2798	-642.039427	-642.045545	-642.00452	-641.967005	
167.29	-642.039427	-642.045545	-642.00452	-641.975732	
167.3002	-642.039427	-642.045545	-642.00452	-641.993185	
167.3102	-642.039427	-642.045545	-642.00452	-642.001912	
167.3205	-642.039427	-642.045545	-642.00452	-642.019365	
167.3306	-642.039427	-642.045545	-642.00452	-642.028092	
167.3407	-642.039427	-642.045545	-642.00452	-642.036819	
167.3509	-642.039427	-642.045545	-642.00452	-642.036819	
167.3611	-642.039427	-642.045545	-642.00452	-642.036819	
167.3715	-642.039427	-642.045545	-642.00452	-642.036819	
167.3816	-642.039427	-642.045545	-642.00452	-642.036819	
167.3918	-642.039427	-642.045545	-642.00452	-642.028092	
167.402	-642.039427	-642.045545	-642.00452	-642.019365	
167.4121	-642.039427	-642.045545	-642.00452	-642.001912	
167.4318	-642.039427	-642.045545	-642.00452	-641.984459	
167.4364	-642.039427	-642.045545	-642.00452	-641.984459	
167.4466	-642.039427	-642.045545	-642.00452	-641.967005	
167.4568	-642.039427	-642.045545	-642.00452	-641.967005	
167.4671	-642.039427	-642.045545	-642.00452	-641.958279	
167.4773	-642.039427	-642.045545	-642.00452	-641.958279	
167.4876	-642.039427	-642.045545	-642.00452	-641.967005	
167.4979	-642.039427	-642.045545	-642.00452	-641.975732	
167.508	-642.039427	-642.045545	-642.00452	-641.984459	
167.5185	-642.039427	-642.045545	-642.00452	-642.001912	
167.5282	-642.039427	-642.045545	-642.00452	-642.010639	
167.5385	-642.039427	-642.045545	-642.00452	-642.028092	
167.5486	-642.039427	-642.045545	-642.00452	-642.036819	
167.5587	-642.039427	-642.045545	-642.00452	-642.045545	
167.5688	-642.039427	-642.045545	-642.00452	-642.045545	
167.579	-642.039427	-642.045545	-642.00452	-642.045545	
167.5893	-642.039427	-642.045545	-642.00452	-642.045545	
167.5994	-642.039427	-642.045545	-642.00452	-642.045545	
167.6095	-642.039427	-642.045545	-642.00452	-642.036819	
167.6196	-642.039427	-642.045545	-642.00452	-642.028092	
167.6302	-642.039427	-642.045545	-642.00452	-642.010639	
167.6399	-642.039427	-642.045545	-642.00452	-642.001912	
167.6501	-642.039427	-642.045545	-642.00452	-641.984459	
167.6603	-642.039427	-642.045545	-642.00452	-641.975732	
167.6704	-642.039427	-642.045545	-642.00452	-641.967005	
167.6806	-642.039427	-642.045545	-642.00452	-641.958279	
167.6908	-642.039427	-642.045545	-642.00452	-641.958279	
167.701	-642.039427	-642.045545	-642.00452	-641.967005	
167.711	-642.039427	-642.045545	-642.00452	-641.967005	
167.7212	-642.039427	-642.045545	-642.00452	-641.975732	
167.7314	-642.039427	-642.045545	-642.00452	-641.993185	
167.7416	-642.039427	-642.045545	-642.00452	-642.001912	
167.7518	-642.039427	-642.045545	-642.00452	-642.019365	
167.762	-642.039427	-642.045545	-642.00452	-642.036819	
167.7721	-642.039427	-642.045545	-642.00452	-642.045545	
167.7822	-642.039427	-642.045545	-642.00452	-642.062999	
167.7924	-642.039427	-642.045545	-642.00452	-642.071725	
167.8026	-642.039427	-642.045545	-642.00452	-642.071725	
167.8127	-642.039427	-642.045545	-642.00452	-642.071725	
167.8229	-642.039427	-642.045545	-642.00452	-642.054272	
167.8331	-642.039427	-642.045545	-642.00452	-642.045545	
167.8432	-642.039427	-642.045545	-642.00452	-642.028092	
167.8534	-642.039427	-642.045545	-642.00452	-642.001912	
167.8636	-642.039427	-642.045545	-642.00452	-641.984459	
167.874	-642.039427	-642.045545	-642.00452	-641.958279	
167.8839	-642.039427	-642.045545	-642.00452	-641.932099	
167.894	-642.039427	-642.045545	-642.00452	-641.923372	
167.9042	-642.039427	-642.045545	-642.00452	-641.914646	
167.9144	-642.039427	-642.045545	-642.00452	-641.914646	
167.9245	-642.039427	-642.045545	-642.00452	-641.923372	
167.9346	-642.039427	-642.045545	-642.00452	-641.940826	
167.9449	-642.039427	-642.045545	-642.00452	-641.967005	
167.955	-642.039427	-642.045545	-642.00452	-642.001912	
167.9652	-642.039427	-642.045545	-642.00452	-642.028092	
167.9753	-642.039427	-642.045545	-642.00452	-642.062999	
167.9855	-642.039427	-642.045545	-642.00452	-642.089179	
167.9957	-642.039427	-642.045545	-642.00452	-642.106632	
168.0058	-642.039427	-642.045545	-642.00452	-642.115358	
168.0159	-642.039427	-642.045545	-642.00452	-642.106632	
168.0261	-642.039427	-642.045545	-642.00452	-642.106632	
168.0363	-642.039427	-642.045545	-642.00452	-642.071725	
168.0465	-642.039427	-642.045545	-642.00452	-642.045545	
168.0567	-642.039427	-642.045545	-642.00452	-642.001912	
168.0668	-642.039427	-642.045545	-642.00452	-641.967005	
168.0772	-642.039427	-642.045545	-642.00452	-641.932099	
168.0871	-642.039427	-642.045545	-642.00452	-641.897192	
168.0973	-642.039427	-642.045545	-642.00452	-641.879739	
168.1074	-642.039427	-642.045545	-642.00452	-641.862286	
168.1176	-642.039427	-642.045545	-642.00452	-641.871012	
168.1277	-642.039427	-642.045545	-642.00452	-641.897192	
168.138	-642.039427	-642.045545	-642.00452	-641.932099	
168.1481	-642.039427	-642.045545	-642.00452	-641.967005	
168.1582	-642.039427	-642.045545	-642.00452	-642.019365	
168.1684	-642.039427	-642.045545	-642.00452	-642.071725	
168.1786	-642.039427	-642.045545	-642.00452	-642.106632	
168.1887	-642.039427	-642.045545	-642.00452	-642.141538	
168.1988	-642.039427	-642.045545	-642.00452	-642.158992	
168.209	-642.039427	-642.045545	-642.00452	-642.158992	
168.2192	-642.039427	-642.045545	-642.00452	-642.141538	
168.2294	-642.039427	-642.045545	-642.00452	-642.106632	
168.2395	-642.039427	-642.045545	-642.00452	-642.071725	
168.2497	-642.039427	-642.045545	-642.00452	-642.010639	
168.2599	-642.039427	-642.045545	-642.00452	-641.949552	
168.27	-642.039427	-642.045545	-642.00452	-641.897192	
168.2801	-642.039427	-642.045545	-642.00452	-641.844832	
168.2903	-642.039427	-642.045545	-642.00452	-641.809926	
168.3005	-642.039427	-642.045545	-642.00452	-641.801199	
168.3106	-642.039427	-642.045545	-642.00452	-641.818652	
168.3209	-642.039427	-642.045545	-642.00452	-641.844832	
168.3312	-642.039427	-642.045545	-642.00452	-641.897192	
168.3413	-642.039427	-642.045545	-642.00452	-641.958279	
168.3513	-642.039427	-642.045545	-642.00452	-642.019365	
168.3616	-642.039427	-642.045545	-642.00452	-642.089179	
168.3717	-642.039427	-642.045545	-642.00452	-642.150265	
168.3819	-642.039427	-642.045545	-642.00452	-642.202625	
168.3921	-642.039427	-642.045545	-642.00452	-642.228805	
168.4022	-642.039427	-642.045545	-642.00452	-642.237532	
168.4125	-642.039427	-642.045545	-642.00452	-642.220078	
168.4225	-642.039427	-642.045545	-642.00452	-642.185172	
168.4328	-642.039427	-642.045545	-642.00452	-642.141538	
168.4429	-642.039427	-642.045545	-642.00452	-642.071725	
168.4531	-642.039427	-642.045545	-642.00452	-641.993185	
168.4632	-642.039427	-642.045545	-642.00452	-641.914646	
168.4734	-642.039427	-642.045545	-642.00452	-641.836106	
168.4916	-642.039427	-642.045545	-642.00452	-641.748839	
168.4962	-642.039427	-642.045545	-642.00452	-641.740113	
168.5064	-642.039427	-642.045545	-642.00452	-641.722659	
168.5165	-642.039427	-642.045545	-642.00452	-641.731386	
168.5268	-642.039427	-642.045545	-642.00452	-641.757566	
168.5369	-642.039427	-642.045545	-642.00452	-641.801199	
168.5471	-642.039427	-642.045545	-642.00452	-641.862286	
168.5572	-642.039427	-642.045545	-642.00452	-641.940826	
168.5674	-642.039427	-642.045545	-642.00452	-642.019365	
168.5777	-642.039427	-642.045545	-642.00452	-642.106632	
168.5877	-642.039427	-642.045545	-642.00452	-642.176445	
168.5979	-642.039427	-642.045545	-642.00452	-642.246258	
168.608	-642.039427	-642.045545	-642.00452	-642.281165	
168.6182	-642.039427	-642.045545	-642.00452	-642.289891	
168.6285	-642.039427	-642.045545	-642.00452	-642.281165	
168.6385	-642.039427	-642.045545	-642.00452	-642.246258	
168.6487	-642.039427	-642.045545	-642.00452	-642.211352	
168.6588	-642.039427	-642.045545	-642.00452	-642.141538	
168.669	-642.039427	-642.045545	-642.00452	-642.071725	
168.6791	-642.039427	-642.045545	-642.00452	-641.984459	
168.6894	-642.039427	-642.045545	-642.00452	-641.897192	
168.6997	-642.039427	-642.045545	-642.00452	-641.818652	
168.7097	-642.039427	-642.045545	-642.00452	-641.757566	
168.7201	-642.039427	-642.045545	-642.00452	-641.722659	
168.7301	-642.039427	-642.045545	-642.00452	-641.705206	
168.7403	-642.039427	-642.045545	-642.00452	-641.713933	
168.7504	-642.039427	-642.045545	-642.00452	-641.731386	
168.7606	-642.039427	-642.045545	-642.00452	-641.775019	
168.7708	-642.039427	-642.045545	-642.00452	-641.827379	
168.7814	-642.039427	-642.045545	-642.00452	-641.905919	
168.7913	-642.039427	-642.045545	-642.00452	-641.993185	
168.8016	-642.039427	-642.045545	-642.00452	-642.080452	
168.8196	-642.039427	-642.045545	-642.00452	-642.220078	
168.8242	-642.039427	-642.045545	-642.00452	-642.246258	
168.8349	-642.039427	-642.045545	-642.00452	-642.298618	
168.8446	-642.039427	-642.045545	-642.00452	-642.316071	
168.8548	-642.039427	-642.045545	-642.00452	-642.316071	
168.865	-642.039427	-642.045545	-642.00452	-642.289891	
168.8836	-642.039427	-642.045545	-642.00452	-642.211352	
168.8883	-642.039427	-642.045545	-642.00452	-642.176445	
168.8985	-642.039427	-642.045545	-642.00452	-642.106632	
168.9086	-642.039427	-642.045545	-642.00452	-642.036819	
168.9187	-642.039427	-642.045545	-642.00452	-641.949552	
168.9289	-642.039427	-642.045545	-642.00452	-641.862286	
168.9392	-642.039427	-642.045545	-642.00452	-641.809926	
168.9572	-642.039427	-642.045545	-642.00452	-641.757566	
168.9619	-642.039427	-642.045545	-642.00452	-641.748839	
168.972	-642.039427	-642.045545	-642.00452	-641.757566	
168.9822	-642.039427	-642.045545	-642.00452	-641.792473	
168.9923	-642.039427	-642.045545	-642.00452	-641.844832	
169.0025	-642.039427	-642.045545	-642.00452	-641.905919	
169.0127	-642.039427	-642.045545	-642.00452	-641.984459	
169.0228	-642.039427	-642.045545	-642.00452	-642.071725	
169.033	-642.039427	-642.045545	-642.00452	-642.141538	
169.0432	-642.039427	-642.045545	-642.00452	-642.176445	
169.0533	-642.039427	-642.045545	-642.00452	-642.211352	
169.0635	-642.039427	-642.045545	-642.00452	-642.211352	
169.0736	-642.039427	-642.045545	-642.00452	-642.202625	
169.0838	-642.039427	-642.045545	-642.00452	-642.167718	
169.094	-642.039427	-642.045545	-642.00452	-642.124085	
169.1041	-642.039427	-642.045545	-642.00452	-642.071725	
169.1144	-642.039427	-642.045545	-642.00452	-642.001912	
169.1245	-642.039427	-642.045545	-642.00452	-641.949552	
169.1346	-642.039427	-642.045545	-642.00452	-641.897192	
169.1448	-642.039427	-642.045545	-642.00452	-641.862286	
169.1551	-642.039427	-642.045545	-642.00452	-641.827379	
169.1651	-642.039427	-642.045545	-642.00452	-641.827379	
169.1752	-642.039427	-642.045545	-642.00452	-641.844832	
169.1855	-642.039427	-642.045545	-642.00452	-641.879739	
169.1957	-642.039427	-642.045545	-642.00452	-641.932099	
169.2058	-642.039427	-642.045545	-642.00452	-642.001912	
169.2159	-642.039427	-642.045545	-642.00452	-642.062999	
169.2262	-642.039427	-642.045545	-642.00452	-642.115358	
169.2362	-642.039427	-642.045545	-642.00452	-642.158992	
169.2464	-642.039427	-642.045545	-642.00452	-642.193898	
169.2566	-642.039427	-642.045545	-642.00452	-642.202625	
169.2668	-642.039427	-642.045545	-642.00452	-642.185172	
169.2769	-642.039427	-642.045545	-642.00452	-642.158992	
169.287	-642.039427	-642.045545	-642.00452	-642.106632	
169.2972	-642.039427	-642.045545	-642.00452	-642.045545	
169.3074	-642.039427	-642.045545	-642.00452	-641.984459	
169.3176	-642.039427	-642.045545	-642.00452	-641.932099	
169.3277	-642.039427	-642.045545	-642.00452	-641.871012	
169.3379	-642.039427	-642.045545	-642.00452	-641.836106	
169.3481	-642.039427	-642.045545	-642.00452	-641.818652	
169.3582	-642.039427	-642.045545	-642.00452	-641.827379	
169.3683	-642.039427	-642.045545	-642.00452	-641.844832	
169.3785	-642.039427	-642.045545	-642.00452	-641.879739	
169.3886	-642.039427	-642.045545	-642.00452	-641.932099	
169.3988	-642.039427	-642.045545	-642.00452	-642.001912	
169.4089	-642.039427	-642.045545	-642.00452	-642.062999	
169.4203	-642.039427	-642.045545	-642.00452	-642.115358	
169.438	-642.039427	-642.045545	-642.00452	-642.150265	
169.4427	-642.039427	-642.045545	-642.00452	-642.158992	
169.4529	-642.039427	-642.045545	-642.00452	-642.150265	
169.463	-642.039427	-642.045545	-642.00452	-642.115358	
169.4732	-642.039427	-642.045545	-642.00452	-642.071725	
169.4834	-642.039427	-642.045545	-642.00452	-642.019365	
169.4936	-642.039427	-642.045545	-642.00452	-641.967005	
169.5037	-642.039427	-642.045545	-642.00452	-641.914646	
169.5138	-642.039427	-642.045545	-642.00452	-641.862286	
169.5241	-642.039427	-642.045545	-642.00452	-641.836106	
169.5342	-642.039427	-642.045545	-642.00452	-641.827379	
169.5444	-642.039427	-642.045545	-642.00452	-641.844832	
169.5545	-642.039427	-642.045545	-642.00452	-641.871012	
169.5647	-642.039427	-642.045545	-642.00452	-641.914646	
169.5748	-642.039427	-642.045545	-642.00452	-641.967005	
169.585	-642.039427	-642.045545	-642.00452	-642.036819	
169.5952	-642.039427	-642.045545	-642.00452	-642.080452	
169.6053	-642.039427	-642.045545	-642.00452	-642.115358	
169.6155	-642.039427	-642.045545	-642.00452	-642.141538	
169.6257	-642.039427	-642.045545	-642.00452	-642.141538	
169.6359	-642.039427	-642.045545	-642.00452	-642.124085	
169.6462	-642.039427	-642.045545	-642.00452	-642.089179	
169.6562	-642.039427	-642.045545	-642.00452	-642.054272	
169.6664	-642.039427	-642.045545	-642.00452	-642.001912	
169.6766	-642.039427	-642.045545	-642.00452	-641.967005	
169.6867	-642.039427	-642.045545	-642.00452	-641.914646	
169.6969	-642.039427	-642.045545	-642.00452	-641.879739	
169.707	-642.039427	-642.045545	-642.00452	-641.862286	
169.7171	-642.039427	-642.045545	-642.00452	-641.853559	
169.7273	-642.039427	-642.045545	-642.00452	-641.862286	
169.7374	-642.039427	-642.045545	-642.00452	-641.897192	
169.7476	-642.039427	-642.045545	-642.00452	-641.932099	
169.7579	-642.039427	-642.045545	-642.00452	-641.984459	
169.7679	-642.039427	-642.045545	-642.00452	-642.028092	
169.7782	-642.039427	-642.045545	-642.00452	-642.071725	
169.7883	-642.039427	-642.045545	-642.00452	-642.089179	
169.7984	-642.039427	-642.045545	-642.00452	-642.106632	
169.8086	-642.039427	-642.045545	-642.00452	-642.097905	
169.8187	-642.039427	-642.045545	-642.00452	-642.071725	
169.8289	-642.039427	-642.045545	-642.00452	-642.045545	
169.839	-642.039427	-642.045545	-642.00452	-642.001912	
169.8492	-642.039427	-642.045545	-642.00452	-641.967005	
169.8594	-642.039427	-642.045545	-642.00452	-641.923372	
169.8695	-642.039427	-642.045545	-642.00452	-641.888466	
169.8797	-642.039427	-642.045545	-642.00452	-641.862286	
169.8897	-642.039427	-642.045545	-642.00452	-641.862286	
169.8999	-642.039427	-642.045545	-642.00452	-641.862286	
169.9101	-642.039427	-642.045545	-642.00452	-641.879739	
169.9202	-642.039427	-642.045545	-642.00452	-641.897192	
169.9306	-642.039427	-642.045545	-642.00452	-641.932099	
169.9406	-642.039427	-642.045545	-642.00452	-641.967005	
169.9507	-642.039427	-642.045545	-642.00452	-641.984459	
169.961	-642.039427	-642.045545	-642.00452	-642.001912	
169.971	-642.039427	-642.045545	-642.00452	-642.001912	
169.9812	-642.039427	-642.045545	-642.00452	-641.993185	
169.9914	-642.039427	-642.045545	-642.00452	-641.984459	
170.0015	-642.039427	-642.045545	-642.00452	-641.967005	
170.0118	-642.039427	-642.045545	-642.00452	-641.949552	
170.0219	-642.039427	-642.045545	-642.00452	-641.932099	
170.0321	-642.039427	-642.045545	-642.00452	-641.914646	
170.0423	-642.039427	-642.045545	-642.00452	-641.897192	
170.0524	-642.039427	-642.045545	-642.00452	-641.897192	
170.0626	-642.039427	-642.045545	-642.00452	-641.897192	
170.0727	-642.039427	-642.045545	-642.00452	-641.914646	
170.0829	-642.039427	-642.045545	-642.00452	-641.932099	
170.0931	-642.039427	-642.045545	-642.00452	-641.940826	
170.1032	-642.039427	-642.045545	-642.00452	-641.967005	
170.1134	-642.039427	-642.045545	-642.00452	-641.975732	
170.1236	-642.039427	-642.045545	-642.00452	-641.984459	
170.1338	-642.039427	-642.045545	-642.00452	-642.001912	
170.1439	-642.039427	-642.045545	-642.00452	-642.001912	
170.1541	-642.039427	-642.045545	-642.00452	-642.001912	
170.1643	-642.039427	-642.045545	-642.00452	-642.010639	
170.1743	-642.039427	-642.045545	-642.00452	-642.010639	
170.1845	-642.039427	-642.045545	-642.00452	-642.010639	
170.1948	-642.039427	-642.045545	-642.00452	-642.010639	
170.2049	-642.039427	-642.045545	-642.00452	-642.010639	
170.215	-642.039427	-642.045545	-642.00452	-642.010639	
170.2252	-642.039427	-642.045545	-642.00452	-642.010639	
170.2354	-642.039427	-642.045545	-642.00452	-642.010639	
170.2455	-642.039427	-642.045545	-642.00452	-642.010639	
170.2557	-642.039427	-642.045545	-642.00452	-642.010639	
170.2659	-642.039427	-642.045545	-642.00452	-642.010639	
170.276	-642.039427	-642.045545	-642.00452	-642.010639	
170.2862	-642.039427	-642.045545	-642.00452	-642.010639	
170.2964	-642.039427	-642.045545	-642.00452	-642.010639	
170.3066	-642.039427	-642.045545	-642.00452	-642.010639	
170.3168	-642.039427	-642.045545	-642.00452	-642.010639	
170.3269	-642.039427	-642.045545	-642.00452	-642.010639	
170.3371	-642.039427	-642.045545	-642.00452	-642.010639	
170.3473	-642.039427	-642.045545	-642.00452	-642.010639	
170.3574	-642.039427	-642.045545	-642.00452	-642.010639	
170.3675	-642.039427	-642.045545	-642.00452	-642.010639	
170.3777	-642.039427	-642.045545	-642.00452	-642.010639	
170.3879	-642.039427	-642.045545	-642.00452	-642.010639	
170.3981	-642.039427	-642.045545	-642.00452	-642.010639	
170.4083	-642.039427	-642.045545	-642.00452	-642.010639	
170.4184	-642.039427	-642.045545	-642.00452	-642.010639	
170.4286	-642.039427	-642.045545	-642.00452	-642.019365	
170.4387	-642.039427	-642.045545	-642.00452	-642.028092	
170.4489	-642.039427	-642.045545	-642.00452	-642.036819	
170.4591	-642.039427	-642.045545	-642.00452	-642.045545	
170.4692	-642.039427	-642.045545	-642.00452	-642.054272	
170.4793	-642.039427	-642.045545	-642.00452	-642.062999	
170.4894	-642.039427	-642.045545	-642.00452	-642.071725	
170.5	-642.039427	-642.045545	-642.00452	-642.071725	
170.5098	-642.039427	-642.045545	-642.00452	-642.089179	
170.52	-642.039427	-642.045545	-642.00452	-642.089179	
170.5301	-642.039427	-642.045545	-642.00452	-642.089179	
170.5403	-642.039427	-642.045545	-642.00452	-642.089179	
170.5504	-642.039427	-642.045545	-642.00452	-642.089179	
170.5606	-642.039427	-642.045545	-642.00452	-642.089179	
170.5707	-642.039427	-642.045545	-642.00452	-642.089179	
170.5811	-642.039427	-642.045545	-642.00452	-642.089179	
170.591	-642.039427	-642.045545	-642.00452	-642.089179	
170.6012	-642.039427	-642.045545	-642.00452	-642.089179	
170.6114	-642.039427	-642.045545	-642.00452	-642.089179	
170.6215	-642.039427	-642.045545	-642.00452	-642.089179	
170.6317	-642.039427	-642.045545	-642.00452	-642.089179	
170.6419	-642.039427	-642.045545	-642.00452	-642.089179	
170.652	-642.039427	-642.045545	-642.00452	-642.089179	
170.6622	-642.039427	-642.045545	-642.00452	-642.089179	
170.6724	-642.039427	-642.045545	-642.00452	-642.089179	
170.6826	-642.039427	-642.045545	-642.00452	-642.089179	
170.6928	-642.039427	-642.045545	-642.00452	-642.089179	
170.7028	-642.039427	-642.045545	-642.00452	-642.089179	
170.7131	-642.039427	-642.045545	-642.00452	-642.089179	
170.7233	-642.039427	-642.045545	-642.00452	-642.089179	
170.7334	-642.039427	-642.045545	-642.00452	-642.089179	
170.7436	-642.039427	-642.045545	-642.00452	-642.089179	
170.7537	-642.039427	-642.045545	-642.00452	-642.089179	
170.764	-642.039427	-642.045545	-642.00452	-642.089179	
170.7741	-642.039427	-642.045545	-642.00452	-642.071725	
170.7842	-642.039427	-642.045545	-642.00452	-642.071725	
170.7944	-642.039427	-642.045545	-642.00452	-642.054272	
170.8047	-642.039427	-642.045545	-642.00452	-642.036819	
170.8149	-642.039427	-642.045545	-642.00452	-642.036819	
170.8251	-642.039427	-642.045545	-642.00452	-642.019365	
170.8352	-642.039427	-642.045545	-642.00452	-642.001912	
170.8454	-642.039427	-642.045545	-642.00452	-642.001912	
170.8555	-642.039427	-642.045545	-642.00452	-642.001912	
170.8657	-642.039427	-642.045545	-642.00452	-642.001912	
170.8782	-642.039427	-642.045545	-642.00452	-642.001912	
170.886	-642.039427	-642.045545	-642.00452	-642.001912	
170.8961	-642.039427	-642.045545	-642.00452	-642.001912	
170.9063	-642.039427	-642.045545	-642.00452	-642.001912	
170.9165	-642.039427	-642.045545	-642.00452	-642.001912	
170.9266	-642.039427	-642.045545	-642.00452	-642.001912	
170.9368	-642.039427	-642.045545	-642.00452	-642.001912	
170.947	-642.039427	-642.045545	-642.00452	-642.001912	
170.9571	-642.039427	-642.045545	-642.00452	-642.010639	
170.9673	-642.039427	-642.045545	-642.00452	-642.010639	
170.9774	-642.039427	-642.045545	-642.00452	-642.010639	
170.9875	-642.039427	-642.045545	-642.00452	-642.010639	
170.9977	-642.039427	-642.045545	-642.00452	-642.010639	
171.0079	-642.039427	-642.045545	-642.00452	-642.001912	
171.018	-642.039427	-642.045545	-642.00452	-642.001912	
171.0282	-642.039427	-642.045545	-642.00452	-642.001912	
171.0384	-642.039427	-642.045545	-642.00452	-642.001912	
171.0485	-642.039427	-642.045545	-642.00452	-642.001912	
171.0587	-642.039427	-642.045545	-642.00452	-642.001912	
171.0688	-642.039427	-642.045545	-642.00452	-642.001912	
171.0792	-642.039427	-642.045545	-642.00452	-642.001912	
171.0891	-642.039427	-642.045545	-642.00452	-642.001912	
171.0994	-642.039427	-642.045545	-642.00452	-642.001912	
171.1095	-642.039427	-642.045545	-642.00452	-642.001912	
171.1196	-642.039427	-642.045545	-642.00452	-642.001912	
171.1302	-642.039427	-642.045545	-642.00452	-642.001912	
171.1401	-642.039427	-642.045545	-642.00452	-642.001912	
171.1502	-642.039427	-642.045545	-642.00452	-642.001912	
171.1603	-642.039427	-642.045545	-642.00452	-642.001912	
171.1705	-642.039427	-642.045545	-642.00452	-642.001912	
171.1807	-642.039427	-642.045545	-642.00452	-642.001912	
171.1908	-642.039427	-642.045545	-642.00452	-642.001912	
171.201	-642.039427	-642.045545	-642.00452	-642.001912	
171.2112	-642.039427	-642.045545	-642.00452	-642.001912	
171.2213	-642.039427	-642.045545	-642.00452	-642.001912	
171.2314	-642.039427	-642.045545	-642.00452	-642.001912	
171.2417	-642.039427	-642.045545	-642.00452	-642.001912	
171.2598	-642.039427	-642.045545	-642.00452	-642.001912	
171.2645	-642.039427	-642.045545	-642.00452	-642.001912	
171.2746	-642.039427	-642.045545	-642.00452	-642.001912	
171.2849	-642.039427	-642.045545	-642.00452	-642.001912	
171.295	-642.039427	-642.045545	-642.00452	-642.001912	
171.3051	-642.039427	-642.045545	-642.00452	-642.001912	
171.3153	-642.039427	-642.045545	-642.00452	-642.001912	
171.3254	-642.039427	-642.045545	-642.00452	-642.001912	
171.3356	-642.039427	-642.045545	-642.00452	-642.001912	
171.3458	-642.039427	-642.045545	-642.00452	-642.001912	
171.3639	-642.039427	-642.045545	-642.00452	-642.001912	
171.3685	-642.039427	-642.045545	-642.00452	-642.001912	
171.3788	-642.039427	-642.045545	-642.00452	-642.001912	
171.3889	-642.039427	-642.045545	-642.00452	-642.001912	
171.399	-642.039427	-642.045545	-642.00452	-642.001912	
171.4093	-642.039427	-642.045545	-642.00452	-642.001912	
171.4294	-642.039427	-642.045545	-642.00452	-642.001912	
171.4341	-642.039427	-642.045545	-642.00452	-642.001912	
171.4443	-642.039427	-642.045545	-642.00452	-642.001912	
171.4544	-642.039427	-642.045545	-642.00452	-642.001912	
171.4646	-642.039427	-642.045545	-642.00452	-642.001912	
171.4748	-642.039427	-642.045545	-642.00452	-642.001912	
171.4849	-642.039427	-642.045545	-642.00452	-642.001912	
171.4951	-642.039427	-642.045545	-642.00452	-642.001912	
171.5053	-642.039427	-642.045545	-642.00452	-642.001912	
171.5154	-642.039427	-642.045545	-642.00452	-642.001912	
171.5255	-642.039427	-642.045545	-642.00452	-642.001912	
171.5356	-642.039427	-642.045545	-642.00452	-642.001912	
171.5459	-642.039427	-642.045545	-642.00452	-642.001912	
171.5561	-642.039427	-642.045545	-642.00452	-642.001912	
171.5663	-642.039427	-642.045545	-642.00452	-642.001912	
171.5763	-642.039427	-642.045545	-642.00452	-642.001912	
171.5868	-642.039427	-642.045545	-642.00452	-642.001912	
171.5969	-642.039427	-642.045545	-642.00452	-642.001912	
171.607	-642.039427	-642.045545	-642.00452	-642.001912	
171.6172	-642.039427	-642.045545	-642.00452	-642.001912	
171.6274	-642.039427	-642.045545	-642.00452	-642.001912	
171.6375	-642.039427	-642.045545	-642.00452	-642.001912	
171.6477	-642.039427	-642.045545	-642.00452	-642.001912	
171.6579	-642.039427	-642.045545	-642.00452	-642.001912	
171.6681	-642.039427	-642.045545	-642.00452	-642.001912	
171.6783	-642.039427	-642.045545	-642.00452	-642.001912	
171.6884	-642.039427	-642.045545	-642.00452	-642.001912	
171.6986	-642.039427	-642.045545	-642.00452	-642.001912	
171.7088	-642.039427	-642.045545	-642.00452	-642.001912	
171.7188	-642.039427	-642.045545	-642.00452	-642.001912	
171.729	-642.039427	-642.045545	-642.00452	-642.001912	
171.7392	-642.039427	-642.045545	-642.00452	-642.001912	
171.7494	-642.039427	-642.045545	-642.00452	-642.001912	
171.7596	-642.039427	-642.045545	-642.00452	-642.001912	
171.7696	-642.039427	-642.045545	-642.00452	-642.001912	
171.7798	-642.039427	-642.045545	-642.00452	-642.001912	
171.79	-642.039427	-642.045545	-642.00452	-642.001912	
171.8001	-642.039427	-642.045545	-642.00452	-642.001912	
171.8103	-642.039427	-642.045545	-642.00452	-642.001912	
171.8205	-642.039427	-642.045545	-642.00452	-642.001912	
171.8306	-642.039427	-642.045545	-642.00452	-642.001912	
171.8408	-642.039427	-642.045545	-642.00452	-642.001912	
171.851	-642.039427	-642.045545	-642.00452	-642.001912	
171.8611	-642.039427	-642.045545	-642.00452	-642.001912	
171.8713	-642.039427	-642.045545	-642.00452	-642.001912	
171.8825	-642.039427	-642.045545	-642.00452	-642.001912	
171.8926	-642.039427	-642.045545	-642.00452	-642.001912	
171.9027	-642.039427	-642.045545	-642.00452	-642.001912	
171.9129	-642.039427	-642.045545	-642.00452	-642.001912	
171.9231	-642.039427	-642.045545	-642.00452	-642.001912	
171.9332	-642.039427	-642.045545	-642.00452	-642.001912	
171.9434	-642.039427	-642.045545	-642.00452	-642.001912	
171.9535	-642.039427	-642.045545	-642.00452	-642.001912	
171.9637	-642.039427	-642.045545	-642.00452	-642.001912	
171.9738	-642.039427	-642.045545	-642.00452	-642.001912	
171.984	-642.039427	-642.045545	-642.00452	-642.001912	
171.9941	-642.039427	-642.045545	-642.00452	-642.001912	
172.0044	-642.039427	-642.045545	-642.00452	-642.001912	
172.0144	-642.039427	-642.045545	-642.00452	-642.001912	
172.0246	-642.039427	-642.045545	-642.00452	-642.001912	
172.0348	-642.039427	-642.045545	-642.00452	-642.001912	
172.045	-642.039427	-642.045545	-642.00452	-642.001912	
172.0551	-642.039427	-642.045545	-642.00452	-642.001912	
172.0653	-642.039427	-642.045545	-642.00452	-642.001912	
172.0757	-642.039427	-642.045545	-642.00452	-642.001912	
172.0859	-642.039427	-642.045545	-642.00452	-642.001912	
172.096	-642.039427	-642.045545	-642.00452	-642.001912	
172.1062	-642.039427	-642.045545	-642.00452	-642.001912	
172.1164	-642.039427	-642.045545	-642.00452	-642.001912	
172.1268	-642.039427	-642.045545	-642.00452	-642.001912	
172.1369	-642.039427	-642.045545	-642.00452	-642.001912	
172.1471	-642.039427	-642.045545	-642.00452	-642.001912	
172.1572	-642.039427	-642.045545	-642.00452	-642.001912	
172.1673	-642.039427	-642.045545	-642.00452	-642.001912	
172.1775	-642.039427	-642.045545	-642.00452	-642.001912	
172.1877	-642.039427	-642.045545	-642.00452	-642.001912	
172.1979	-642.039427	-642.045545	-642.00452	-642.001912	
172.208	-642.039427	-642.045545	-642.00452	-642.001912	
172.2182	-642.039427	-642.045545	-642.00452	-642.001912	
172.2283	-642.039427	-642.045545	-642.00452	-642.001912	
172.2389	-642.039427	-642.045545	-642.00452	-642.001912	
172.2486	-642.039427	-642.045545	-642.00452	-642.001912	
172.2589	-642.039427	-642.045545	-642.00452	-642.001912	
172.269	-642.039427	-642.045545	-642.00452	-642.001912	
172.2791	-642.039427	-642.045545	-642.00452	-642.001912	
172.2894	-642.039427	-642.045545	-642.00452	-642.001912	
172.2995	-642.039427	-642.045545	-642.00452	-642.001912	
172.3097	-642.039427	-642.045545	-642.00452	-642.001912	
172.3198	-642.039427	-642.045545	-642.00452	-642.001912	
172.33	-642.039427	-642.045545	-642.00452	-642.001912	
172.3402	-642.039427	-642.045545	-642.00452	-642.001912	
172.3504	-642.039427	-642.045545	-642.00452	-642.001912	
172.3605	-642.039427	-642.045545	-642.00452	-642.001912	
172.3706	-642.039427	-642.045545	-642.00452	-642.001912	
172.389	-642.039427	-642.045545	-642.00452	-642.001912	
172.3937	-642.039427	-642.045545	-642.00452	-642.001912	
172.4039	-642.039427	-642.045545	-642.00452	-642.001912	
172.4141	-642.039427	-642.045545	-642.00452	-642.001912	
172.4242	-642.039427	-642.045545	-642.00452	-642.001912	
172.4345	-642.039427	-642.045545	-642.00452	-642.001912	
172.4446	-642.039427	-642.045545	-642.00452	-642.001912	
172.4547	-642.039427	-642.045545	-642.00452	-642.001912	
172.4649	-642.039427	-642.045545	-642.00452	-642.001912	
172.4751	-642.039427	-642.045545	-642.00452	-642.001912	
172.4852	-642.039427	-642.045545	-642.00452	-642.001912	
172.4954	-642.039427	-642.045545	-642.00452	-642.001912	
172.5056	-642.039427	-642.045545	-642.00452	-642.001912	
172.5157	-642.039427	-642.045545	-642.00452	-642.001912	
172.5259	-642.039427	-642.045545	-642.00452	-642.001912	
172.536	-642.039427	-642.045545	-642.00452	-642.001912	
172.5462	-642.039427	-642.045545	-642.00452	-642.001912	
172.5564	-642.039427	-642.045545	-642.00452	-642.001912	
172.5666	-642.039427	-642.045545	-642.00452	-642.001912	
172.5766	-642.039427	-642.045545	-642.00452	-642.001912	
172.5872	-642.039427	-642.045545	-642.00452	-642.001912	
172.5971	-642.039427	-642.045545	-642.00452	-642.001912	
172.6072	-642.039427	-642.045545	-642.00452	-642.001912	
172.6173	-642.039427	-642.045545	-642.00452	-642.001912	
172.6275	-642.039427	-642.045545	-642.00452	-642.001912	
172.6376	-642.039427	-642.045545	-642.00452	-642.001912	
172.6478	-642.039427	-642.045545	-642.00452	-642.001912	
172.658	-642.039427	-642.045545	-642.00452	-642.001912	
172.6682	-642.039427	-642.045545	-642.00452	-642.001912	
172.6784	-642.039427	-642.045545	-642.00452	-642.001912	
172.6886	-642.039427	-642.045545	-642.00452	-642.001912	
172.6987	-642.039427	-642.045545	-642.00452	-642.001912	
172.7089	-642.039427	-642.045545	-642.00452	-642.001912	
172.7189	-642.039427	-642.045545	-642.00452	-642.001912	
172.7291	-642.039427	-642.045545	-642.00452	-642.001912	
172.7393	-642.039427	-642.045545	-642.00452	-642.001912	
172.7499	-642.039427	-642.045545	-642.00452	-642.001912	
172.7596	-642.039427	-642.045545	-642.00452	-642.001912	
172.7697	-642.039427	-642.045545	-642.00452	-642.001912	
172.7799	-642.039427	-642.045545	-642.00452	-642.001912	
172.79	-642.039427	-642.045545	-642.00452	-642.001912	
172.8002	-642.039427	-642.045545	-642.00452	-642.001912	
172.8104	-642.039427	-642.045545	-642.00452	-642.001912	
172.8205	-642.039427	-642.045545	-642.00452	-642.001912	
172.8307	-642.039427	-642.045545	-642.00452	-642.001912	
172.8487	-642.039427	-642.045545	-642.00452	-642.001912	
172.8534	-642.039427	-642.045545	-642.00452	-642.001912	
172.8635	-642.039427	-642.045545	-642.00452	-642.001912	
172.8737	-642.039427	-642.045545	-642.00452	-642.001912	
172.8852	-642.039427	-642.045545	-642.00452	-642.001912	
172.8944	-642.039427	-642.045545	-642.00452	-642.001912	
172.9044	-642.039427	-642.045545	-642.00452	-642.001912	
172.9147	-642.039427	-642.045545	-642.00452	-642.001912	
172.9249	-642.039427	-642.045545	-642.00452	-642.001912	
172.935	-642.039427	-642.045545	-642.00452	-642.001912	
172.9452	-642.039427	-642.045545	-642.00452	-642.001912	
172.9554	-642.039427	-642.045545	-642.00452	-642.001912	
172.9655	-642.039427	-642.045545	-642.00452	-642.001912	
172.9756	-642.039427	-642.045545	-642.00452	-642.001912	
172.9858	-642.039427	-642.045545	-642.00452	-642.001912	
172.996	-642.039427	-642.045545	-642.00452	-642.001912	
173.0061	-642.039427	-642.045545	-642.00452	-642.001912	
173.0163	-642.039427	-642.045545	-642.00452	-642.001912	
173.0265	-642.039427	-642.045545	-642.00452	-642.001912	
173.0367	-642.039427	-642.045545	-642.00452	-642.001912	
173.0468	-642.039427	-642.045545	-642.00452	-642.001912	
173.0569	-642.039427	-642.045545	-642.00452	-642.001912	
173.0671	-642.039427	-642.045545	-642.00452	-642.001912	
173.0773	-642.039427	-642.045545	-642.00452	-642.001912	
173.0874	-642.039427	-642.045545	-642.00452	-642.001912	
173.0976	-642.039427	-642.045545	-642.00452	-642.001912	
173.1077	-642.039427	-642.045545	-642.00452	-642.001912	
173.1179	-642.039427	-642.045545	-642.00452	-642.001912	
173.128	-642.039427	-642.045545	-642.00452	-642.001912	
173.1382	-642.039427	-642.045545	-642.00452	-642.001912	
173.1484	-642.039427	-642.045545	-642.00452	-642.001912	
173.1585	-642.039427	-642.045545	-642.00452	-642.001912	
173.1687	-642.039427	-642.045545	-642.00452	-642.001912	
173.1789	-642.039427	-642.045545	-642.00452	-642.001912	
173.189	-642.039427	-642.045545	-642.00452	-642.001912	
173.1992	-642.039427	-642.045545	-642.00452	-642.001912	
173.2094	-642.039427	-642.045545	-642.00452	-642.001912	
173.2195	-642.039427	-642.045545	-642.00452	-642.001912	
173.2297	-642.039427	-642.045545	-642.00452	-642.001912	
173.2398	-642.039427	-642.045545	-642.00452	-642.001912	
173.25	-642.039427	-642.045545	-642.00452	-642.001912	
173.2602	-642.039427	-642.045545	-642.00452	-642.001912	
173.2703	-642.039427	-642.045545	-642.00452	-642.001912	
173.2804	-642.039427	-642.045545	-642.00452	-642.001912	
173.2906	-642.039427	-642.045545	-642.00452	-642.001912	
173.3008	-642.039427	-642.045545	-642.00452	-642.001912	
173.3109	-642.039427	-642.045545	-642.00452	-642.001912	
173.3214	-642.039427	-642.045545	-642.00452	-642.001912	
173.3317	-642.039427	-642.045545	-642.00452	-642.001912	
173.3417	-642.039427	-642.045545	-642.00452	-642.001912	
173.3518	-642.039427	-642.045545	-642.00452	-642.001912	
173.362	-642.039427	-642.045545	-642.00452	-642.001912	
173.3722	-642.039427	-642.045545	-642.00452	-642.001912	
173.3824	-642.039427	-642.045545	-642.00452	-642.001912	
173.3925	-642.039427	-642.045545	-642.00452	-642.001912	
173.4028	-642.039427	-642.045545	-642.00452	-642.001912	
173.413	-642.039427	-642.045545	-642.00452	-642.001912	
173.4238	-642.039427	-642.045545	-642.00452	-642.001912	
173.4341	-642.039427	-642.045545	-642.00452	-642.001912	
173.4443	-642.039427	-642.045545	-642.00452	-642.001912	
