173.4686	-642.057222	-642.045545	-642.022315	-642.001912	
173.4733	-642.060167	-642.045545	-642.02526	-642.001912	
173.4835	-642.069167	-642.045545	-642.034261	-642.001912	
173.4937	-642.080246	-642.045545	-642.04534	-642.010639	
173.5038	-642.093332	-642.045545	-642.058425	-642.010639	
173.5139	-642.10857	-642.054272	-642.073663	-642.019365	
173.5242	-642.125849	-642.062999	-642.090942	-642.036819	
173.5343	-642.145122	-642.071725	-642.110215	-642.045545	
173.5445	-642.166616	-642.089179	-642.131709	-642.071725	
173.5548	-642.190462	-642.115358	-642.155555	-642.097905	
173.5649	-642.215776	-642.141538	-642.18087	-642.124085	
173.5749	-642.243045	-642.176445	-642.208138	-642.158992	
173.5854	-642.27368	-642.202625	-642.238774	-642.211352	
173.5955	-642.305333	-642.237532	-642.270427	-642.246258	
173.6056	-642.33899	-642.272438	-642.304084	-642.289891	
173.6158	-642.374792	-642.316071	-642.339886	-642.342251	
173.6259	-642.412622	-642.350978	-642.377715	-642.385884	
173.6362	-642.453124	-642.394611	-642.418218	-642.438244	
173.6463	-642.495032	-642.438244	-642.460125	-642.481878	
173.6564	-642.539034	-642.490604	-642.504128	-642.525511	
173.6667	-642.585948	-642.542964	-642.551041	-642.569144	
173.6768	-642.633766	-642.595324	-642.598859	-642.612777	
173.6869	-642.68391	-642.647684	-642.649003	-642.656411	
173.6971	-642.736234	-642.70877	-642.701328	-642.700044	
173.7073	-642.791053	-642.76113	-642.756147	-642.743677	
173.7174	-642.847329	-642.822217	-642.812422	-642.78731	
173.7276	-642.905863	-642.874577	-642.870957	-642.83967	
173.7377	-642.96642	-642.94439	-642.931514	-642.89203	
173.748	-643.029839	-642.99675	-642.994932	-642.953116	
173.7581	-643.094591	-643.057836	-643.059684	-643.014203	
173.7682	-643.161059	-643.118923	-643.126153	-643.07529	
173.7784	-643.230122	-643.188736	-643.195215	-643.145103	
173.7886	-643.301658	-643.258549	-643.266752	-643.223643	
173.7987	-643.374	-643.328362	-643.339094	-643.302182	
173.8088	-643.449014	-643.398175	-643.414108	-643.380722	
173.8191	-643.526569	-643.467989	-643.491663	-643.450535	
173.8292	-643.605982	-643.546528	-643.571075	-643.537802	
173.8476	-643.757932	-643.625068	-643.723025	-643.616342	
173.8524	-643.797104	-643.738515	-643.762197	-643.729788	
173.8626	-643.88323	-643.825781	-643.848324	-643.817054	
173.8727	-643.971237	-643.921774	-643.936331	-643.904321	
173.885	-644.080414	-644.017767	-644.045507	-644.000314	
173.8931	-644.154134	-644.122487	-644.119227	-644.105034	
173.9032	-644.247558	-644.21848	-644.212651	-644.201027	
173.9133	-644.344076	-644.3232	-644.309169	-644.305747	
173.9236	-644.443315	-644.42792	-644.408408	-644.410466	
173.9337	-644.543123	-644.532639	-644.508217	-644.50646	
173.9438	-644.64552	-644.646086	-644.610613	-644.602453	
173.9541	-644.74825	-644.742079	-644.713343	-644.698446	
173.9643	-644.85021	-644.855525	-644.815303	-644.794439	
173.9743	-644.95017	-644.960245	-644.915263	-644.899159	
173.9845	-645.05179	-645.064965	-645.016883	-645.003878	
173.9947	-645.15393	-645.160958	-645.119023	-645.108598	
174.0048	-645.25552	-645.265678	-645.220613	-645.213318	
174.0149	-645.35643	-645.370398	-645.321523	-645.309311	
174.0251	-645.45831	-645.466391	-645.423403	-645.414031	
174.0353	-645.56034	-645.562384	-645.525433	-645.510024	
174.0454	-645.66138	-645.64965	-645.626473	-645.606017	
174.0556	-645.76292	-645.745643	-645.728013	-645.70201	
174.0657	-645.86468	-645.841636	-645.829773	-645.80673	
174.076	-645.96676	-645.946356	-645.931853	-645.902723	
174.0862	-646.06895	-646.042349	-646.034043	-645.998716	
174.0963	-646.16985	-646.138342	-646.134943	-646.103436	
174.1064	-646.2716	-646.234335	-646.236693	-646.208156	
174.1166	-646.37345	-646.339055	-646.338543	-646.312875	
174.1267	-646.47457	-646.443775	-646.439663	-646.417595	
174.1369	-646.57588	-646.539768	-646.540973	-646.522315	
174.1471	-646.67818	-646.653215	-646.643273	-646.627035	
174.1572	-646.77935	-646.757934	-646.744443	-646.731754	
174.1674	-646.88133	-646.862654	-646.846423	-646.827747	
174.1775	-646.98215	-646.967374	-646.947243	-646.923741	
174.1877	-647.08417	-647.072094	-647.049263	-647.02846	
174.1979	-647.18617	-647.18554	-647.151263	-647.13318	
174.2084	-647.29121	-647.29026	-647.256303	-647.2379	
174.2182	-647.38891	-647.394979	-647.354003	-647.34262	
174.2284	-647.49077	-647.499699	-647.455863	-647.447339	
174.2385	-647.59203	-647.604419	-647.557123	-647.552059	
174.2486	-647.69328	-647.709139	-647.658373	-647.656779	
174.2589	-647.79587	-647.805132	-647.760963	-647.761499	
174.277	-647.97736	-647.909852	-647.942453	-647.866218	
174.2817	-648.02416	-648.032025	-647.989253	-648.005845	
174.2919	-648.12629	-648.136744	-648.091383	-648.110564	
174.302	-648.22708	-648.232737	-648.192173	-648.215284	
174.3123	-648.32978	-648.337457	-648.294873	-648.328731	
174.3223	-648.43071	-648.43345	-648.395803	-648.43345	
174.3325	-648.53234	-648.529443	-648.497433	-648.53817	
174.3427	-648.63428	-648.625437	-648.599373	-648.64289	
174.3528	-648.73544	-648.72143	-648.700533	-648.74761	
174.3631	-648.83827	-648.817423	-648.803363	-648.843603	
174.3732	-648.93907	-648.913416	-648.904163	-648.930869	
174.3833	-649.04048	-649.009409	-649.005573	-649.018136	
174.3935	-649.1424	-649.114129	-649.107493	-649.122855	
174.4037	-649.2443	-649.218849	-649.209393	-649.210122	
174.4138	-649.34529	-649.314842	-649.310383	-649.297388	
174.424	-649.44676	-649.419561	-649.411853	-649.393381	
174.4362	-649.56942	-649.533008	-649.534513	-649.480648	
174.4521	-649.72862	-649.724994	-649.693713	-649.646454	
174.4568	-649.77542	-649.777354	-649.740513	-649.690087	
174.467	-649.87692	-649.882074	-649.842013	-649.786081	
174.4775	-649.98234	-649.986793	-649.947433	-649.8908	
174.4872	-650.07943	-650.10024	-650.044523	-649.99552	
174.4974	-650.18171	-650.196233	-650.146803	-650.10024	
174.5076	-650.28312	-650.300953	-650.248213	-650.20496	
174.5177	-650.38427	-650.405672	-650.349363	-650.318406	
174.5279	-650.48669	-650.501666	-650.451783	-650.431852	
174.538	-650.5875	-650.597659	-650.552593	-650.554025	
174.5483	-650.68981	-650.693652	-650.654903	-650.658745	
174.5584	-650.79108	-650.798371	-650.756173	-650.780918	
174.5686	-650.89333	-650.894365	-650.858423	-650.885638	
174.5788	-650.99508	-650.990358	-650.960173	-650.990358	
174.5889	-651.09627	-651.086351	-651.061363	-651.095077	
174.599	-651.19747	-651.182344	-651.162563	-651.199797	
174.6092	-651.29936	-651.278337	-651.264453	-651.287064	
174.6194	-651.40096	-651.383057	-651.366053	-651.383057	
174.6299	-651.5062	-651.47905	-651.471293	-651.461597	
174.6396	-651.60352	-651.58377	-651.568613	-651.55759	
174.6498	-651.70498	-651.688489	-651.670073	-651.63613	
174.6599	-651.80668	-651.793209	-651.771773	-651.732123	
174.67	-651.90771	-651.889202	-651.872803	-651.810662	
174.6803	-652.01004	-651.985195	-651.975133	-651.897929	
174.6904	-652.11124	-652.098642	-652.076333	-651.985195	
174.7005	-652.21272	-652.203362	-652.177813	-652.089915	
174.7108	-652.3151	-652.299355	-652.280193	-652.185908	
174.7209	-652.41641	-652.404074	-652.381503	-652.281901	
174.7311	-652.51831	-652.508794	-652.483403	-652.404074	
174.7413	-652.61991	-652.613514	-652.585003	-652.508794	
174.7514	-652.72144	-652.718234	-652.686533	-652.630967	
174.7616	-652.82307	-652.822953	-652.788163	-652.75314	
174.7717	-652.92471	-652.918947	-652.889803	-652.875313	
174.7819	-653.02649	-653.023666	-652.991583	-652.997486	
174.7921	-653.12879	-653.119659	-653.093883	-653.110933	
174.8023	-653.22987	-653.224379	-653.194963	-653.233106	
174.8124	-653.33166	-653.320372	-653.296753	-653.346552	
174.8227	-653.43394	-653.425092	-653.399033	-653.451272	
174.8328	-653.53481	-653.529812	-653.499903	-653.555992	
174.843	-653.63746	-653.625805	-653.602553	-653.651985	
174.8532	-653.73881	-653.730525	-653.703903	-653.739251	
174.8633	-653.84022	-653.835244	-653.805313	-653.835244	
174.8735	-653.94194	-653.939964	-653.907033	-653.922511	
174.8841	-654.05133	-654.044684	-654.016423	-654.009777	
174.8938	-654.1453	-654.149404	-654.110393	-654.088317	
174.9039	-654.24621	-654.254123	-654.211303	-654.18431	
174.914	-654.34761	-654.358843	-654.312703	-654.271577	
174.9242	-654.44975	-654.454836	-654.414843	-654.358843	
174.9344	-654.55114	-654.550829	-654.516233	-654.454836	
174.9446	-654.6533	-654.655549	-654.618393	-654.550829	
174.9548	-654.75534	-654.751542	-654.720433	-654.655549	
174.9649	-654.85669	-654.847535	-654.821783	-654.760269	
174.975	-654.95747	-654.934802	-654.922563	-654.882442	
174.9852	-655.05897	-655.030795	-655.024063	-654.987162	
174.9954	-655.16146	-655.126788	-655.126553	-655.109335	
175.0056	-655.2631	-655.231508	-655.228193	-655.231508	
175.0157	-655.3639	-655.327501	-655.328993	-655.344954	
175.0259	-655.4659	-655.432221	-655.430993	-655.458401	
175.036	-655.56739	-655.53694	-655.532483	-655.580574	
175.0462	-655.66928	-655.64166	-655.634373	-655.685293	
175.0564	-655.77078	-655.755107	-655.735873	-655.790013	
175.0665	-655.87262	-655.859826	-655.837713	-655.894733	
175.0767	-655.9746	-655.973273	-655.939693	-655.990726	
175.0872	-656.07951	-656.086719	-656.044603	-656.086719	
175.0972	-656.17907	-656.208892	-656.144163	-656.173986	
175.1074	-656.28126	-656.313612	-656.246353	-656.261252	
175.1176	-656.38277	-656.418332	-656.347863	-656.348519	
175.1277	-656.48383	-656.523051	-656.448923	-656.418332	
175.1378	-656.58574	-656.627771	-656.550833	-656.505598	
175.148	-656.68729	-656.723764	-656.652383	-656.592865	
175.1581	-656.78853	-656.819757	-656.753623	-656.688858	
175.1683	-656.89013	-656.907024	-656.855223	-656.776124	
175.1784	-656.9915	-657.003017	-656.956593	-656.872117	
175.1886	-657.09311	-657.081557	-657.058203	-656.976837	
175.1988	-657.19494	-657.17755	-657.160033	-657.090283	
175.209	-657.29701	-657.264816	-657.262103	-657.20373	
175.2191	-657.39831	-657.360809	-657.363403	-657.325903	
175.2293	-657.50067	-657.456803	-657.465763	-657.430623	
175.2394	-657.60125	-657.552796	-657.566343	-657.552796	
175.2499	-657.70646	-657.657515	-657.671553	-657.666242	
175.2597	-657.80448	-657.753509	-657.769573	-657.779688	
175.2698	-657.90565	-657.866955	-657.870743	-657.884408	
175.28	-658.00723	-657.980401	-657.972323	-657.989128	
175.2901	-658.1083	-658.093848	-658.073393	-658.093848	
175.3004	-658.21136	-658.207294	-658.176453	-658.189841	
175.3105	-658.31222	-658.320741	-658.277313	-658.285834	
175.3206	-658.4136	-658.434187	-658.378693	-658.3731	
175.3388	-658.59491	-658.626173	-658.560003	-658.538907	
175.3434	-658.64159	-658.678533	-658.606683	-658.58254	
175.3536	-658.74345	-658.791979	-658.708543	-658.669806	
175.3638	-658.84565	-658.896699	-658.810743	-658.7658	
175.3739	-658.94599	-658.983966	-658.911083	-658.861793	
175.3841	-659.04829	-659.079959	-659.013383	-658.957786	
175.3943	-659.15018	-659.175952	-659.115273	-659.053779	
175.4045	-659.25216	-659.263218	-659.217253	-659.158499	
175.4146	-659.35303	-659.350485	-659.318123	-659.263218	
175.4248	-659.45529	-659.429025	-659.420383	-659.367938	
175.435	-659.554365	-659.525018	-659.519458	-659.472658	
175.4452	-659.651185	-659.612284	-659.616278	-659.594831	
175.4552	-659.744478	-659.699551	-659.709572	-659.699551	
175.4655	-659.838228	-659.80427	-659.803322	-659.80427	
175.4756	-659.92874	-659.891537	-659.893834	-659.90899	
175.4857	-660.016654	-659.996257	-659.981748	-660.01371	
175.4959	-660.103506	-660.100976	-660.068599	-660.11843	
175.5061	-660.18814	-660.19697	-660.153233	-660.205696	
175.5164	-660.272152	-660.292963	-660.237245	-660.301689	
175.5265	-660.352743	-660.397682	-660.317836	-660.397682	
175.5366	-660.43087	-660.493675	-660.395963	-660.476222	
175.5469	-660.508796	-660.580942	-660.473889	-660.554762	
175.557	-660.583062	-660.676935	-660.548156	-660.633302	
175.5671	-660.655566	-660.746748	-660.620659	-660.694388	
175.5772	-660.726046	-660.825288	-660.69114	-660.764202	
175.5877	-660.796588	-660.895101	-660.761681	-660.825288	
175.5978	-660.863291	-660.956188	-660.828385	-660.886375	
175.608	-660.928263	-660.999821	-660.893356	-660.938734	
175.6181	-660.991232	-661.043454	-660.956325	-660.991094	
175.6283	-661.052606	-661.078361	-661.017699	-661.034728	
175.6385	-661.111669	-661.121994	-661.076763	-661.078361	
175.6486	-661.168574	-661.165627	-661.133667	-661.130721	
175.6589	-661.224298	-661.200534	-661.189391	-661.174354	
175.669	-661.277482	-661.244167	-661.242576	-661.23544	
175.6791	-661.328383	-661.2878	-661.293476	-661.279074	
175.6893	-661.377926	-661.331434	-661.34302	-661.331434	
175.6995	-661.425461	-661.375067	-661.390555	-661.375067	
175.7096	-661.471118	-661.4187	-661.436211	-661.427427	
175.7201	-661.516084	-661.462333	-661.481177	-661.479787	
175.7301	-661.557338	-661.514693	-661.522431	-661.514693	
175.7401	-661.5963	-661.567053	-661.561393	-661.567053	
175.7502	-661.634154	-661.619413	-661.599247	-661.619413	
175.7604	-661.67056	-661.671773	-661.635653	-661.671773	
175.7705	-661.704654	-661.732859	-661.669748	-661.724133	
175.7807	-661.737183	-661.785219	-661.702276	-661.759039	
175.7909	-661.767953	-661.828852	-661.733046	-661.793946	
175.801	-661.796557	-661.872486	-661.761651	-661.828852	
175.8112	-661.823615	-661.907392	-661.788709	-661.863759	
175.8213	-661.848746	-661.942299	-661.81384	-661.881212	
175.8315	-661.872169	-661.968479	-661.837262	-661.898666	
175.8417	-661.893874	-661.977205	-661.858968	-661.907392	
175.8518	-661.913786	-661.985932	-661.87888	-661.916119	
175.862	-661.932023	-661.985932	-661.897117	-661.924845	
175.8721	-661.948535	-661.977205	-661.913628	-661.933572	
175.8824	-661.963476	-661.968479	-661.928569	-661.933572	
175.8929	-661.977213	-661.959752	-661.942306	-661.933572	
175.903	-661.98873	-661.951025	-661.953823	-661.933572	
175.9131	-661.99889	-661.951025	-661.963984	-661.933572	
175.9233	-662.007614	-661.942299	-661.972707	-661.933572	
175.9335	-662.014961	-661.951025	-661.980055	-661.933572	
175.9436	-662.021018	-661.959752	-661.986112	-661.933572	
175.9538	-662.025913	-661.968479	-661.991006	-661.933572	
175.964	-662.02973	-661.994659	-661.994823	-661.951025	
175.9741	-662.032616	-662.020839	-661.99771	-661.959752	
175.9842	-662.034741	-662.047019	-661.999834	-661.968479	
175.9944	-662.039427	-662.073198	-662.00452	-661.985932	
176.0046	-662.039427	-662.090652	-662.00452	-662.003385	
176.0149	-662.039427	-662.099378	-662.00452	-662.012112	
176.0249	-662.039427	-662.108105	-662.00452	-662.029565	
176.0351	-662.039427	-662.099378	-662.00452	-662.038292	
176.0453	-662.039427	-662.081925	-662.00452	-662.038292	
176.0554	-662.039427	-662.064472	-662.00452	-662.038292	
176.0656	-662.039427	-662.047019	-662.00452	-662.038292	
176.0758	-662.039427	-662.020839	-662.00452	-662.029565	
176.0859	-662.039427	-662.003385	-662.00452	-662.020839	
176.0961	-662.039427	-661.985932	-662.00452	-662.003385	
176.1062	-662.039427	-661.968479	-662.00452	-662.003385	
176.1244	-662.039427	-661.968479	-662.00452	-661.977205	
176.129	-662.039427	-661.968479	-662.00452	-661.977205	
176.1393	-662.039427	-661.977205	-662.00452	-661.968479	
176.1495	-662.039427	-661.994659	-662.00452	-661.968479	
176.1596	-662.039427	-662.012112	-662.00452	-661.968479	
176.1697	-662.039427	-662.038292	-662.00452	-661.968479	
176.1799	-662.039427	-662.055745	-662.00452	-661.968479	
176.1902	-662.039427	-662.081925	-662.00452	-661.977205	
176.2002	-662.039427	-662.108105	-662.00452	-661.985932	
176.2104	-662.039427	-662.116832	-662.00452	-662.003385	
176.2206	-662.039427	-662.116832	-662.00452	-662.003385	
176.2387	-662.039427	-662.099378	-662.00452	-662.029565	
176.2434	-662.039427	-662.090652	-662.00452	-662.029565	
176.2535	-662.039427	-662.073198	-662.00452	-662.038292	
176.2637	-662.039427	-662.038292	-662.00452	-662.038292	
176.2739	-662.039427	-662.012112	-662.00452	-662.038292	
176.2841	-662.039427	-661.985932	-662.00452	-662.038292	
176.2943	-662.039427	-661.968479	-662.00452	-662.029565	
176.3045	-662.039427	-661.959752	-662.00452	-662.020839	
176.3146	-662.039427	-661.951025	-662.00452	-662.003385	
176.3248	-662.039427	-661.968479	-662.00452	-661.994659	
176.335	-662.039427	-661.977205	-662.00452	-661.985932	
176.3451	-662.039427	-662.003385	-662.00452	-661.968479	
176.3553	-662.039427	-662.029565	-662.00452	-661.968479	
176.3655	-662.039427	-662.055745	-662.00452	-661.959752	
176.3756	-662.039427	-662.081925	-662.00452	-661.959752	
176.3858	-662.039427	-662.108105	-662.00452	-661.968479	
176.3959	-662.039427	-662.125558	-662.00452	-661.968479	
176.4061	-662.039427	-662.134285	-662.00452	-661.985932	
176.4162	-662.039427	-662.125558	-662.00452	-662.003385	
176.4265	-662.039427	-662.108105	-662.00452	-662.012112	
176.4367	-662.039427	-662.090652	-662.00452	-662.029565	
176.4469	-662.039427	-662.055745	-662.00452	-662.038292	
176.457	-662.039427	-662.020839	-662.00452	-662.055745	
176.4672	-662.039427	-661.994659	-662.00452	-662.055745	
176.4774	-662.039427	-661.968479	-662.00452	-662.055745	
176.4874	-662.039427	-661.951025	-662.00452	-662.055745	
176.4977	-662.039427	-661.942299	-662.00452	-662.038292	
176.5078	-662.039427	-661.951025	-662.00452	-662.029565	
176.518	-662.039427	-661.959752	-662.00452	-662.012112	
176.5281	-662.039427	-661.977205	-662.00452	-661.994659	
176.5383	-662.039427	-662.012112	-662.00452	-661.968479	
176.5485	-662.039427	-662.038292	-662.00452	-661.959752	
176.5586	-662.039427	-662.073198	-662.00452	-661.942299	
176.5687	-662.039427	-662.108105	-662.00452	-661.933572	
176.579	-662.039427	-662.125558	-662.00452	-661.942299	
176.5891	-662.039427	-662.134285	-662.00452	-661.951025	
176.5993	-662.039427	-662.134285	-662.00452	-661.968479	
176.6095	-662.039427	-662.125558	-662.00452	-661.985932	
176.6196	-662.039427	-662.099378	-662.00452	-662.003385	
176.6297	-662.039427	-662.073198	-662.00452	-662.029565	
176.6399	-662.039427	-662.038292	-662.00452	-662.047019	
176.65	-662.039427	-662.003385	-662.00452	-662.073198	
176.6602	-662.039427	-661.977205	-662.00452	-662.073198	
176.6704	-662.039427	-661.959752	-662.00452	-662.073198	
176.6805	-662.039427	-661.942299	-662.00452	-662.073198	
176.6906	-662.039427	-661.942299	-662.00452	-662.047019	
176.7087	-662.039427	-661.959752	-662.00452	-662.012112	
176.7134	-662.039427	-661.968479	-662.00452	-662.003385	
176.7236	-662.039427	-662.003385	-662.00452	-661.968479	
176.7337	-662.039427	-662.029565	-662.00452	-661.951025	
176.7439	-662.039427	-662.064472	-662.00452	-661.933572	
176.754	-662.039427	-662.090652	-662.00452	-661.924845	
176.7642	-662.039427	-662.116832	-662.00452	-661.924845	
176.7743	-662.039427	-662.134285	-662.00452	-661.933572	
176.7845	-662.039427	-662.143012	-662.00452	-661.951025	
176.7946	-662.039427	-662.134285	-662.00452	-661.968479	
176.8048	-662.039427	-662.116832	-662.00452	-662.003385	
176.815	-662.039427	-662.090652	-662.00452	-662.029565	
176.8251	-662.039427	-662.055745	-662.00452	-662.055745	
176.8353	-662.039427	-662.020839	-662.00452	-662.073198	
176.8455	-662.039427	-661.985932	-662.00452	-662.090652	
176.8556	-662.039427	-661.959752	-662.00452	-662.099378	
176.8658	-662.039427	-661.942299	-662.00452	-662.090652	
176.876	-662.039427	-661.933572	-662.00452	-662.073198	
176.8861	-662.039427	-661.942299	-662.00452	-662.055745	
176.8963	-662.039427	-661.959752	-662.00452	-662.029565	
176.9064	-662.039427	-661.985932	-662.00452	-661.994659	
176.9166	-662.039427	-662.012112	-662.00452	-661.968479	
176.9272	-662.039427	-662.047019	-662.00452	-661.933572	
176.937	-662.039427	-662.090652	-662.00452	-661.907392	
176.9472	-662.039427	-662.116832	-662.00452	-661.898666	
176.9574	-662.039427	-662.143012	-662.00452	-661.898666	
176.9674	-662.039427	-662.143012	-662.00452	-661.907392	
176.9776	-662.039427	-662.143012	-662.00452	-661.933572	
176.9878	-662.039427	-662.125558	-662.00452	-661.968479	
176.9979	-662.039427	-662.090652	-662.00452	-662.003385	
177.0081	-662.039427	-662.055745	-662.00452	-662.038292	
177.0182	-662.039427	-662.020839	-662.00452	-662.073198	
177.0284	-662.039427	-661.985932	-662.00452	-662.108105	
177.0386	-662.039427	-661.951025	-662.00452	-662.108105	
177.0487	-662.039427	-661.933572	-662.00452	-662.116832	
177.0588	-662.039427	-661.933572	-662.00452	-662.108105	
177.069	-662.039427	-661.933572	-662.00452	-662.081925	
177.0792	-662.039427	-661.951025	-662.00452	-662.055745	
177.0896	-662.039427	-661.985932	-662.00452	-662.012112	
177.0997	-662.039427	-662.020839	-662.00452	-661.977205	
177.1098	-662.039427	-662.055745	-662.00452	-661.942299	
177.12	-662.039427	-662.099378	-662.00452	-661.916119	
177.1301	-662.039427	-662.125558	-662.00452	-661.898666	
177.1403	-662.039427	-662.143012	-662.00452	-661.898666	
177.1504	-662.039427	-662.151738	-662.00452	-661.898666	
177.1606	-662.039427	-662.143012	-662.00452	-661.916119	
177.1708	-662.039427	-662.125558	-662.00452	-661.942299	
177.1811	-662.039427	-662.099378	-662.00452	-661.977205	
177.1912	-662.039427	-662.055745	-662.00452	-662.020839	
177.2014	-662.039427	-662.020839	-662.00452	-662.055745	
177.2116	-662.039427	-661.985932	-662.00452	-662.090652	
177.2217	-662.039427	-661.951025	-662.00452	-662.116832	
177.2318	-662.039427	-661.933572	-662.00452	-662.125558	
177.242	-662.039427	-661.924845	-662.00452	-662.125558	
177.2522	-662.039427	-661.933572	-662.00452	-662.108105	
177.2623	-662.039427	-661.951025	-662.00452	-662.073198	
177.2726	-662.039427	-661.977205	-662.00452	-662.038292	
177.2828	-662.039427	-662.012112	-662.00452	-661.994659	
177.293	-662.039427	-662.055745	-662.00452	-661.951025	
177.3032	-662.039427	-662.099378	-662.00452	-661.907392	
177.3133	-662.039427	-662.134285	-662.00452	-661.889939	
177.3235	-662.039427	-662.151738	-662.00452	-661.872486	
177.3336	-662.039427	-662.160465	-662.00452	-661.872486	
177.3438	-662.039427	-662.151738	-662.00452	-661.898666	
177.354	-662.039427	-662.134285	-662.00452	-661.924845	
177.3641	-662.039427	-662.099378	-662.00452	-661.968479	
177.3742	-662.039427	-662.064472	-662.00452	-662.003385	
177.3844	-662.039427	-662.020839	-662.00452	-662.047019	
177.3946	-662.039427	-661.977205	-662.00452	-662.090652	
177.4048	-662.039427	-661.951025	-662.00452	-662.125558	
177.4149	-662.039427	-661.924845	-662.00452	-662.143012	
177.4251	-662.039427	-661.916119	-662.00452	-662.143012	
177.4353	-662.039427	-661.924845	-662.00452	-662.125558	
177.4455	-662.039427	-661.933572	-662.00452	-662.099378	
177.4556	-662.039427	-661.968479	-662.00452	-662.064472	
177.4658	-662.039427	-662.003385	-662.00452	-662.020839	
177.4759	-662.039427	-662.038292	-662.00452	-661.968479	
177.486	-662.039427	-662.090652	-662.00452	-661.933572	
177.4966	-662.039427	-662.125558	-662.00452	-661.898666	
177.5071	-662.039427	-662.151738	-662.00452	-661.872486	
177.517	-662.039427	-662.169192	-662.00452	-661.863759	
177.5273	-662.039427	-662.160465	-662.00452	-661.872486	
177.5372	-662.039427	-662.143012	-662.00452	-661.898666	
177.5474	-662.039427	-662.116832	-662.00452	-661.924845	
177.5576	-662.039427	-662.073198	-662.00452	-661.968479	
177.5677	-662.039427	-662.038292	-662.00452	-662.012112	
177.578	-662.039427	-661.994659	-662.00452	-662.055745	
177.5883	-662.039427	-661.959752	-662.00452	-662.090652	
177.5985	-662.039427	-661.933572	-662.00452	-662.125558	
177.6083	-662.039427	-661.916119	-662.00452	-662.143012	
177.6185	-662.039427	-661.916119	-662.00452	-662.143012	
177.6287	-662.039427	-661.933572	-662.00452	-662.125558	
177.6388	-662.039427	-661.959752	-662.00452	-662.108105	
177.649	-662.039427	-661.985932	-662.00452	-662.073198	
177.6676	-662.039427	-662.029565	-662.00452	-662.020839	
177.6723	-662.039427	-662.081925	-662.00452	-661.968479	
177.6824	-662.039427	-662.116832	-662.00452	-661.924845	
177.6927	-662.039427	-662.143012	-662.00452	-661.898666	
177.7028	-662.039427	-662.160465	-662.00452	-661.872486	
177.713	-662.039427	-662.160465	-662.00452	-661.863759	
177.7232	-662.039427	-662.143012	-662.00452	-661.872486	
177.7333	-662.039427	-662.116832	-662.00452	-661.898666	
177.7435	-662.039427	-662.081925	-662.00452	-661.933572	
177.7537	-662.039427	-662.038292	-662.00452	-661.968479	
177.7639	-662.039427	-662.003385	-662.00452	-662.020839	
177.7739	-662.039427	-661.968479	-662.00452	-662.064472	
177.7841	-662.039427	-661.933572	-662.00452	-662.108105	
177.7943	-662.039427	-661.924845	-662.00452	-662.134285	
177.8045	-662.039427	-661.924845	-662.00452	-662.143012	
177.8146	-662.039427	-661.933572	-662.00452	-662.143012	
177.8248	-662.039427	-661.951025	-662.00452	-662.125558	
177.835	-662.039427	-661.985932	-662.00452	-662.090652	
177.8452	-662.039427	-662.020839	-662.00452	-662.047019	
177.8553	-662.039427	-662.064472	-662.00452	-662.003385	
177.8655	-662.039427	-662.099378	-662.00452	-661.959752	
177.8756	-662.039427	-662.134285	-662.00452	-661.916119	
177.8858	-662.039427	-662.143012	-662.00452	-661.881212	
177.9059	-662.039427	-662.143012	-662.00452	-661.863759	
177.9106	-662.039427	-662.143012	-662.00452	-661.863759	
177.9287	-662.039427	-662.090652	-662.00452	-661.898666	
177.9335	-662.039427	-662.073198	-662.00452	-661.907392	
177.9436	-662.039427	-662.038292	-662.00452	-661.951025	
177.9538	-662.039427	-662.003385	-662.00452	-662.003385	
177.9639	-662.039427	-661.968479	-662.00452	-662.038292	
177.974	-662.039427	-661.951025	-662.00452	-662.081925	
177.9842	-662.039427	-661.942299	-662.00452	-662.108105	
177.9944	-662.039427	-661.942299	-662.00452	-662.134285	
178.0045	-662.039427	-661.951025	-662.00452	-662.143012	
178.0147	-662.039427	-661.977205	-662.00452	-662.125558	
178.0248	-662.039427	-662.003385	-662.00452	-662.108105	
178.035	-662.039427	-662.038292	-662.00452	-662.064472	
178.0452	-662.039427	-662.073198	-662.00452	-662.020839	
178.0553	-662.039427	-662.108105	-662.00452	-661.968479	
178.0654	-662.039427	-662.134285	-662.00452	-661.933572	
178.0756	-662.039427	-662.143012	-662.00452	-661.898666	
178.086	-662.039427	-662.151738	-662.00452	-661.872486	
178.0959	-662.039427	-662.143012	-662.00452	-661.863759	
178.1061	-662.039427	-662.116832	-662.00452	-661.872486	
178.1163	-662.039427	-662.081925	-662.00452	-661.898666	
178.1264	-662.039427	-662.047019	-662.00452	-661.933572	
178.1366	-662.039427	-662.003385	-662.00452	-661.968479	
178.1467	-662.039427	-661.968479	-662.00452	-662.012112	
178.1569	-662.039427	-661.933572	-662.00452	-662.064472	
178.1671	-662.039427	-661.916119	-662.00452	-662.108105	
178.1772	-662.039427	-661.916119	-662.00452	-662.134285	
178.1874	-662.039427	-661.924845	-662.00452	-662.143012	
178.1976	-662.039427	-661.942299	-662.00452	-662.143012	
178.2077	-662.039427	-661.977205	-662.00452	-662.125558	
178.2179	-662.039427	-662.012112	-662.00452	-662.099378	
178.228	-662.039427	-662.055745	-662.00452	-662.055745	
178.2382	-662.039427	-662.090652	-662.00452	-662.012112	
178.2483	-662.039427	-662.125558	-662.00452	-661.968479	
178.2585	-662.039427	-662.143012	-662.00452	-661.933572	
178.2766	-662.039427	-662.134285	-662.00452	-661.881212	
178.2814	-662.039427	-662.125558	-662.00452	-661.872486	
178.2916	-662.039427	-662.108105	-662.00452	-661.872486	
178.3018	-662.039427	-662.073198	-662.00452	-661.889939	
178.3119	-662.039427	-662.038292	-662.00452	-661.916119	
178.3221	-662.039427	-662.003385	-662.00452	-661.951025	
178.3324	-662.039427	-661.968479	-662.00452	-662.003385	
178.3425	-662.039427	-661.942299	-662.00452	-662.047019	
178.3526	-662.039427	-661.924845	-662.00452	-662.090652	
178.3628	-662.039427	-661.924845	-662.00452	-662.125558	
178.3729	-662.039427	-661.933572	-662.00452	-662.143012	
178.3834	-662.039427	-661.959752	-662.00452	-662.143012	
178.3934	-662.039427	-661.985932	-662.00452	-662.134285	
178.4036	-662.039427	-662.029565	-662.00452	-662.108105	
178.4137	-662.039427	-662.064472	-662.00452	-662.064472	
178.4238	-662.039427	-662.108105	-662.00452	-662.012112	
178.434	-662.039427	-662.125558	-662.00452	-661.968479	
178.4445	-662.039427	-662.143012	-662.00452	-661.916119	
178.4543	-662.039427	-662.134285	-662.00452	-661.872486	
178.4645	-662.039427	-662.116832	-662.00452	-661.846306	
178.4747	-662.039427	-662.099378	-662.00452	-661.837579	
178.4848	-662.039427	-662.064472	-662.00452	-661.846306	
178.503	-662.039427	-662.003385	-662.00452	-661.898666	
178.5076	-662.039427	-661.985932	-662.00452	-661.916119	
178.5178	-662.039427	-661.951025	-662.00452	-661.968479	
178.5279	-662.039427	-661.933572	-662.00452	-662.029565	
178.5384	-662.039427	-661.916119	-662.00452	-662.081925	
178.5483	-662.039427	-661.916119	-662.00452	-662.143012	
178.5585	-662.039427	-661.933572	-662.00452	-662.177918	
178.5685	-662.039427	-661.959752	-662.00452	-662.195371	
178.5787	-662.039427	-661.985932	-662.00452	-662.195371	
178.5891	-662.039427	-662.020839	-662.00452	-662.177918	
178.5991	-662.039427	-662.064472	-662.00452	-662.143012	
178.6093	-662.039427	-662.099378	-662.00452	-662.090652	
178.6195	-662.039427	-662.125558	-662.00452	-662.020839	
178.6296	-662.039427	-662.151738	-662.00452	-661.959752	
178.6396	-662.039427	-662.160465	-662.00452	-661.898666	
178.6499	-662.039427	-662.160465	-662.00452	-661.837579	
178.66	-662.039427	-662.143012	-662.00452	-661.802672	
178.6701	-662.039427	-662.116832	-662.00452	-661.785219	
178.6803	-662.039427	-662.081925	-662.00452	-661.785219	
178.6904	-662.039427	-662.047019	-662.00452	-661.793946	
178.7007	-662.039427	-662.012112	-662.00452	-661.828852	
178.7109	-662.039427	-661.977205	-662.00452	-661.881212	
178.721	-662.039427	-661.951025	-662.00452	-661.942299	
178.7312	-662.039427	-661.933572	-662.00452	-662.020839	
178.7414	-662.039427	-661.916119	-662.00452	-662.090652	
178.7515	-662.039427	-661.916119	-662.00452	-662.160465	
178.7616	-662.039427	-661.933572	-662.00452	-662.212825	
178.7718	-662.039427	-661.951025	-662.00452	-662.247731	
178.782	-662.039427	-661.977205	-662.00452	-662.256458	
178.7921	-662.039427	-662.012112	-662.00452	-662.247731	
178.8023	-662.039427	-662.047019	-662.00452	-662.221551	
178.8125	-662.039427	-662.081925	-662.00452	-662.177918	
178.8226	-662.039427	-662.108105	-662.00452	-662.125558	
178.8328	-662.039427	-662.134285	-662.00452	-662.047019	
178.843	-662.039427	-662.143012	-662.00452	-661.968479	
178.8532	-662.039427	-662.151738	-662.00452	-661.898666	
178.8635	-662.039427	-662.143012	-662.00452	-661.828852	
178.8734	-662.039427	-662.125558	-662.00452	-661.776492	
178.8836	-662.039427	-662.090652	-662.00452	-661.741586	
178.8942	-662.039427	-662.064472	-662.00452	-661.732859	
178.9044	-662.039427	-662.020839	-662.00452	-661.741586	
178.9146	-662.039427	-661.994659	-662.00452	-661.767766	
178.9248	-662.039427	-661.968479	-662.00452	-661.811399	
178.9349	-662.039427	-661.942299	-662.00452	-661.863759	
178.9451	-662.039427	-661.924845	-662.00452	-661.933572	
178.9553	-662.039427	-661.916119	-662.00452	-662.012112	
178.9654	-662.039427	-661.924845	-662.00452	-662.099378	
178.9755	-662.039427	-661.933572	-662.00452	-662.177918	
178.9857	-662.039427	-661.968479	-662.00452	-662.230278	
178.9959	-662.039427	-662.003385	-662.00452	-662.265185	
179.006	-662.039427	-662.038292	-662.00452	-662.282638	
179.0162	-662.039427	-662.073198	-662.00452	-662.273911	
179.0264	-662.039427	-662.108105	-662.00452	-662.247731	
179.0365	-662.039427	-662.143012	-662.00452	-662.204098	
179.0468	-662.039427	-662.169192	-662.00452	-662.143012	
179.0569	-662.039427	-662.186645	-662.00452	-662.073198	
179.0671	-662.039427	-662.186645	-662.00452	-661.994659	
179.0773	-662.039427	-662.169192	-662.00452	-661.916119	
179.0876	-662.039427	-662.134285	-662.00452	-661.846306	
179.0975	-662.039427	-662.090652	-662.00452	-661.793946	
179.1077	-662.039427	-662.038292	-662.00452	-661.759039	
179.1179	-662.039427	-661.985932	-662.00452	-661.741586	
179.128	-662.039427	-661.933572	-662.00452	-661.741586	
179.1382	-662.039427	-661.898666	-662.00452	-661.767766	
179.1483	-662.039427	-661.863759	-662.00452	-661.802672	
179.1585	-662.039427	-661.846306	-662.00452	-661.855032	
179.1686	-662.039427	-661.837579	-662.00452	-661.907392	
179.1788	-662.039427	-661.855032	-662.00452	-661.968479	
179.189	-662.039427	-661.881212	-662.00452	-662.038292	
179.1992	-662.039427	-661.916119	-662.00452	-662.108105	
179.2172	-662.039427	-661.968479	-662.00452	-662.151738	
179.2219	-662.039427	-662.047019	-662.00452	-662.204098	
179.232	-662.039427	-662.116832	-662.00452	-662.212825	
179.2422	-662.039427	-662.186645	-662.00452	-662.212825	
179.2523	-662.039427	-662.239005	-662.00452	-662.177918	
179.2625	-662.039427	-662.282638	-662.00452	-662.143012	
179.2726	-662.039427	-662.300091	-662.00452	-662.090652	
179.2828	-662.039427	-662.291365	-662.00452	-662.038292	
179.293	-662.039427	-662.273911	-662.00452	-661.985932	
179.3032	-662.039427	-662.239005	-662.00452	-661.933572	
179.3133	-662.039427	-662.177918	-662.00452	-661.889939	
179.3235	-662.039427	-662.116832	-662.00452	-661.846306	
179.3337	-662.039427	-662.038292	-662.00452	-661.828852	
179.3438	-662.039427	-661.959752	-662.00452	-661.828852	
179.354	-662.039427	-661.889939	-662.00452	-661.837579	
179.3642	-662.039427	-661.828852	-662.00452	-661.863759	
179.3742	-662.039427	-661.793946	-662.00452	-661.907392	
179.3848	-662.039427	-661.767766	-662.00452	-661.959752	
179.3947	-662.039427	-661.767766	-662.00452	-662.003385	
179.405	-662.039427	-661.793946	-662.00452	-662.055745	
179.415	-662.039427	-661.828852	-662.00452	-662.099378	
179.4252	-662.039427	-661.872486	-662.00452	-662.143012	
179.4375	-662.039427	-661.933572	-662.00452	-662.160465	
179.4455	-662.039427	-662.003385	-662.00452	-662.177918	
179.4556	-662.039427	-662.081925	-662.00452	-662.177918	
179.4658	-662.039427	-662.160465	-662.00452	-662.143012	
179.476	-662.039427	-662.221551	-662.00452	-662.108105	
179.4861	-662.039427	-662.265185	-662.00452	-662.047019	
179.4963	-662.039427	-662.291365	-662.00452	-661.994659	
179.5065	-662.039427	-662.291365	-662.00452	-661.933572	
179.5167	-662.039427	-662.273911	-662.00452	-661.881212	
179.5269	-662.039427	-662.239005	-662.00452	-661.837579	
179.5372	-662.039427	-662.195371	-662.00452	-661.811399	
179.5472	-662.039427	-662.134285	-662.00452	-661.793946	
179.5573	-662.039427	-662.073198	-662.00452	-661.793946	
179.5675	-662.039427	-662.003385	-662.00452	-661.811399	
179.5776	-662.039427	-661.951025	-662.00452	-661.846306	
179.5878	-662.039427	-661.898666	-662.00452	-661.898666	
179.598	-662.039427	-661.863759	-662.00452	-661.951025	
179.6081	-662.039427	-661.837579	-662.00452	-662.020839	
179.6183	-662.039427	-661.837579	-662.00452	-662.090652	
179.6284	-662.039427	-661.855032	-662.00452	-662.151738	
179.6385	-662.039427	-661.889939	-662.00452	-662.204098	
179.6487	-662.039427	-661.933572	-662.00452	-662.230278	
179.6588	-662.039427	-661.985932	-662.00452	-662.247731	
179.669	-662.039427	-662.038292	-662.00452	-662.247731	
179.6793	-662.039427	-662.099378	-662.00452	-662.212825	
179.6893	-662.039427	-662.143012	-662.00452	-662.177918	
179.6996	-662.039427	-662.186645	-662.00452	-662.116832	
179.7097	-662.039427	-662.212825	-662.00452	-662.047019	
179.7198	-662.039427	-662.230278	-662.00452	-661.968479	
179.7299	-662.039427	-662.212825	-662.00452	-661.898666	
179.7403	-662.039427	-662.186645	-662.00452	-661.837579	
179.7502	-662.039427	-662.143012	-662.00452	-661.793946	
179.7604	-662.039427	-662.090652	-662.00452	-661.759039	
179.7705	-662.039427	-662.029565	-662.00452	-661.750313	
179.7809	-662.039427	-661.977205	-662.00452	-661.759039	
179.7913	-662.039427	-661.916119	-662.00452	-661.793946	
179.801	-662.039427	-661.881212	-662.00452	-661.837579	
179.8113	-662.039427	-661.846306	-662.00452	-661.898666	
179.8214	-662.039427	-661.828852	-662.00452	-661.968479	
179.8315	-662.039427	-661.837579	-662.00452	-662.038292	
179.8417	-662.039427	-661.863759	-662.00452	-662.108105	
179.8519	-662.039427	-661.898666	-662.00452	-662.160465	
179.8621	-662.039427	-661.951025	-662.00452	-662.204098	
179.8721	-662.039427	-662.003385	-662.00452	-662.230278	
179.8823	-662.039427	-662.073198	-662.00452	-662.230278	
179.8925	-662.039427	-662.134285	-662.00452	-662.212825	
179.9033	-662.039427	-662.195371	-662.00452	-662.177918	
179.9134	-662.039427	-662.230278	-662.00452	-662.125558	
179.9236	-662.039427	-662.256458	-662.00452	-662.073198	
179.9337	-662.039427	-662.265185	-662.00452	-662.003385	
179.9439	-662.039427	-662.247731	-662.00452	-661.933572	
179.9541	-662.039427	-662.212825	-662.00452	-661.881212	
179.9643	-662.039427	-662.169192	-662.00452	-661.828852	
179.9743	-662.039427	-662.108105	-662.00452	-661.802672	
179.9845	-662.039427	-662.047019	-662.00452	-661.793946	
179.9946	-662.039427	-661.985932	-662.00452	-661.793946	
180.0049	-662.039427	-661.924845	-662.00452	-661.828852	
180.015	-662.039427	-661.872486	-662.00452	-661.863759	
180.0252	-662.039427	-661.837579	-662.00452	-661.916119	
180.0354	-662.039427	-661.820126	-662.00452	-661.977205	
180.0455	-662.039427	-661.820126	-662.00452	-662.038292	
180.0556	-662.039427	-661.837579	-662.00452	-662.108105	
180.0658	-662.039427	-661.872486	-662.00452	-662.160465	
180.076	-662.039427	-661.924845	-662.00452	-662.204098	
180.0861	-662.039427	-661.985932	-662.00452	-662.221551	
180.0963	-662.039427	-662.038292	-662.00452	-662.230278	
180.1064	-662.039427	-662.099378	-662.00452	-662.212825	
180.1166	-662.039427	-662.143012	-662.00452	-662.177918	
180.1268	-662.039427	-662.177918	-662.00452	-662.134285	
180.1369	-662.039427	-662.195371	-662.00452	-662.081925	
180.1471	-662.039427	-662.195371	-662.00452	-662.029565	
180.1572	-662.039427	-662.177918	-662.00452	-661.968479	
180.1674	-662.039427	-662.143012	-662.00452	-661.924845	
180.1775	-662.039427	-662.099378	-662.00452	-661.889939	
180.1878	-662.039427	-662.047019	-662.00452	-661.863759	
180.1979	-662.039427	-661.985932	-662.00452	-661.863759	
180.208	-662.039427	-661.933572	-662.00452	-661.863759	
180.2182	-662.039427	-661.898666	-662.00452	-661.889939	
180.2284	-662.039427	-661.863759	-662.00452	-661.924845	
180.2384	-662.039427	-661.855032	-662.00452	-661.968479	
180.2486	-662.039427	-661.863759	-662.00452	-662.012112	
180.2588	-662.039427	-661.889939	-662.00452	-662.055745	
180.269	-662.039427	-661.933572	-662.00452	-662.108105	
180.2792	-662.039427	-661.985932	-662.00452	-662.143012	
180.2893	-662.039427	-662.047019	-662.00452	-662.160465	
180.2995	-662.039427	-662.099378	-662.00452	-662.160465	
180.3097	-662.039427	-662.143012	-662.00452	-662.151738	
180.3198	-662.039427	-662.177918	-662.00452	-662.125558	
180.3299	-662.039427	-662.186645	-662.00452	-662.081925	
180.3401	-662.039427	-662.177918	-662.00452	-662.047019	
180.3502	-662.039427	-662.160465	-662.00452	-662.003385	
180.3604	-662.039427	-662.116832	-662.00452	-661.977205	
180.3705	-662.039427	-662.073198	-662.00452	-661.951025	
180.3808	-662.039427	-662.020839	-662.00452	-661.933572	
180.3909	-662.039427	-661.968479	-662.00452	-661.916119	
180.401	-662.039427	-661.933572	-662.00452	-661.907392	
180.4112	-662.039427	-661.898666	-662.00452	-661.907392	
180.4214	-662.039427	-661.881212	-662.00452	-661.924845	
180.4315	-662.039427	-661.881212	-662.00452	-661.933572	
180.4416	-662.039427	-661.898666	-662.00452	-661.968479	
180.4518	-662.039427	-661.924845	-662.00452	-661.994659	
180.462	-662.039427	-661.968479	-662.00452	-662.020839	
180.4721	-662.039427	-662.020839	-662.00452	-662.055745	
180.4823	-662.039427	-662.073198	-662.00452	-662.081925	
180.4925	-662.039427	-662.125558	-662.00452	-662.108105	
180.5026	-662.039427	-662.160465	-662.00452	-662.125558	
180.5127	-662.039427	-662.177918	-662.00452	-662.125558	
180.5229	-662.039427	-662.177918	-662.00452	-662.116832	
180.5335	-662.039427	-662.169192	-662.00452	-662.108105	
180.5433	-662.039427	-662.143012	-662.00452	-662.073198	
180.5534	-662.039427	-662.108105	-662.00452	-662.055745	
180.5636	-662.039427	-662.055745	-662.00452	-662.029565	
180.5738	-662.039427	-662.003385	-662.00452	-662.003385	
180.5839	-662.039427	-661.959752	-662.00452	-661.977205	
180.5941	-662.039427	-661.924845	-662.00452	-661.959752	
180.6042	-662.039427	-661.898666	-662.00452	-661.942299	
180.6144	-662.039427	-661.889939	-662.00452	-661.933572	
180.6245	-662.039427	-661.898666	-662.00452	-661.933572	
180.6347	-662.039427	-661.916119	-662.00452	-661.942299	
180.645	-662.039427	-661.959752	-662.00452	-661.951025	
180.6551	-662.039427	-662.003385	-662.00452	-661.968479	
180.6652	-662.039427	-662.047019	-662.00452	-661.994659	
180.6755	-662.039427	-662.090652	-662.00452	-662.020839	
180.6856	-662.039427	-662.116832	-662.00452	-662.047019	
180.6957	-662.039427	-662.134285	-662.00452	-662.073198	
180.7058	-662.039427	-662.143012	-662.00452	-662.090652	
180.7161	-662.039427	-662.134285	-662.00452	-662.108105	
180.7262	-662.039427	-662.108105	-662.00452	-662.108105	
180.7363	-662.039427	-662.090652	-662.00452	-662.099378	
180.7465	-662.039427	-662.055745	-662.00452	-662.081925	
180.7567	-662.039427	-662.020839	-662.00452	-662.064472	
180.7669	-662.039427	-661.985932	-662.00452	-662.038292	
180.777	-662.039427	-661.959752	-662.00452	-662.012112	
180.7871	-662.039427	-661.933572	-662.00452	-661.994659	
180.7973	-662.039427	-661.916119	-662.00452	-661.968479	
180.8075	-662.039427	-661.916119	-662.00452	-661.959752	
180.8176	-662.039427	-661.933572	-662.00452	-661.951025	
180.8279	-662.039427	-661.951025	-662.00452	-661.942299	
180.838	-662.039427	-661.985932	-662.00452	-661.951025	
180.8483	-662.039427	-662.020839	-662.00452	-661.959752	
180.8583	-662.039427	-662.064472	-662.00452	-661.968479	
180.8685	-662.039427	-662.090652	-662.00452	-661.985932	
180.8786	-662.039427	-662.108105	-662.00452	-662.003385	
180.8887	-662.039427	-662.116832	-662.00452	-662.020839	
180.8993	-662.039427	-662.116832	-662.00452	-662.038292	
180.9091	-662.039427	-662.108105	-662.00452	-662.064472	
180.9194	-662.039427	-662.081925	-662.00452	-662.073198	
180.9294	-662.039427	-662.055745	-662.00452	-662.090652	
180.9399	-662.039427	-662.038292	-662.00452	-662.090652	
180.9498	-662.039427	-662.003385	-662.00452	-662.090652	
180.9599	-662.039427	-661.977205	-662.00452	-662.073198	
180.97	-662.039427	-661.959752	-662.00452	-662.064472	
180.9801	-662.039427	-661.942299	-662.00452	-662.038292	
180.9903	-662.039427	-661.933572	-662.00452	-662.012112	
181.0005	-662.039427	-661.942299	-662.00452	-661.994659	
181.0106	-662.039427	-661.959752	-662.00452	-661.968479	
181.0209	-662.039427	-661.985932	-662.00452	-661.951025	
181.031	-662.039427	-662.012112	-662.00452	-661.942299	
181.0411	-662.039427	-662.047019	-662.00452	-661.933572	
181.0515	-662.039427	-662.081925	-662.00452	-661.942299	
181.0617	-662.039427	-662.108105	-662.00452	-661.951025	
181.0718	-662.039427	-662.125558	-662.00452	-661.968479	
181.0819	-662.039427	-662.134285	-662.00452	-661.985932	
181.0921	-662.039427	-662.125558	-662.00452	-662.012112	
181.1023	-662.039427	-662.108105	-662.00452	-662.038292	
181.1124	-662.039427	-662.090652	-662.00452	-662.064472	
181.1226	-662.039427	-662.055745	-662.00452	-662.073198	
181.1328	-662.039427	-662.029565	-662.00452	-662.090652	
181.143	-662.039427	-661.994659	-662.00452	-662.099378	
181.1531	-662.039427	-661.977205	-662.00452	-662.099378	
181.1633	-662.039427	-661.959752	-662.00452	-662.090652	
181.1734	-662.039427	-661.959752	-662.00452	-662.073198	
181.1836	-662.039427	-661.968479	-662.00452	-662.047019	
181.1937	-662.039427	-661.977205	-662.00452	-662.020839	
181.2041	-662.039427	-662.003385	-662.00452	-662.003385	
181.2142	-662.039427	-662.020839	-662.00452	-661.977205	
181.2242	-662.039427	-662.055745	-662.00452	-661.959752	
181.2344	-662.039427	-662.081925	-662.00452	-661.942299	
181.2446	-662.039427	-662.108105	-662.00452	-661.933572	
181.2547	-662.039427	-662.108105	-662.00452	-661.933572	
181.265	-662.039427	-662.108105	-662.00452	-661.933572	
181.275	-662.039427	-662.099378	-662.00452	-661.951025	
181.2852	-662.039427	-662.081925	-662.00452	-661.968479	
181.2954	-662.039427	-662.055745	-662.00452	-661.985932	
181.3055	-662.039427	-662.020839	-662.00452	-662.012112	
181.3158	-662.039427	-661.994659	-662.00452	-662.038292	
181.3259	-662.039427	-661.968479	-662.00452	-662.064472	
181.336	-662.039427	-661.942299	-662.00452	-662.081925	
181.3462	-662.039427	-661.933572	-662.00452	-662.090652	
181.3563	-662.039427	-661.924845	-662.00452	-662.090652	
181.3669	-662.039427	-661.933572	-662.00452	-662.090652	
181.377	-662.039427	-661.933572	-662.00452	-662.073198	
181.3872	-662.039427	-661.951025	-662.00452	-662.055745	
181.3974	-662.039427	-661.968479	-662.00452	-662.029565	
181.4075	-662.039427	-661.977205	-662.00452	-662.003385	
181.4179	-662.039427	-661.985932	-662.00452	-661.968479	
181.428	-662.039427	-661.985932	-662.00452	-661.933572	
181.4381	-662.039427	-661.985932	-662.00452	-661.916119	
181.4482	-662.039427	-661.977205	-662.00452	-661.907392	
181.4584	-662.039427	-661.977205	-662.00452	-661.907392	
181.4685	-662.039427	-661.977205	-662.00452	-661.924845	
181.4787	-662.039427	-661.977205	-662.00452	-661.942299	
181.4888	-662.039427	-661.977205	-662.00452	-661.968479	
181.499	-662.039427	-661.977205	-662.00452	-662.003385	
181.5093	-662.039427	-661.977205	-662.00452	-662.038292	
181.5198	-662.039427	-661.977205	-662.00452	-662.073198	
181.5294	-662.039427	-661.977205	-662.00452	-662.108105	
181.5397	-662.039427	-661.977205	-662.00452	-662.125558	
181.5499	-662.039427	-661.985932	-662.00452	-662.134285	
181.5599	-662.039427	-661.985932	-662.00452	-662.125558	
181.5702	-662.039427	-661.985932	-662.00452	-662.099378	
181.5802	-662.039427	-661.994659	-662.00452	-662.064472	
181.5906	-662.039427	-662.003385	-662.00452	-662.020839	
181.6005	-662.039427	-662.012112	-662.00452	-661.977205	
181.6107	-662.039427	-662.029565	-662.00452	-661.933572	
181.6209	-662.039427	-662.047019	-662.00452	-661.898666	
181.6311	-662.039427	-662.064472	-662.00452	-661.881212	
181.6412	-662.039427	-662.081925	-662.00452	-661.872486	
181.6514	-662.039427	-662.099378	-662.00452	-661.881212	
181.6694	-662.039427	-662.108105	-662.00452	-661.907392	
181.674	-662.039427	-662.116832	-662.00452	-661.951025	
181.6842	-662.039427	-662.116832	-662.00452	-662.003385	
181.6944	-662.039427	-662.116832	-662.00452	-662.047019	
181.7045	-662.039427	-662.108105	-662.00452	-662.090652	
181.7147	-662.039427	-662.108105	-662.00452	-662.134285	
181.7248	-662.039427	-662.108105	-662.00452	-662.160465	
181.7429	-662.039427	-662.108105	-662.00452	-662.160465	
181.7476	-662.039427	-662.108105	-662.00452	-662.151738	
181.7577	-662.039427	-662.108105	-662.00452	-662.125558	
181.7679	-662.039427	-662.108105	-662.00452	-662.081925	
181.7785	-662.039427	-662.108105	-662.00452	-662.029565	
181.7884	-662.039427	-662.099378	-662.00452	-661.968479	
181.7983	-662.039427	-662.090652	-662.00452	-661.916119	
181.8084	-662.039427	-662.073198	-662.00452	-661.872486	
181.8186	-662.039427	-662.055745	-662.00452	-661.837579	
181.8288	-662.039427	-662.038292	-662.00452	-661.828852	
181.839	-662.039427	-662.020839	-662.00452	-661.828852	
181.8491	-662.039427	-662.003385	-662.00452	-661.855032	
181.8594	-662.039427	-661.985932	-662.00452	-661.898666	
181.8694	-662.039427	-661.968479	-662.00452	-661.951025	
181.88	-662.039427	-661.959752	-662.00452	-662.012112	
181.8901	-662.039427	-661.951025	-662.00452	-662.073198	
181.9	-662.039427	-661.942299	-662.00452	-662.125558	
181.9101	-662.039427	-661.942299	-662.00452	-662.169192	
181.9202	-662.039427	-661.951025	-662.00452	-662.186645	
181.9304	-662.039427	-661.951025	-662.00452	-662.177918	
181.9406	-662.039427	-661.951025	-662.00452	-662.160465	
181.9507	-662.039427	-661.959752	-662.00452	-662.125558	
181.9609	-662.039427	-661.959752	-662.00452	-662.073198	
181.971	-662.039427	-661.968479	-662.00452	-662.012112	
181.989	-662.039427	-661.977205	-662.00452	-661.898666	
181.9937	-662.039427	-661.985932	-662.00452	-661.881212	
182.004	-662.039427	-662.003385	-662.00452	-661.837579	
182.0141	-662.039427	-662.029565	-662.00452	-661.811399	
182.0242	-662.039427	-662.055745	-662.00452	-661.811399	
182.0344	-662.039427	-662.081925	-662.00452	-661.828852	
182.0446	-662.039427	-662.108105	-662.00452	-661.872486	
182.0547	-662.039427	-662.134285	-662.00452	-661.924845	
182.0648	-662.039427	-662.151738	-662.00452	-661.985932	
182.075	-662.039427	-662.160465	-662.00452	-662.055745	
182.0935	-662.039427	-662.151738	-662.00452	-662.177918	
182.0983	-662.039427	-662.151738	-662.00452	-662.195371	
182.1085	-662.039427	-662.143012	-662.00452	-662.230278	
182.1186	-662.039427	-662.143012	-662.00452	-662.247731	
182.1288	-662.039427	-662.143012	-662.00452	-662.239005	
182.1389	-662.039427	-662.143012	-662.00452	-662.212825	
182.1491	-662.039427	-662.143012	-662.00452	-662.177918	
182.1672	-662.039427	-662.143012	-662.00452	-662.125558	
182.1719	-662.039427	-662.134285	-662.00452	-662.047019	
182.182	-662.039427	-662.116832	-662.00452	-661.968479	
182.1921	-662.039427	-662.090652	-662.00452	-661.898666	
182.2024	-662.039427	-662.064472	-662.00452	-661.846306	
182.2126	-662.039427	-662.029565	-662.00452	-661.793946	
182.2227	-662.039427	-661.994659	-662.00452	-661.767766	
182.2328	-662.039427	-661.951025	-662.00452	-661.759039	
182.243	-662.039427	-661.916119	-662.00452	-661.785219	
182.2532	-662.039427	-661.881212	-662.00452	-661.828852	
182.2634	-662.039427	-661.855032	-662.00452	-661.863759	
182.2735	-662.039427	-661.837579	-662.00452	-661.924845	
182.2838	-662.039427	-661.828852	-662.00452	-661.985932	
182.2939	-662.039427	-661.846306	-662.00452	-662.047019	
182.304	-662.039427	-661.863759	-662.00452	-662.108105	
182.3142	-662.039427	-661.881212	-662.00452	-662.160465	
182.3243	-662.039427	-661.907392	-662.00452	-662.195371	
182.3345	-662.039427	-661.933572	-662.00452	-662.212825	
182.3446	-662.039427	-661.968479	-662.00452	-662.212825	
182.3549	-662.039427	-661.994659	-662.00452	-662.195371	
182.365	-662.039427	-662.020839	-662.00452	-662.160465	
182.3752	-662.039427	-662.047019	-662.00452	-662.108105	
182.3854	-662.039427	-662.073198	-662.00452	-662.038292	
182.3956	-662.039427	-662.090652	-662.00452	-661.968479	
182.4057	-662.039427	-662.108105	-662.00452	-661.898666	
182.4239	-662.039427	-662.108105	-662.00452	-661.820126	
182.4287	-662.039427	-662.108105	-662.00452	-661.802672	
182.4388	-662.039427	-662.108105	-662.00452	-661.785219	
182.4489	-662.039427	-662.090652	-662.00452	-661.785219	
182.4591	-662.039427	-662.073198	-662.00452	-661.802672	
182.4694	-662.039427	-662.055745	-662.00452	-661.837579	
182.4794	-662.039427	-662.038292	-662.00452	-661.898666	
182.4896	-662.039427	-662.020839	-662.00452	-661.951025	
182.5002	-662.039427	-662.003385	-662.00452	-662.029565	
182.5103	-662.039427	-661.985932	-662.00452	-662.099378	
182.5205	-662.039427	-661.968479	-662.00452	-662.151738	
182.5306	-662.039427	-661.959752	-662.00452	-662.204098	
182.5408	-662.039427	-661.959752	-662.00452	-662.230278	
182.551	-662.039427	-661.968479	-662.00452	-662.230278	
182.5611	-662.039427	-661.968479	-662.00452	-662.212825	
182.5714	-662.039427	-661.985932	-662.00452	-662.177918	
182.5816	-662.039427	-662.003385	-662.00452	-662.125558	
182.5919	-662.039427	-662.020839	-662.00452	-662.073198	
182.6019	-662.039427	-662.038292	-662.00452	-662.003385	
182.6121	-662.039427	-662.064472	-662.00452	-661.933572	
182.6222	-662.039427	-662.081925	-662.00452	-661.872486	
182.6324	-662.039427	-662.099378	-662.00452	-661.828852	
182.6426	-662.039427	-662.108105	-662.00452	-661.802672	
182.6527	-662.039427	-662.108105	-662.00452	-661.802672	
182.6629	-662.039427	-662.099378	-662.00452	-661.828852	
182.673	-662.039427	-662.090652	-662.00452	-661.863759	
182.6832	-662.039427	-662.073198	-662.00452	-661.907392	
182.6934	-662.039427	-662.047019	-662.00452	-661.968479	
182.7036	-662.039427	-662.029565	-662.00452	-662.038292	
182.7137	-662.039427	-662.003385	-662.00452	-662.090652	
182.7239	-662.039427	-661.985932	-662.00452	-662.143012	
182.7341	-662.039427	-661.968479	-662.00452	-662.177918	
182.7442	-662.039427	-661.959752	-662.00452	-662.177918	
182.7544	-662.039427	-661.959752	-662.00452	-662.177918	
182.7645	-662.039427	-661.959752	-662.00452	-662.160465	
182.7747	-662.039427	-661.968479	-662.00452	-662.125558	
182.7848	-662.039427	-661.985932	-662.00452	-662.081925	
182.795	-662.039427	-662.012112	-662.00452	-662.038292	
182.8132	-662.039427	-662.064472	-662.00452	-661.933572	
182.8184	-662.039427	-662.073198	-662.00452	-661.916119	
182.8281	-662.039427	-662.108105	-662.00452	-661.881212	
182.8383	-662.039427	-662.125558	-662.00452	-661.863759	
182.8484	-662.039427	-662.125558	-662.00452	-661.863759	
182.8585	-662.039427	-662.125558	-662.00452	-661.872486	
182.8687	-662.039427	-662.108105	-662.00452	-661.898666	
182.8788	-662.039427	-662.090652	-662.00452	-661.933572	
182.889	-662.039427	-662.055745	-662.00452	-661.985932	
182.8992	-662.039427	-662.029565	-662.00452	-662.038292	
182.911	-662.039427	-661.994659	-662.00452	-662.099378	
182.9199	-662.039427	-661.968479	-662.00452	-662.125558	
182.9302	-662.039427	-661.951025	-662.00452	-662.151738	
182.9403	-662.039427	-661.933572	-662.00452	-662.160465	
182.9504	-662.039427	-661.933572	-662.00452	-662.160465	
182.9605	-662.039427	-661.951025	-662.00452	-662.143012	
182.9706	-662.039427	-661.968479	-662.00452	-662.108105	
182.9888	-662.039427	-662.020839	-662.00452	-662.038292	
182.9934	-662.039427	-662.038292	-662.00452	-662.020839	
183.0036	-662.039427	-662.073198	-662.00452	-661.968479	
183.0138	-662.039427	-662.108105	-662.00452	-661.933572	
183.0239	-662.039427	-662.125558	-662.00452	-661.907392	
183.034	-662.039427	-662.134285	-662.00452	-661.898666	
183.0443	-662.039427	-662.134285	-662.00452	-661.889939	
183.0544	-662.039427	-662.116832	-662.00452	-661.898666	
183.0645	-662.039427	-662.099378	-662.00452	-661.916119	
183.0747	-662.039427	-662.073198	-662.00452	-661.942299	
183.0849	-662.039427	-662.038292	-662.00452	-661.985932	
183.1032	-662.039427	-661.977205	-662.00452	-662.055745	
183.1079	-662.039427	-661.959752	-662.00452	-662.073198	
183.1181	-662.039427	-661.942299	-662.00452	-662.108105	
183.1282	-662.039427	-661.933572	-662.00452	-662.134285	
183.1384	-662.039427	-661.933572	-662.00452	-662.143012	
183.1485	-662.039427	-661.951025	-662.00452	-662.134285	
183.1586	-662.039427	-661.977205	-662.00452	-662.108105	
183.1688	-662.039427	-662.012112	-662.00452	-662.073198	
183.179	-662.039427	-662.047019	-662.00452	-662.038292	
183.1892	-662.039427	-662.081925	-662.00452	-662.003385	
183.1994	-662.039427	-662.116832	-662.00452	-661.968479	
183.2095	-662.039427	-662.143012	-662.00452	-661.933572	
183.2197	-662.039427	-662.143012	-662.00452	-661.907392	
183.2298	-662.039427	-662.143012	-662.00452	-661.898666	
183.2399	-662.039427	-662.125558	-662.00452	-661.898666	
183.2503	-662.039427	-662.099378	-662.00452	-661.907392	
183.2603	-662.039427	-662.055745	-662.00452	-661.933572	
183.2704	-662.039427	-662.020839	-662.00452	-661.959752	
183.2805	-662.039427	-661.985932	-662.00452	-662.003385	
183.2907	-662.039427	-661.951025	-662.00452	-662.038292	
183.3009	-662.039427	-661.933572	-662.00452	-662.081925	
183.311	-662.039427	-661.916119	-662.00452	-662.108105	
183.3212	-662.039427	-661.916119	-662.00452	-662.143012	
183.3313	-662.039427	-661.933572	-662.00452	-662.151738	
183.3496	-662.039427	-661.959752	-662.00452	-662.143012	
183.3625	-662.039427	-662.003385	-662.00452	-662.116832	
183.3672	-662.039427	-662.047019	-662.00452	-662.073198	
183.3773	-662.039427	-662.090652	-662.00452	-662.038292	
183.3877	-662.039427	-662.116832	-662.00452	-661.985932	
183.3977	-662.039427	-662.134285	-662.00452	-661.951025	
183.4078	-662.039427	-662.134285	-662.00452	-661.916119	
183.4196	-662.039427	-662.125558	-662.00452	-661.889939	
183.4284	-662.039427	-662.108105	-662.00452	-661.881212	
183.4383	-662.039427	-662.073198	-662.00452	-661.881212	
183.4484	-662.039427	-662.038292	-662.00452	-661.898666	
183.4586	-662.039427	-662.003385	-662.00452	-661.933572	
183.4687	-662.039427	-661.968479	-662.00452	-661.968479	
183.4788	-662.039427	-661.942299	-662.00452	-662.003385	
183.489	-662.039427	-661.924845	-662.00452	-662.047019	
183.4992	-662.039427	-661.916119	-662.00452	-662.090652	
183.5094	-662.039427	-661.933572	-662.00452	-662.116832	
183.5195	-662.039427	-661.951025	-662.00452	-662.134285	
183.5296	-662.039427	-661.977205	-662.00452	-662.125558	
183.5398	-662.039427	-662.020839	-662.00452	-662.108105	
183.55	-662.039427	-662.064472	-662.00452	-662.073198	
183.5602	-662.039427	-662.108105	-662.00452	-662.029565	
183.5703	-662.039427	-662.143012	-662.00452	-661.977205	
183.5805	-662.039427	-662.160465	-662.00452	-661.933572	
183.5906	-662.039427	-662.160465	-662.00452	-661.898666	
183.6088	-662.039427	-662.125558	-662.00452	-661.855032	
183.6136	-662.039427	-662.116832	-662.00452	-661.855032	
183.6238	-662.039427	-662.073198	-662.00452	-661.863759	
183.6339	-662.039427	-662.038292	-662.00452	-661.881212	
183.6441	-662.039427	-661.994659	-662.00452	-661.916119	
183.6543	-662.039427	-661.959752	-662.00452	-661.968479	
183.6644	-662.039427	-661.933572	-662.00452	-662.003385	
183.6746	-662.039427	-661.916119	-662.00452	-662.047019	
183.6848	-662.039427	-661.924845	-662.00452	-662.081925	
183.6949	-662.039427	-661.942299	-662.00452	-662.099378	
183.705	-662.039427	-661.968479	-662.00452	-662.108105	
183.7152	-662.039427	-662.003385	-662.00452	-662.090652	
183.7255	-662.039427	-662.047019	-662.00452	-662.064472	
183.7356	-662.039427	-662.099378	-662.00452	-662.029565	
183.7457	-662.039427	-662.143012	-662.00452	-661.994659	
183.7559	-662.039427	-662.169192	-662.00452	-661.951025	
183.7661	-662.039427	-662.177918	-662.00452	-661.916119	
183.7761	-662.039427	-662.177918	-662.00452	-661.898666	
183.7865	-662.039427	-662.151738	-662.00452	-661.881212	
183.7966	-662.039427	-662.116832	-662.00452	-661.889939	
183.8067	-662.039427	-662.073198	-662.00452	-661.898666	
183.817	-662.039427	-662.020839	-662.00452	-661.933572	
183.8271	-662.039427	-661.968479	-662.00452	-661.968479	
183.8372	-662.039427	-661.933572	-662.00452	-662.003385	
183.8474	-662.039427	-661.898666	-662.00452	-662.055745	
183.8577	-662.039427	-661.898666	-662.00452	-662.090652	
183.8677	-662.039427	-661.898666	-662.00452	-662.116832	
183.8779	-662.039427	-661.933572	-662.00452	-662.125558	
183.888	-662.039427	-661.968479	-662.00452	-662.116832	
183.8982	-662.039427	-662.012112	-662.00452	-662.090652	
183.9106	-662.039427	-662.073198	-662.00452	-662.064472	
183.9186	-662.039427	-662.116832	-662.00452	-662.020839	
183.9286	-662.039427	-662.160465	-662.00452	-661.968479	
183.9387	-662.039427	-662.177918	-662.00452	-661.933572	
183.949	-662.039427	-662.186645	-662.00452	-661.898666	
183.9591	-662.039427	-662.169192	-662.00452	-661.872486	
183.9776	-662.039427	-662.134285	-662.00452	-661.863759	
183.9823	-662.039427	-662.073198	-662.00452	-661.863759	
183.9924	-662.039427	-662.020839	-662.00452	-661.889939	
184.0026	-662.039427	-661.968479	-662.00452	-661.924845	
184.0128	-662.039427	-661.916119	-662.00452	-661.968479	
184.0229	-662.039427	-661.881212	-662.00452	-662.012112	
184.0331	-662.039427	-661.872486	-662.00452	-662.055745	
184.0433	-662.039427	-661.872486	-662.00452	-662.090652	
184.0535	-662.039427	-661.898666	-662.00452	-662.108105	
184.0636	-662.039427	-661.933572	-662.00452	-662.108105	
184.0737	-662.039427	-661.994659	-662.00452	-662.090652	
184.084	-662.039427	-662.047019	-662.00452	-662.055745	
184.0942	-662.039427	-662.108105	-662.00452	-662.020839	
184.1043	-662.039427	-662.169192	-662.00452	-661.977205	
184.1144	-662.039427	-662.204098	-662.00452	-661.933572	
184.1246	-662.039427	-662.212825	-662.00452	-661.907392	
184.1348	-662.039427	-662.195371	-662.00452	-661.881212	
184.1449	-662.039427	-662.169192	-662.00452	-661.872486	
184.155	-662.039427	-662.116832	-662.00452	-661.872486	
184.1652	-662.039427	-662.064472	-662.00452	-661.889939	
184.1754	-662.039427	-662.003385	-662.00452	-661.916119	
184.1855	-662.039427	-661.942299	-662.00452	-661.951025	
184.1958	-662.039427	-661.898666	-662.00452	-662.003385	
184.2059	-662.039427	-661.863759	-662.00452	-662.038292	
184.216	-662.039427	-661.863759	-662.00452	-662.073198	
184.2262	-662.039427	-661.881212	-662.00452	-662.081925	
184.2363	-662.039427	-661.916119	-662.00452	-662.081925	
184.2465	-662.039427	-661.968479	-662.00452	-662.073198	
184.2566	-662.039427	-662.029565	-662.00452	-662.038292	
184.2668	-662.039427	-662.090652	-662.00452	-662.003385	
184.277	-662.039427	-662.143012	-662.00452	-661.968479	
184.2871	-662.039427	-662.186645	-662.00452	-661.933572	
184.2974	-662.039427	-662.212825	-662.00452	-661.907392	
184.3074	-662.039427	-662.212825	-662.00452	-661.889939	
184.3177	-662.039427	-662.195371	-662.00452	-661.881212	
184.3279	-662.039427	-662.160465	-662.00452	-661.881212	
184.3379	-662.039427	-662.116832	-662.00452	-661.889939	
184.3482	-662.039427	-662.064472	-662.00452	-661.916119	
184.3583	-662.039427	-662.012112	-662.00452	-661.951025	
184.3684	-662.039427	-661.959752	-662.00452	-661.985932	
184.3786	-662.039427	-661.916119	-662.00452	-662.038292	
184.3887	-662.039427	-661.889939	-662.00452	-662.064472	
184.3989	-662.039427	-661.889939	-662.00452	-662.090652	
184.409	-662.039427	-661.898666	-662.00452	-662.099378	
184.4193	-662.039427	-661.933572	-662.00452	-662.099378	
184.4294	-662.039427	-661.977205	-662.00452	-662.073198	
184.4415	-662.039427	-662.038292	-662.00452	-662.047019	
184.4516	-662.039427	-662.081925	-662.00452	-662.012112	
184.4618	-662.039427	-662.116832	-662.00452	-661.977205	
184.4719	-662.039427	-662.134285	-662.00452	-661.942299	
184.482	-662.039427	-662.125558	-662.00452	-661.916119	
184.4923	-662.039427	-662.108105	-662.00452	-661.898666	
184.5025	-662.039427	-662.073198	-662.00452	-661.889939	
184.5126	-662.039427	-662.038292	-662.00452	-661.898666	
184.5228	-662.039427	-661.994659	-662.00452	-661.907392	
184.533	-662.039427	-661.959752	-662.00452	-661.933572	
184.5431	-662.039427	-661.924845	-662.00452	-661.968479	
184.5533	-662.039427	-661.898666	-662.00452	-662.012112	
184.5634	-662.039427	-661.898666	-662.00452	-662.055745	
184.5736	-662.039427	-661.898666	-662.00452	-662.090652	
184.5838	-662.039427	-661.924845	-662.00452	-662.108105	
184.5941	-662.039427	-661.959752	-662.00452	-662.125558	
184.6041	-662.039427	-662.003385	-662.00452	-662.116832	
184.6143	-662.039427	-662.055745	-662.00452	-662.099378	
184.6244	-662.039427	-662.108105	-662.00452	-662.073198	
184.6346	-662.039427	-662.151738	-662.00452	-662.029565	
184.6448	-662.039427	-662.177918	-662.00452	-661.977205	
184.6549	-662.039427	-662.204098	-662.00452	-661.933572	
184.6651	-662.039427	-662.204098	-662.00452	-661.898666	
184.6752	-662.039427	-662.177918	-662.00452	-661.881212	
184.6855	-662.039427	-662.151738	-662.00452	-661.872486	
184.6956	-662.039427	-662.108105	-662.00452	-661.881212	
184.7057	-662.039427	-662.064472	-662.00452	-661.898666	
184.7163	-662.039427	-662.020839	-662.00452	-661.933572	
184.7264	-662.039427	-661.985932	-662.00452	-661.977205	
184.7365	-662.039427	-661.951025	-662.00452	-662.029565	
184.7467	-662.039427	-661.942299	-662.00452	-662.073198	
184.757	-662.039427	-661.942299	-662.00452	-662.108105	
184.767	-662.039427	-661.951025	-662.00452	-662.125558	
184.7771	-662.039427	-661.977205	-662.00452	-662.134285	
184.7873	-662.039427	-662.003385	-662.00452	-662.108105	
184.7975	-662.039427	-662.038292	-662.00452	-662.081925	
184.8076	-662.039427	-662.073198	-662.00452	-662.038292	
184.8179	-662.039427	-662.108105	-662.00452	-662.003385	
184.828	-662.039427	-662.125558	-662.00452	-661.951025	
184.8381	-662.039427	-662.125558	-662.00452	-661.898666	
184.8482	-662.039427	-662.116832	-662.00452	-661.863759	
184.8584	-662.039427	-662.090652	-662.00452	-661.846306	
184.8687	-662.039427	-662.055745	-662.00452	-661.855032	
184.8787	-662.039427	-662.029565	-662.00452	-661.872486	
184.8888	-662.039427	-661.985932	-662.00452	-661.907392	
184.899	-662.039427	-661.959752	-662.00452	-661.951025	
184.9095	-662.039427	-661.933572	-662.00452	-662.003385	
184.9194	-662.039427	-661.916119	-662.00452	-662.055745	
184.9295	-662.039427	-661.907392	-662.00452	-662.099378	
184.9396	-662.039427	-661.924845	-662.00452	-662.125558	
184.9501	-662.039427	-661.951025	-662.00452	-662.134285	
184.9599	-662.039427	-661.985932	-662.00452	-662.116832	
184.97	-662.039427	-662.020839	-662.00452	-662.081925	
