12.77255	-420.007628	-419.987305	-420.016354	-420.013484	
12.7828	-420.013642	-419.987305	-420.022369	-420.013484	
12.79303	-420.021724	-419.987305	-420.030451	-420.013484	
12.80322	-420.031905	-419.987305	-420.040631	-420.013484	
12.81352	-420.044224	-419.987305	-420.052951	-420.013484	
12.82376	-420.058617	-419.996031	-420.067344	-420.013484	
12.83398	-420.075244	-419.996031	-420.08397	-420.013484	
12.8442	-420.093599	-420.004758	-420.102326	-420.022211	
12.85443	-420.114237	-420.022211	-420.122963	-420.030938	
12.86466	-420.13697	-420.039664	-420.145697	-420.048391	
12.87492	-420.161908	-420.065844	-420.170635	-420.074571	
12.89373	-420.216257	-420.126931	-420.224984	-420.118204	
12.89873	-420.230545	-420.144384	-420.239271	-420.144384	
12.90895	-420.26229	-420.179291	-420.271017	-420.170564	
12.92747	-420.328273	-420.257831	-420.337	-420.240377	
12.93244	-420.345798	-420.275284	-420.354524	-420.257831	
12.9426	-420.38421	-420.327644	-420.392937	-420.301464	
12.9528	-420.424837	-420.380004	-420.433564	-420.345097	
12.96304	-420.467763	-420.432364	-420.47649	-420.397457	
12.97332	-420.512975	-420.484723	-420.521702	-420.458543	
12.98359	-420.560224	-420.54581	-420.56895	-420.51963	
12.99377	-420.609146	-420.59817	-420.617872	-420.580716	
13.00438	-420.66241	-420.659256	-420.671137	-420.641803	
13.01423	-420.713762	-420.711616	-420.722489	-420.711616	
13.02442	-420.768971	-420.763976	-420.777697	-420.781429	
13.03472	-420.826896	-420.816336	-420.835623	-420.842516	
13.0449	-420.886207	-420.868696	-420.894933	-420.903602	
13.0659	-421.019651	-420.982142	-421.028378	-421.034502	
13.07054	-421.048754	-421.008322	-421.057481	-421.060682	
13.08067	-421.115038	-421.069409	-421.123765	-421.130495	
13.09085	-421.184081	-421.130495	-421.192807	-421.191582	
13.10891	-421.313525	-421.235215	-421.322252	-421.305028	
13.11352	-421.346372	-421.261395	-421.355098	-421.339935	
13.12375	-421.422228	-421.322481	-421.430954	-421.392295	
13.13391	-421.49947	-421.401021	-421.508197	-421.462108	
13.14409	-421.578961	-421.470834	-421.587688	-421.523194	
13.15423	-421.66015	-421.549374	-421.668876	-421.593007	
13.1644	-421.7438	-421.627914	-421.752527	-421.662821	
13.17454	-421.829148	-421.715181	-421.837875	-421.732634	
13.18469	-421.91664	-421.811174	-421.925367	-421.811174	
13.19482	-422.006083	-421.907167	-422.014809	-421.89844	
13.21308	-422.17539	-422.0817	-422.184117	-422.05552	
13.21772	-422.21819	-422.125333	-422.226917	-422.10788	
13.22794	-422.31518	-422.238779	-422.323907	-422.203873	
13.23811	-422.41378	-422.352226	-422.422507	-422.308592	
13.24826	-422.514175	-422.456945	-422.522901	-422.422039	
13.25847	-422.617284	-422.579118	-422.626011	-422.535485	
13.26861	-422.718624	-422.692565	-422.727351	-422.657658	
13.27876	-422.820214	-422.814738	-422.828941	-422.771105	
13.28896	-422.922164	-422.928184	-422.930891	-422.893278	
13.2991	-423.023554	-423.050357	-423.032281	-423.015451	
13.30931	-423.125674	-423.163804	-423.134401	-423.137624	
13.31952	-423.227744	-423.27725	-423.236471	-423.259797	
13.3297	-423.329564	-423.390697	-423.338291	-423.38197	
13.33991	-423.431684	-423.504143	-423.440411	-423.504143	
13.35044	-423.536954	-423.617589	-423.545681	-423.608863	
13.36059	-423.638444	-423.713583	-423.647171	-423.713583	
13.37077	-423.740284	-423.818302	-423.749011	-423.818302	
13.38098	-423.842334	-423.914295	-423.851061	-423.914295	
13.39109	-423.943454	-424.010288	-423.952181	-424.001562	
13.4013	-424.045544	-424.097555	-424.054271	-424.088828	
13.41153	-424.147914	-424.184821	-424.156641	-424.167368	
13.42193	-424.251944	-424.263361	-424.260671	-424.254635	
13.43179	-424.350444	-424.359354	-424.359171	-424.341901	
13.44195	-424.452104	-424.437894	-424.460831	-424.411714	
13.45214	-424.553964	-424.525161	-424.562691	-424.498981	
13.46229	-424.655444	-424.612427	-424.664171	-424.586247	
13.47246	-424.757114	-424.70842	-424.765841	-424.673514	
13.48272	-424.859764	-424.795687	-424.868491	-424.76078	
13.49278	-424.960354	-424.900406	-424.969081	-424.848047	
13.5029	-425.061534	-424.9964	-425.070261	-424.952766	
13.51315	-425.164104	-425.092393	-425.172831	-425.057486	
13.52321	-425.264694	-425.205839	-425.273421	-425.162206	
13.53349	-425.367464	-425.319285	-425.376191	-425.266926	
13.54359	-425.468494	-425.424005	-425.477221	-425.389099	
13.55389	-425.571474	-425.546178	-425.580201	-425.502545	
13.56393	-425.671884	-425.659625	-425.680611	-425.624718	
13.58473	-425.879904	-425.895244	-425.888631	-425.877791	
13.58952	-425.927754	-425.947604	-425.936481	-425.930151	
13.5996	-426.028584	-426.069777	-426.037311	-426.052324	
13.60983	-426.130864	-426.183223	-426.139591	-426.16577	
13.62001	-426.232624	-426.287943	-426.241351	-426.279217	
13.63032	-426.335844	-426.392663	-426.344571	-426.40139	
13.65064	-426.538994	-426.602102	-426.547721	-426.619556	
13.65547	-426.587234	-426.654462	-426.595961	-426.680642	
13.66551	-426.687704	-426.750455	-426.696431	-426.785362	
13.67576	-426.790144	-426.846449	-426.798871	-426.881355	
13.68596	-426.892164	-426.942442	-426.900891	-426.977348	
13.69601	-426.992684	-427.029708	-427.001411	-427.073341	
13.70619	-427.094534	-427.116975	-427.103261	-427.169334	
13.71638	-427.196344	-427.195514	-427.205071	-427.256601	
13.72656	-427.298214	-427.291507	-427.306941	-427.343867	
13.73674	-427.399924	-427.378774	-427.408651	-427.422407	
13.74685	-427.501044	-427.46604	-427.509771	-427.5184	
13.75726	-427.605144	-427.553307	-427.613871	-427.59694	
13.76736	-427.706184	-427.640573	-427.714911	-427.692933	
13.7775	-427.807564	-427.745293	-427.816291	-427.771473	
13.78769	-427.909524	-427.83256	-427.918251	-427.867466	
13.79792	-428.011784	-427.928553	-428.020511	-427.954733	
13.80795	-428.112034	-428.033272	-428.120761	-428.050726	
13.82605	-428.293114	-428.225259	-428.301841	-428.216532	
13.83073	-428.339884	-428.277619	-428.348611	-428.268892	
13.84097	-428.442714	-428.391065	-428.451441	-428.373612	
13.85111	-428.543624	-428.504511	-428.552351	-428.478331	
13.86133	-428.645834	-428.617958	-428.654561	-428.591778	
13.87151	-428.747694	-428.740131	-428.756421	-428.705224	
13.88163	-428.848834	-428.853577	-428.857561	-428.818671	
13.89182	-428.950834	-428.967024	-428.959561	-428.940844	
13.90202	-429.052794	-429.089197	-429.061521	-429.05429	
13.91212	-429.153714	-429.193916	-429.162441	-429.167736	
13.92231	-429.255664	-429.307363	-429.264391	-429.289909	
13.93243	-429.356824	-429.420809	-429.365551	-429.403356	
13.94264	-429.458984	-429.516802	-429.467711	-429.508076	
13.95296	-429.562574	-429.621522	-429.571301	-429.612795	
13.96293	-429.661904	-429.717515	-429.670631	-429.717515	
13.97316	-429.764134	-429.813508	-429.772861	-429.822235	
13.98331	-429.865634	-429.909501	-429.874361	-429.918228	
14.00176	-430.050194	-430.075308	-430.058921	-430.084034	
14.0064	-430.096544	-430.118941	-430.105271	-430.118941	
14.01661	-430.198684	-430.206207	-430.207411	-430.206207	
14.02675	-430.300074	-430.293474	-430.308801	-430.284747	
14.03693	-430.401854	-430.38074	-430.410581	-430.372014	
14.04747	-430.507344	-430.468007	-430.516071	-430.450553	
14.05721	-430.604644	-430.564	-430.613371	-430.53782	
14.06733	-430.705834	-430.659993	-430.714561	-430.625086	
14.07753	-430.807904	-430.755986	-430.816631	-430.712353	
14.08766	-430.909114	-430.851979	-430.917841	-430.808346	
14.09778	-431.010354	-430.956699	-431.019081	-430.913066	
14.10802	-431.112754	-431.061419	-431.121481	-431.009059	
14.11819	-431.214454	-431.174865	-431.223181	-431.113779	
14.1283	-431.315594	-431.279585	-431.324321	-431.227225	
14.13847	-431.417214	-431.401758	-431.425941	-431.340671	
14.14866	-431.519214	-431.515204	-431.527941	-431.462844	
14.15883	-431.620954	-431.628651	-431.629681	-431.576291	
14.16901	-431.723054	-431.742097	-431.731781	-431.698464	
14.17919	-431.824414	-431.855543	-431.833141	-431.81191	
14.18932	-431.925794	-431.96899	-431.934521	-431.934083	
14.19956	-432.028124	-432.07371	-432.036851	-432.056256	
14.20971	-432.129594	-432.178429	-432.138321	-432.169703	
14.21991	-432.231614	-432.283149	-432.240341	-432.283149	
14.23008	-432.333314	-432.387869	-432.342041	-432.387869	
14.24018	-432.434384	-432.483862	-432.443111	-432.492589	
14.25041	-432.536624	-432.579855	-432.545351	-432.606035	
14.26062	-432.638724	-432.675848	-432.647451	-432.702028	
14.2707	-432.739564	-432.771841	-432.748291	-432.798021	
14.28086	-432.841194	-432.859108	-432.849921	-432.894014	
14.2911	-432.943534	-432.955101	-432.952261	-432.998734	
14.3092	-433.124564	-433.120907	-433.133291	-433.16454	
14.3138	-433.170534	-433.155814	-433.179261	-433.208174	
14.32411	-433.273714	-433.251807	-433.282441	-433.29544	
14.33421	-433.374624	-433.3478	-433.383351	-433.382707	
14.34434	-433.475944	-433.435066	-433.484671	-433.487426	
14.35446	-433.577184	-433.539786	-433.585911	-433.574693	
14.36472	-433.679814	-433.635779	-433.688541	-433.661959	
14.37481	-433.780654	-433.740499	-433.789381	-433.766679	
14.38496	-433.882174	-433.836492	-433.890901	-433.862672	
14.39515	-433.984064	-433.941212	-433.992791	-433.958665	
14.40537	-434.086254	-434.045932	-434.094981	-434.054658	
14.41555	-434.188054	-434.159378	-434.196781	-434.150651	
14.42564	-434.288914	-434.264098	-434.297641	-434.255371	
14.43584	-434.390944	-434.377544	-434.399671	-434.360091	
14.44606	-434.493194	-434.490991	-434.501921	-434.464811	
14.4561	-434.593584	-434.604437	-434.602311	-434.56953	
14.46636	-434.696174	-434.709157	-434.704901	-434.682977	
14.47648	-434.797394	-434.822603	-434.806121	-434.796423	
14.48674	-434.899954	-434.927323	-434.908681	-434.90987	
14.49687	-435.001284	-435.032043	-435.010011	-435.023316	
14.50697	-435.102284	-435.136762	-435.111011	-435.128036	
14.52519	-435.284444	-435.320022	-435.293171	-435.320022	
14.52981	-435.330684	-435.363655	-435.339411	-435.372382	
14.53998	-435.432324	-435.459648	-435.441051	-435.477102	
14.55021	-435.534634	-435.555641	-435.543361	-435.573095	
14.56031	-435.635674	-435.651635	-435.644401	-435.669088	
14.5727	-435.759624	-435.747628	-435.768351	-435.765081	
14.58061	-435.838704	-435.843621	-435.847431	-435.861074	
14.59075	-435.940084	-435.939614	-435.948811	-435.957067	
14.6009	-436.041524	-436.035607	-436.050251	-436.044334	
14.61112	-436.143794	-436.1316	-436.152521	-436.140327	
14.62922	-436.324744	-436.306133	-436.333471	-436.297406	
14.63384	-436.371004	-436.349766	-436.379731	-436.34104	
14.6531	-436.563594	-436.541753	-436.572321	-436.506846	
14.65772	-436.609804	-436.585386	-436.618531	-436.550479	
14.66793	-436.711854	-436.690105	-436.720581	-436.637746	
14.68611	-436.893704	-436.873365	-436.902431	-436.821005	
14.69076	-436.940194	-436.925725	-436.948921	-436.864638	
14.70092	-437.041744	-437.030445	-437.050471	-436.960632	
14.71109	-437.143464	-437.135164	-437.152191	-437.065351	
14.72126	-437.245134	-437.239884	-437.253861	-437.170071	
14.73141	-437.346634	-437.344604	-437.355361	-437.292244	
14.7416	-437.448554	-437.449324	-437.457281	-437.396964	
14.75175	-437.547047	-437.554043	-437.555773	-437.51041	
14.76189	-437.643413	-437.66749	-437.65214	-437.623857	
14.77213	-437.738635	-437.77221	-437.747361	-437.74603	
14.78227	-437.830983	-437.876929	-437.83971	-437.859476	
14.79237	-437.920972	-437.981649	-437.929698	-437.972922	
14.80261	-438.0101	-438.086369	-438.018826	-438.086369	
14.81276	-438.096491	-438.191089	-438.105217	-438.191089	
14.82288	-438.180662	-438.287082	-438.189388	-438.295808	
14.83304	-438.263147	-438.374348	-438.271874	-438.383075	
14.84321	-438.343698	-438.461615	-438.352425	-438.479068	
14.85338	-438.422215	-438.531428	-438.430942	-438.557608	
14.86362	-438.499288	-438.609968	-438.508015	-438.636148	
14.87373	-438.573384	-438.679781	-438.582111	-438.705961	
14.88409	-438.647264	-438.749594	-438.655991	-438.775774	
14.89415	-438.716957	-438.810681	-438.725684	-438.828134	
14.90424	-438.784992	-438.86304	-438.793719	-438.88922	
14.91445	-438.851879	-438.9154	-438.860605	-438.94158	
14.92458	-438.916199	-438.976487	-438.924926	-438.99394	
14.9347	-438.978481	-439.02012	-438.987208	-439.037573	
14.94487	-439.039127	-439.07248	-439.047854	-439.081207	
14.95501	-439.097649	-439.12484	-439.106375	-439.12484	
14.97315	-439.19467	-439.20338	-439.203397	-439.212106	
14.97778	-439.21967	-439.220833	-439.228397	-439.22956	
14.98791	-439.271817	-439.264466	-439.280544	-439.281919	
15.00621	-439.358266	-439.351733	-439.366993	-439.369186	
15.0109	-439.380648	-439.369186	-439.389375	-439.395366	
15.02106	-439.426617	-439.421546	-439.435344	-439.438999	
15.03911	-439.500991	-439.508812	-439.509718	-439.526266	
15.04379	-439.520425	-439.526266	-439.529152	-439.543719	
15.05392	-439.560169	-439.569899	-439.568895	-439.587352	
15.06407	-439.598108	-439.613532	-439.606834	-439.630985	
15.07422	-439.634192	-439.657165	-439.642919	-439.683345	
15.08443	-439.668566	-439.700798	-439.677292	-439.726978	
15.09461	-439.701012	-439.744432	-439.709739	-439.770612	
15.10467	-439.731254	-439.788065	-439.739981	-439.805518	
15.11492	-439.760234	-439.831698	-439.768961	-439.840425	
15.12507	-439.787113	-439.866605	-439.795839	-439.875331	
15.14313	-439.828014	-439.918965	-439.836741	-439.927691	
15.14784	-439.83886	-439.927691	-439.847587	-439.945145	
15.15791	-439.859885	-439.945145	-439.868611	-439.962598	
15.17595	-439.890982	-439.971324	-439.899709	-439.988778	
15.18062	-439.899197	-439.971324	-439.907923	-439.997504	
15.19073	-439.914977	-439.980051	-439.923703	-440.006231	
15.20093	-439.929281	-439.980051	-439.938008	-440.006231	
15.2111	-439.942002	-439.980051	-439.950729	-440.006231	
15.22136	-439.953297	-439.971324	-439.962024	-439.997504	
15.23145	-439.96299	-439.971324	-439.971716	-439.988778	
15.24158	-439.971338	-439.962598	-439.980065	-439.980051	
15.25181	-439.978422	-439.962598	-439.987148	-439.980051	
15.26194	-439.984221	-439.962598	-439.992947	-439.971324	
15.27206	-439.988882	-439.971324	-439.997609	-439.971324	
15.28223	-439.992544	-439.971324	-440.001271	-439.971324	
15.29243	-439.995321	-439.980051	-440.004047	-439.980051	
15.31068	-439.997226	-439.980051	-440.005952	-439.980051	
15.31533	-440.001811	-439.980051	-440.010538	-439.980051	
15.32556	-440.001811	-439.980051	-440.010538	-439.988778	
15.33571	-440.001811	-439.980051	-440.010538	-439.997504	
15.34583	-440.001811	-439.980051	-440.010538	-440.006231	
15.35605	-440.001811	-439.980051	-440.010538	-440.014958	
15.36623	-440.001811	-439.971324	-440.010538	-440.014958	
15.37634	-440.001811	-439.971324	-440.010538	-440.023684	
15.38656	-440.001811	-439.962598	-440.010538	-440.032411	
15.39682	-440.001811	-439.962598	-440.010538	-440.032411	
15.40682	-440.001811	-439.971324	-440.010538	-440.032411	
15.41712	-440.001811	-439.971324	-440.010538	-440.032411	
15.42729	-440.001811	-439.980051	-440.010538	-440.041138	
15.43748	-440.001811	-439.980051	-440.010538	-440.041138	
15.44768	-440.001811	-439.980051	-440.010538	-440.041138	
15.45776	-440.001811	-439.980051	-440.010538	-440.032411	
15.46801	-440.001811	-439.980051	-440.010538	-440.032411	
15.48624	-440.001811	-439.980051	-440.010538	-440.032411	
15.49087	-440.001811	-439.980051	-440.010538	-440.032411	
15.50106	-440.001811	-439.980051	-440.010538	-440.032411	
15.51125	-440.001811	-439.980051	-440.010538	-440.032411	
15.52138	-440.001811	-439.971324	-440.010538	-440.032411	
15.53153	-440.001811	-439.971324	-440.010538	-440.032411	
15.54169	-440.001811	-439.971324	-440.010538	-440.032411	
15.55183	-440.001811	-439.971324	-440.010538	-440.032411	
15.56194	-440.001811	-439.971324	-440.010538	-440.032411	
15.57278	-440.001811	-439.971324	-440.010538	-440.032411	
15.58267	-440.001811	-439.980051	-440.010538	-440.032411	
15.59279	-440.001811	-439.980051	-440.010538	-440.032411	
15.60294	-440.001811	-439.980051	-440.010538	-440.032411	
15.61336	-440.001811	-439.971324	-440.010538	-440.032411	
15.62328	-440.001811	-439.971324	-440.010538	-440.032411	
15.63346	-440.001811	-439.971324	-440.010538	-440.032411	
15.64589	-440.001811	-439.971324	-440.010538	-440.032411	
15.65376	-440.001811	-439.971324	-440.010538	-440.032411	
15.6639	-440.001811	-439.971324	-440.010538	-440.032411	
15.67409	-440.001811	-439.971324	-440.010538	-440.032411	
15.68429	-440.001811	-439.971324	-440.010538	-440.032411	
15.69442	-440.001811	-439.971324	-440.010538	-440.032411	
15.70456	-440.001811	-439.971324	-440.010538	-440.032411	
15.71477	-440.001811	-439.971324	-440.010538	-440.032411	
15.72491	-440.001811	-439.971324	-440.010538	-440.032411	
15.73508	-440.001811	-439.971324	-440.010538	-440.032411	
15.7453	-440.001811	-439.971324	-440.010538	-440.032411	
15.75543	-440.001811	-439.971324	-440.010538	-440.032411	
15.76559	-440.001811	-439.971324	-440.010538	-440.032411	
15.77578	-440.001811	-439.971324	-440.010538	-440.032411	
15.78589	-440.001811	-439.971324	-440.010538	-440.032411	
15.79612	-440.001811	-439.971324	-440.010538	-440.032411	
15.80628	-440.001811	-439.971324	-440.010538	-440.032411	
15.81639	-440.001811	-439.971324	-440.010538	-440.032411	
15.83457	-440.001811	-439.971324	-440.010538	-440.032411	
15.83925	-440.001811	-439.971324	-440.010538	-440.032411	
15.84938	-440.001811	-439.971324	-440.010538	-440.032411	
15.85955	-440.001811	-439.971324	-440.010538	-440.032411	
15.86976	-440.001811	-439.971324	-440.010538	-440.032411	
15.87986	-440.001811	-439.971324	-440.010538	-440.032411	
15.89001	-440.001811	-439.971324	-440.010538	-440.032411	
15.90029	-440.001811	-439.971324	-440.010538	-440.032411	
15.91037	-440.001811	-439.971324	-440.010538	-440.032411	
15.92051	-440.001811	-439.971324	-440.010538	-440.032411	
15.93072	-440.001811	-439.971324	-440.010538	-440.032411	
15.94091	-440.001811	-439.971324	-440.010538	-440.032411	
15.95104	-440.001811	-439.971324	-440.010538	-440.032411	
15.96121	-440.001811	-439.971324	-440.010538	-440.032411	
15.97137	-440.001811	-439.971324	-440.010538	-440.032411	
15.98155	-440.001811	-439.971324	-440.010538	-440.032411	
15.99171	-440.001811	-439.971324	-440.010538	-440.032411	
16.00189	-440.001811	-439.971324	-440.010538	-440.032411	
16.0121	-440.001811	-439.971324	-440.010538	-440.032411	
16.02227	-440.001811	-439.971324	-440.010538	-440.032411	
16.0326	-440.001811	-439.971324	-440.010538	-440.032411	
16.04253	-440.001811	-439.971324	-440.010538	-440.032411	
16.05273	-440.001811	-439.971324	-440.010538	-440.032411	
16.06285	-440.001811	-439.971324	-440.010538	-440.032411	
16.07298	-440.001811	-439.971324	-440.010538	-440.032411	
16.08316	-440.001811	-439.971324	-440.010538	-440.032411	
16.09343	-440.001811	-439.971324	-440.010538	-440.032411	
16.10349	-440.001811	-439.971324	-440.010538	-440.032411	
16.11367	-440.001811	-439.971324	-440.010538	-440.032411	
16.12391	-440.001811	-439.971324	-440.010538	-440.032411	
16.13409	-440.001811	-439.971324	-440.010538	-440.032411	
16.14421	-440.001811	-439.971324	-440.010538	-440.032411	
16.15437	-440.001811	-439.971324	-440.010538	-440.032411	
16.16457	-440.001811	-439.971324	-440.010538	-440.032411	
16.17467	-440.001811	-439.971324	-440.010538	-440.032411	
16.18478	-440.001811	-439.971324	-440.010538	-440.032411	
16.19499	-440.001811	-439.971324	-440.010538	-440.032411	
16.20524	-440.001811	-439.971324	-440.010538	-440.032411	
16.22327	-440.001811	-439.971324	-440.010538	-440.032411	
16.22797	-440.001811	-439.971324	-440.010538	-440.032411	
16.24653	-440.001811	-439.971324	-440.010538	-440.032411	
16.25117	-440.001811	-439.971324	-440.010538	-440.032411	
