113.9982	-140.015776	-139.992859	-140.007049	-140.001586	
114.0032	-140.018036	-139.992859	-140.009309	-140.001586	
114.0134	-140.025315	-139.992859	-140.016588	-140.001586	
114.0314	-140.046113	-139.992859	-140.037386	-140.001586	
114.0361	-140.051308	-139.992859	-140.042581	-140.001586	
114.0462	-140.065141	-140.001586	-140.056414	-140.001586	
114.0564	-140.081082	-140.010313	-140.072356	-140.001586	
114.0666	-140.099207	-140.019039	-140.09048	-140.010313	
114.0767	-140.119307	-140.045219	-140.11058	-140.019039	
114.0869	-140.141647	-140.062672	-140.132921	-140.045219	
114.105	-140.189146	-140.097579	-140.180419	-140.088852	
114.1099	-140.201618	-140.106306	-140.192892	-140.106306	
114.12	-140.230305	-140.132486	-140.221578	-140.141212	
114.13	-140.260971	-140.158666	-140.252245	-140.184846	
114.1401	-140.293791	-140.184846	-140.285065	-140.219752	
114.1504	-140.329099	-140.219752	-140.320372	-140.263385	
114.1606	-140.366426	-140.254659	-140.3577	-140.315745	
114.1707	-140.405393	-140.289565	-140.396666	-140.359378	
114.1808	-140.446479	-140.333199	-140.437753	-140.403012	
114.191	-140.489888	-140.385558	-140.481161	-140.455372	
114.2013	-140.536334	-140.437918	-140.527608	-140.499005	
114.2112	-140.582438	-140.490278	-140.573711	-140.551365	
114.2214	-140.631879	-140.551365	-140.623152	-140.603725	
114.2317	-140.684063	-140.603725	-140.675336	-140.656084	
114.2417	-140.737269	-140.673538	-140.728542	-140.708444	
114.2519	-140.79286	-140.734624	-140.784134	-140.752078	
114.27	-140.899951	-140.848071	-140.891225	-140.848071	
114.2746	-140.927234	-140.882977	-140.918508	-140.882977	
114.2848	-140.989709	-140.95279	-140.980983	-140.92661	
114.295	-141.054368	-141.022604	-141.045642	-140.987697	
114.3051	-141.120961	-141.08369	-141.112234	-141.048783	
114.3234	-141.248486	-141.21459	-141.23976	-141.16223	
114.336	-141.339241	-141.301856	-141.330514	-141.249496	
114.3408	-141.373716	-141.336763	-141.364989	-141.284403	
114.3509	-141.449597	-141.406576	-141.440871	-141.362943	
114.361	-141.526622	-141.476389	-141.517895	-141.441483	
114.3711	-141.606442	-141.546202	-141.597716	-141.520022	
114.3814	-141.688875	-141.633469	-141.680148	-141.607289	
114.3915	-141.772758	-141.712009	-141.764031	-141.694555	
114.4016	-141.858583	-141.790548	-141.849856	-141.790548	
114.4119	-141.947635	-141.877815	-141.938908	-141.877815	
114.423	-142.046758	-141.965081	-142.038032	-141.973808	
114.4402	-142.206619	-142.139614	-142.197892	-142.148341	
114.4448	-142.249994	-142.183248	-142.241267	-142.191974	
114.455	-142.347002	-142.279241	-142.338275	-142.287967	
114.4652	-142.446347	-142.38396	-142.43762	-142.38396	
114.4753	-142.546826	-142.48868	-142.5381	-142.48868	
114.4855	-142.649066	-142.5934	-142.64034	-142.5934	
114.4957	-142.751086	-142.706846	-142.74236	-142.689393	
114.5058	-142.851856	-142.811566	-142.84313	-142.794113	
114.5162	-142.955686	-142.933739	-142.94696	-142.898833	
114.5261	-143.055526	-143.047185	-143.0468	-142.994826	
114.5363	-143.156846	-143.151905	-143.14812	-143.099545	
114.5464	-143.258036	-143.265352	-143.24931	-143.212992	
114.5566	-143.359736	-143.370071	-143.35101	-143.326438	
114.5668	-143.462126	-143.474791	-143.4534	-143.431158	
114.5769	-143.563156	-143.579511	-143.55443	-143.544604	
114.5871	-143.664696	-143.684231	-143.65597	-143.658051	
114.5973	-143.766846	-143.78895	-143.75812	-143.771497	
114.6074	-143.867606	-143.884944	-143.85888	-143.884944	
114.6175	-143.969026	-143.980937	-143.9603	-143.989663	
114.6277	-144.071256	-144.07693	-144.06253	-144.094383	
114.6378	-144.172406	-144.18165	-144.16368	-144.190376	
114.6481	-144.275266	-144.277643	-144.26654	-144.286369	
114.6582	-144.376066	-144.373636	-144.36734	-144.373636	
114.6683	-144.477176	-144.460902	-144.46845	-144.469629	
114.6786	-144.579696	-144.556895	-144.57097	-144.556895	
114.6886	-144.680486	-144.652888	-144.67176	-144.652888	
114.6988	-144.781676	-144.748882	-144.77295	-144.740155	
114.709	-144.883706	-144.844875	-144.87498	-144.827421	
114.7192	-144.985766	-144.940868	-144.97704	-144.932141	
114.7293	-145.086956	-145.045587	-145.07823	-145.019408	
114.7405	-145.199016	-145.141581	-145.19029	-145.124127	
114.7496	-145.289766	-145.2463	-145.28104	-145.22012	
114.7597	-145.391156	-145.35102	-145.38243	-145.32484	
114.7699	-145.493156	-145.464467	-145.48443	-145.438287	
114.78	-145.594386	-145.569186	-145.58566	-145.543006	
114.7902	-145.695726	-145.682633	-145.687	-145.656453	
114.8003	-145.797416	-145.796079	-145.78869	-145.769899	
114.8226	-146.019866	-145.909525	-146.01114	-145.883346	
114.8272	-146.066226	-146.084058	-146.0575	-146.075332	
114.8374	-146.167976	-146.188778	-146.15925	-146.188778	
114.8475	-146.269216	-146.302225	-146.26049	-146.310951	
114.8593	-146.387196	-146.424398	-146.37847	-146.441851	
114.8693	-146.487296	-146.529117	-146.47857	-146.555297	
114.8794	-146.588116	-146.633837	-146.57939	-146.660017	
114.8922	-146.716036	-146.72983	-146.70731	-146.764737	
114.8996	-146.790346	-146.825823	-146.78162	-146.852003	
114.9097	-146.891556	-146.921816	-146.88283	-146.956723	
114.9199	-146.993056	-147.01781	-146.98433	-147.043989	
114.93	-147.094446	-147.113803	-147.08572	-147.131256	
114.9402	-147.196346	-147.201069	-147.18762	-147.209796	
114.9526	-147.319916	-147.297062	-147.31119	-147.297062	
114.9684	-147.477846	-147.393055	-147.46912	-147.375602	
114.973	-147.523966	-147.506502	-147.51524	-147.480322	
114.9832	-147.625596	-147.602495	-147.61687	-147.567588	
114.9934	-147.727716	-147.707215	-147.71899	-147.654855	
115.0035	-147.828876	-147.803208	-147.82015	-147.750848	
115.0137	-147.930846	-147.907927	-147.92212	-147.846841	
115.0238	-148.032446	-148.012647	-148.02372	-147.942834	
115.034	-148.134076	-148.10864	-148.12535	-148.038827	
115.0442	-148.236026	-148.21336	-148.2273	-148.143547	
115.0544	-148.337796	-148.31808	-148.32907	-148.256993	
115.0645	-148.438626	-148.4228	-148.4299	-148.379166	
115.0746	-148.540276	-148.527519	-148.53155	-148.492613	
115.0848	-148.642066	-148.632239	-148.63334	-148.597333	
115.095	-148.744006	-148.745686	-148.73528	-148.719506	
115.1051	-148.845086	-148.859132	-148.83636	-148.832952	
115.1153	-148.946996	-148.963852	-148.93827	-148.937672	
115.1255	-149.048756	-149.068571	-149.04003	-149.051118	
115.1443	-149.237086	-149.260558	-149.22836	-149.243104	
115.149	-149.283636	-149.312918	-149.27491	-149.286738	
115.1592	-149.385956	-149.408911	-149.37723	-149.382731	
115.1695	-149.488806	-149.51363	-149.48008	-149.48745	
115.1795	-149.588736	-149.609623	-149.58001	-149.583444	
115.1896	-149.690056	-149.705617	-149.68133	-149.679437	
115.1997	-149.791496	-149.80161	-149.78277	-149.784156	
115.2099	-149.893016	-149.888876	-149.88429	-149.871423	
115.22	-149.994066	-149.993596	-149.98534	-149.976143	
115.2302	-150.096546	-150.089589	-150.08782	-150.072136	
115.2404	-150.197726	-150.176855	-150.189	-150.168129	
115.2508	-150.302016	-150.272849	-150.29329	-150.264122	
115.2608	-150.401896	-150.377568	-150.39317	-150.360115	
115.2711	-150.505266	-150.464835	-150.49654	-150.456108	
115.2858	-150.652206	-150.560828	-150.64348	-150.552101	
115.2925	-150.718936	-150.656821	-150.71021	-150.639368	
115.3108	-150.902456	-150.831354	-150.89373	-150.805174	
115.3181	-150.974736	-150.936074	-150.96601	-150.909894	
115.3285	-151.079156	-151.040793	-151.07043	-151.02334	
115.3385	-151.179416	-151.15424	-151.17069	-151.12806	
115.3488	-151.282526	-151.267686	-151.2738	-151.250233	
115.3592	-151.386626	-151.389859	-151.3779	-151.363679	
115.3695	-151.489096	-151.494579	-151.48037	-151.477126	
115.3796	-151.590506	-151.599299	-151.58178	-151.590572	
115.3898	-151.691646	-151.712745	-151.68292	-151.704019	
115.4	-151.794076	-151.817465	-151.78535	-151.817465	
115.4102	-151.896516	-151.922185	-151.88779	-151.922185	
115.4207	-152.001026	-152.026904	-151.9923	-152.035631	
115.431	-152.103776	-152.131624	-152.09505	-152.157804	
115.4411	-152.204776	-152.227617	-152.19605	-152.253797	
115.4512	-152.306426	-152.332337	-152.2977	-152.358517	
115.4611	-152.405406	-152.419604	-152.39668	-152.45451	
115.4713	-152.506786	-152.515597	-152.49806	-152.55923	
115.4814	-152.608276	-152.61159	-152.59955	-152.646496	
115.4916	-152.709626	-152.698856	-152.7009	-152.733763	
115.5017	-152.811486	-152.786123	-152.80276	-152.821029	
115.5119	-152.913176	-152.882116	-152.90445	-152.917022	
115.5221	-153.015496	-152.978109	-153.00677	-152.995562	
115.5323	-153.116626	-153.065375	-153.1079	-153.082829	
115.5424	-153.217596	-153.170095	-153.20887	-153.170095	
115.5526	-153.319656	-153.266088	-153.31093	-153.257362	
115.5628	-153.421796	-153.370808	-153.41307	-153.344628	
115.5729	-153.522836	-153.475528	-153.51411	-153.440621	
115.5831	-153.625266	-153.580248	-153.61654	-153.536614	
115.5932	-153.726486	-153.693694	-153.71776	-153.632607	
115.6034	-153.828086	-153.798414	-153.81936	-153.737327	
115.6135	-153.929296	-153.91186	-153.92057	-153.850774	
115.6236	-154.030496	-154.01658	-154.02177	-153.955493	
115.6339	-154.133096	-154.130026	-154.12437	-154.077666	
115.644	-154.233896	-154.243473	-154.22517	-154.191113	
115.6541	-154.335506	-154.348192	-154.32678	-154.304559	
115.6644	-154.438166	-154.452912	-154.42944	-154.426732	
115.6745	-154.539096	-154.557632	-154.53037	-154.531452	
115.6847	-154.641066	-154.662352	-154.63234	-154.653625	
115.6949	-154.743156	-154.767071	-154.73443	-154.767071	
115.705	-154.844046	-154.863065	-154.83532	-154.871791	
115.7152	-154.946146	-154.967784	-154.93742	-154.976511	
115.7255	-155.049306	-155.063777	-155.04058	-155.081231	
115.7355	-155.148656	-155.159771	-155.13993	-155.168497	
115.7457	-155.250836	-155.26449	-155.24211	-155.26449	
115.7558	-155.351906	-155.351757	-155.34318	-155.351757	
115.7659	-155.453366	-155.456476	-155.44464	-155.439023	
115.7762	-155.556166	-155.55247	-155.54744	-155.52629	
115.7863	-155.656816	-155.648463	-155.64809	-155.613556	
115.7964	-155.758126	-155.735729	-155.7494	-155.709549	
115.8066	-155.859726	-155.831722	-155.851	-155.796816	
115.8167	-155.961346	-155.927715	-155.95262	-155.892809	
115.8269	-156.063296	-156.032435	-156.05457	-155.988802	
115.837	-156.164456	-156.128428	-156.15573	-156.076068	
115.8472	-156.265906	-156.233148	-156.25718	-156.180788	
115.8574	-156.368136	-156.337868	-156.35941	-156.276781	
115.8675	-156.469146	-156.433861	-156.46042	-156.390228	
115.8777	-156.571226	-156.538581	-156.5625	-156.494947	
115.8879	-156.672756	-156.6433	-156.66403	-156.608394	
115.898	-156.774456	-156.74802	-156.76573	-156.72184	
115.9082	-156.876846	-156.85274	-156.86812	-156.835287	
115.9185	-156.979026	-156.95746	-156.9703	-156.940006	
115.9286	-157.079606	-157.070906	-157.07088	-157.053453	
115.9387	-157.180646	-157.175626	-157.17192	-157.166899	
115.9488	-157.282086	-157.280346	-157.27336	-157.289072	
115.9591	-157.385356	-157.385065	-157.37663	-157.393792	
115.9697	-157.491286	-157.489785	-157.48256	-157.498512	
115.9795	-157.585982	-157.594505	-157.577256	-157.603231	
115.9895	-157.681142	-157.699225	-157.672415	-157.707951	
115.9996	-157.775091	-157.795218	-157.766365	-157.812671	
116.0098	-157.867877	-157.899937	-157.85915	-157.917391	
116.0199	-157.957998	-158.004657	-157.949271	-158.02211	
116.0301	-158.04643	-158.10065	-158.037704	-158.109377	
116.0402	-158.132989	-158.196643	-158.124262	-158.196643	
116.0503	-158.216936	-158.28391	-158.208209	-158.292637	
116.0606	-158.300009	-158.371176	-158.291283	-158.371176	
116.0707	-158.379942	-158.449716	-158.371215	-158.458443	
116.0809	-158.458146	-158.528256	-158.44942	-158.536983	
116.091	-158.534523	-158.598069	-158.525796	-158.606796	
116.1011	-158.608119	-158.667882	-158.599393	-158.676609	
116.1114	-158.681113	-158.728969	-158.672387	-158.737695	
116.1214	-158.750584	-158.790055	-158.741858	-158.798782	
116.1316	-158.818431	-158.859869	-158.809704	-158.859869	
116.1417	-158.884878	-158.912228	-158.876152	-158.920955	
116.1519	-158.948978	-158.964588	-158.940252	-158.964588	
116.17	-159.055542	-159.060581	-159.046815	-159.060581	
116.1748	-159.084245	-159.086761	-159.075518	-159.086761	
116.1848	-159.140738	-159.139121	-159.132012	-159.139121	
116.195	-159.196508	-159.182754	-159.187781	-159.174028	
116.2051	-159.250021	-159.243841	-159.241294	-159.226388	
116.2153	-159.302094	-159.287474	-159.293367	-159.278748	
116.2254	-159.351881	-159.339834	-159.343155	-159.322381	
116.2356	-159.399767	-159.383467	-159.391041	-159.383467	
116.2458	-159.445556	-159.435827	-159.436829	-159.427101	
116.2559	-159.489418	-159.488187	-159.480692	-159.470734	
116.2661	-159.531457	-159.540547	-159.52273	-159.523094	
116.2763	-159.571883	-159.592907	-159.563157	-159.575454	
116.2864	-159.609685	-159.645267	-159.600958	-159.627813	
116.2966	-159.646149	-159.697627	-159.637422	-159.671447	
116.3068	-159.680568	-159.732533	-159.671841	-159.723806	
116.3169	-159.712799	-159.776166	-159.704073	-159.76744	
116.3271	-159.743471	-159.8198	-159.734744	-159.802346	
116.3372	-159.771948	-159.84598	-159.763222	-159.837253	
116.3474	-159.798963	-159.880886	-159.790237	-159.863433	
116.3575	-159.823967	-159.907066	-159.81524	-159.889613	
116.3677	-159.84714	-159.924519	-159.838414	-159.907066	
116.3778	-159.868594	-159.941973	-159.859868	-159.924519	
116.388	-159.88823	-159.950699	-159.879503	-159.941973	
116.3982	-159.906203	-159.959426	-159.897476	-159.941973	
116.4084	-159.922422	-159.959426	-159.913696	-159.950699	
116.4187	-159.937603	-159.959426	-159.928876	-159.959426	
116.4287	-159.949866	-159.959426	-159.94114	-159.959426	
116.4389	-159.961192	-159.959426	-159.952465	-159.959426	
116.4489	-159.970937	-159.968153	-159.96221	-159.959426	
116.4593	-159.9794	-159.968153	-159.970673	-159.959426	
116.4697	-159.986499	-159.968153	-159.977772	-159.959426	
116.4794	-159.99201	-159.968153	-159.983283	-159.959426	
116.4895	-159.996555	-159.968153	-159.987828	-159.959426	
116.4997	-160.000086	-159.968153	-159.991359	-159.959426	
116.5099	-160.002714	-159.968153	-159.993987	-159.959426	
116.52	-160.008727	-159.968153	-160	-159.959426	
116.5301	-160.008727	-159.976879	-160	-159.959426	
116.5481	-160.008727	-159.976879	-160	-159.959426	
116.5529	-160.008727	-159.976879	-160	-159.959426	
116.5631	-160.008727	-159.976879	-160	-159.959426	
116.5732	-160.008727	-159.976879	-160	-159.959426	
116.5834	-160.008727	-159.976879	-160	-159.959426	
116.5935	-160.008727	-159.976879	-160	-159.959426	
116.6041	-160.008727	-159.976879	-160	-159.959426	
116.6142	-160.008727	-159.976879	-160	-159.959426	
116.6244	-160.008727	-159.976879	-160	-159.959426	
116.6345	-160.008727	-159.976879	-160	-159.959426	
116.6527	-160.008727	-159.976879	-160	-159.959426	
116.6574	-160.008727	-159.976879	-160	-159.959426	
116.6676	-160.008727	-159.976879	-160	-159.959426	
116.6777	-160.008727	-159.976879	-160	-159.959426	
116.6878	-160.008727	-159.976879	-160	-159.959426	
116.6984	-160.008727	-159.976879	-160	-159.959426	
116.7082	-160.008727	-159.976879	-160	-159.959426	
116.7183	-160.008727	-159.976879	-160	-159.959426	
116.7285	-160.008727	-159.976879	-160	-159.959426	
116.7386	-160.008727	-159.976879	-160	-159.959426	
116.7488	-160.008727	-159.976879	-160	-159.959426	
116.7591	-160.008727	-159.976879	-160	-159.959426	
116.7692	-160.008727	-159.976879	-160	-159.959426	
116.7793	-160.008727	-159.976879	-160	-159.959426	
116.7895	-160.008727	-159.976879	-160	-159.959426	
116.7996	-160.008727	-159.976879	-160	-159.959426	
116.8098	-160.008727	-159.976879	-160	-159.959426	
116.8199	-160.008727	-159.976879	-160	-159.959426	
116.8301	-160.008727	-159.976879	-160	-159.959426	
116.8402	-160.008727	-159.976879	-160	-159.959426	
116.8504	-160.008727	-159.976879	-160	-159.959426	
116.8606	-160.008727	-159.976879	-160	-159.959426	
116.8707	-160.008727	-159.976879	-160	-159.959426	
116.8809	-160.008727	-159.976879	-160	-159.959426	
116.891	-160.008727	-159.976879	-160	-159.959426	
116.9011	-160.008727	-159.976879	-160	-159.959426	
116.9113	-160.008727	-159.976879	-160	-159.959426	
116.9215	-160.008727	-159.976879	-160	-159.959426	
116.9316	-160.008727	-159.976879	-160	-159.959426	
116.9418	-160.008727	-159.976879	-160	-159.959426	
116.9519	-160.008727	-159.976879	-160	-159.959426	
116.9622	-160.008727	-159.976879	-160	-159.959426	
116.9723	-160.008727	-159.976879	-160	-159.959426	
116.9824	-160.008727	-159.976879	-160	-159.959426	
116.9926	-160.008727	-159.976879	-160	-159.959426	
117.0027	-160.008727	-159.976879	-160	-159.959426	
117.0129	-160.008727	-159.976879	-160	-159.959426	
117.0231	-160.008727	-159.976879	-160	-159.959426	
117.0333	-160.008727	-159.976879	-160	-159.959426	
117.0434	-160.008727	-159.976879	-160	-159.959426	
117.0536	-160.008727	-159.976879	-160	-159.959426	
117.0637	-160.008727	-159.976879	-160	-159.959426	
117.0739	-160.008727	-159.976879	-160	-159.959426	
117.0841	-160.008727	-159.976879	-160	-159.959426	
117.0942	-160.008727	-159.976879	-160	-159.959426	
117.1044	-160.008727	-159.976879	-160	-159.959426	
117.1147	-160.008727	-159.976879	-160	-159.959426	
117.1248	-160.008727	-159.976879	-160	-159.959426	
117.1349	-160.008727	-159.976879	-160	-159.959426	
117.145	-160.008727	-159.976879	-160	-159.959426	
117.1553	-160.008727	-159.976879	-160	-159.959426	
117.1653	-160.008727	-159.976879	-160	-159.959426	
117.1755	-160.008727	-159.976879	-160	-159.959426	
117.1857	-160.008727	-159.976879	-160	-159.959426	
117.1958	-160.008727	-159.976879	-160	-159.959426	
117.206	-160.008727	-159.976879	-160	-159.959426	
117.2161	-160.008727	-159.976879	-160	-159.968153	
117.2264	-160.008727	-159.976879	-160	-159.976879	
117.2366	-160.008727	-159.976879	-160	-159.976879	
117.2467	-160.008727	-159.976879	-160	-159.985606	
117.2569	-160.008727	-159.976879	-160	-159.994333	
117.2671	-160.008727	-159.976879	-160	-159.994333	
117.2772	-160.008727	-159.976879	-160	-160.003059	
117.2874	-160.008727	-159.985606	-160	-160.003059	
117.3055	-160.008727	-159.994333	-160	-160.003059	
117.3102	-160.008727	-159.994333	-160	-159.994333	
117.3204	-160.008727	-159.994333	-160	-159.994333	
117.3305	-160.008727	-159.994333	-160	-159.994333	
117.3408	-160.008727	-159.994333	-160	-159.994333	
117.3509	-160.008727	-159.994333	-160	-159.994333	
117.361	-160.008727	-159.985606	-160	-159.994333	
117.3711	-160.008727	-159.985606	-160	-159.994333	
117.3813	-160.008727	-159.985606	-160	-159.994333	
117.3914	-160.008727	-159.985606	-160	-159.994333	
117.4016	-160.008727	-159.994333	-160	-159.994333	
117.4122	-160.008727	-159.994333	-160	-159.994333	
117.422	-160.008727	-159.994333	-160	-159.994333	
117.44	-160.008727	-159.994333	-160	-159.994333	
117.4448	-160.008727	-159.994333	-160	-159.994333	
117.4549	-160.008727	-159.994333	-160	-159.994333	
117.465	-160.008727	-159.994333	-160	-159.994333	
117.4753	-160.008727	-159.994333	-160	-159.994333	
117.4854	-160.008727	-159.994333	-160	-159.994333	
