134.6928	-180.01427	-179.995806	-180.005543	-179.978352	
134.7029	-180.020113	-179.995806	-180.011386	-179.978352	
134.7131	-180.028057	-179.995806	-180.019331	-179.978352	
134.7232	-180.037929	-179.995806	-180.029203	-179.987079	
134.7334	-180.050079	-179.995806	-180.041353	-179.995806	
134.7435	-180.064106	-180.004532	-180.05538	-179.995806	
134.7537	-180.080266	-180.013259	-180.071539	-180.013259	
134.7638	-180.098494	-180.030712	-180.089767	-180.030712	
134.774	-180.1188	-180.048166	-180.110073	-180.048166	
134.7842	-180.141282	-180.065619	-180.132556	-180.074346	
134.7944	-180.165705	-180.091799	-180.156978	-180.100526	
134.8045	-180.192187	-180.117979	-180.183461	-180.126705	
134.8147	-180.220837	-180.144159	-180.212111	-180.152885	
134.8249	-180.25157	-180.179065	-180.242844	-180.187792	
134.835	-180.284225	-180.213972	-180.275498	-180.222699	
134.8452	-180.319188	-180.248878	-180.310461	-180.248878	
134.8554	-180.355844	-180.292512	-180.347117	-180.275058	
134.8655	-180.394641	-180.327418	-180.385914	-180.309965	
134.8757	-180.435913	-180.379778	-180.427186	-180.353598	
134.8859	-180.478888	-180.432138	-180.470162	-180.397231	
134.896	-180.524018	-180.475771	-180.515291	-180.432138	
134.9061	-180.570864	-180.536858	-180.562137	-180.484498	
134.9164	-180.620428	-180.589218	-180.611702	-180.536858	
134.9265	-180.671844	-180.641578	-180.663117	-180.597944	
134.9366	-180.724844	-180.702664	-180.716118	-180.650304	
134.9469	-180.78077	-180.746297	-180.772043	-180.711391	
134.9571	-180.838361	-180.798657	-180.829634	-180.763751	
134.9672	-180.897573	-180.851017	-180.888846	-180.824837	
134.9773	-180.9591	-180.912104	-180.950373	-180.885924	
134.9875	-181.02306	-180.97319	-181.014333	-180.955737	
134.9977	-181.088676	-181.034277	-181.079949	-181.02555	
135.0078	-181.15662	-181.095363	-181.147893	-181.095363	
135.0181	-181.226887	-181.165176	-181.218161	-181.165176	
135.0281	-181.298193	-181.23499	-181.289466	-181.243716	
135.0382	-181.371755	-181.304803	-181.363028	-181.322256	
135.0484	-181.44802	-181.374616	-181.439293	-181.409522	
135.0587	-181.526832	-181.461882	-181.518106	-181.479336	
135.0688	-181.606678	-181.540422	-181.597952	-181.566602	
135.079	-181.689168	-181.618962	-181.680441	-181.636415	
135.0892	-181.774171	-181.706228	-181.765445	-181.723682	
135.0992	-181.859589	-181.793495	-181.850862	-181.802222	
135.1095	-181.94889	-181.889488	-181.940164	-181.898215	
135.1196	-182.03858	-181.976754	-182.029854	-181.976754	
135.1298	-182.131682	-182.072748	-182.122955	-182.064021	
135.1398	-182.225206	-182.177467	-182.21648	-182.151287	
135.15	-182.321955	-182.282187	-182.313229	-182.24728	
135.1601	-182.420711	-182.386907	-182.411984	-182.352	
135.1703	-182.521489	-182.4829	-182.512763	-182.439267	
135.1806	-182.623959	-182.58762	-182.615233	-182.543986	
135.1907	-182.725609	-182.692339	-182.716883	-182.657433	
135.2008	-182.826419	-182.805786	-182.817693	-182.770879	
135.211	-182.928139	-182.910506	-182.919413	-182.875599	
135.2211	-183.029689	-183.023952	-183.020963	-182.980319	
135.2313	-183.131149	-183.137398	-183.122423	-183.102492	
135.2414	-183.232679	-183.242118	-183.223953	-183.224665	
135.2516	-183.334129	-183.355565	-183.325403	-183.329385	
135.2617	-183.435799	-183.460284	-183.427073	-183.451558	
135.2719	-183.537259	-183.565004	-183.528533	-183.573731	
135.2899	-183.717659	-183.748264	-183.708933	-183.765717	
135.2946	-183.764979	-183.791897	-183.756253	-183.818077	
135.3047	-183.865529	-183.88789	-183.856803	-183.922797	
135.315	-183.968209	-183.99261	-183.959483	-184.027516	
135.3251	-184.069659	-184.079876	-184.060933	-184.132236	
135.3352	-184.170429	-184.167143	-184.161703	-184.228229	
135.3454	-184.272719	-184.271862	-184.263993	-184.324222	
135.3555	-184.373849	-184.359129	-184.365123	-184.411489	
135.3657	-184.475499	-184.455122	-184.466773	-184.490029	
135.3759	-184.577309	-184.551115	-184.568583	-184.577295	
135.386	-184.678469	-184.638382	-184.669743	-184.655835	
135.3962	-184.780399	-184.734375	-184.771673	-184.734375	
135.4064	-184.882039	-184.839094	-184.873313	-184.821641	
135.4165	-184.983239	-184.935088	-184.974513	-184.900181	
135.4346	-185.164979	-185.127074	-185.156253	-185.065987	
135.4393	-185.211789	-185.179434	-185.203063	-185.10962	
135.4498	-185.316889	-185.29288	-185.308163	-185.21434	
135.4598	-185.416019	-185.3976	-185.407293	-185.310333	
135.4699	-185.517539	-185.511046	-185.508813	-185.415053	
135.48	-185.618459	-185.633219	-185.609733	-185.528499	
135.4901	-185.719639	-185.737939	-185.710913	-185.641946	
135.5003	-185.821369	-185.842659	-185.812643	-185.755392	
135.5105	-185.923639	-185.947379	-185.914913	-185.877565	
135.5208	-186.026099	-186.052098	-186.017373	-185.999738	
135.5308	-186.126879	-186.156818	-186.118153	-186.121911	
135.541	-186.228069	-186.252811	-186.219343	-186.244084	
135.5511	-186.329639	-186.348804	-186.320913	-186.366258	
135.5613	-186.431489	-186.453524	-186.422763	-186.479704	
135.5714	-186.532059	-186.549517	-186.523333	-186.584424	
135.5816	-186.634549	-186.64551	-186.625823	-186.680417	
135.5917	-186.735739	-186.741503	-186.727013	-186.785137	
135.6018	-186.836769	-186.837496	-186.828043	-186.872403	
135.612	-186.938749	-186.93349	-186.930023	-186.968396	
135.6222	-187.040659	-187.029483	-187.031933	-187.046936	
135.6324	-187.142379	-187.116749	-187.133653	-187.134202	
135.6426	-187.244329	-187.212742	-187.235603	-187.221469	
135.6528	-187.346389	-187.317462	-187.337663	-187.308735	
135.663	-187.448009	-187.413455	-187.439283	-187.387275	
135.6731	-187.549569	-187.518175	-187.540843	-187.483268	
135.6833	-187.651139	-187.614168	-187.642413	-187.561808	
135.6935	-187.753089	-187.727614	-187.744363	-187.657801	
135.7036	-187.854059	-187.823607	-187.845333	-187.762521	
135.7138	-187.956039	-187.928327	-187.947313	-187.858514	
135.7239	-188.057549	-188.041774	-188.048823	-187.963234	
135.734	-188.158589	-188.146493	-188.149863	-188.07668	
135.7442	-188.260749	-188.251213	-188.252023	-188.1814	
135.7547	-188.364989	-188.355933	-188.356263	-188.303573	
135.7647	-188.465869	-188.460653	-188.457143	-188.425746	
135.7749	-188.567289	-188.565372	-188.558563	-188.539192	
135.785	-188.668859	-188.670092	-188.660133	-188.661365	
135.7952	-188.769969	-188.774812	-188.761243	-188.774812	
135.8054	-188.872309	-188.879532	-188.863583	-188.896985	
135.8155	-188.973639	-188.984251	-188.964913	-189.010431	
135.8257	-189.075419	-189.088971	-189.066693	-189.123878	
135.8359	-189.177119	-189.184964	-189.168393	-189.228598	
135.846	-189.278319	-189.289684	-189.269593	-189.333317	
135.8562	-189.379999	-189.385677	-189.371273	-189.438037	
135.8663	-189.481249	-189.490397	-189.472523	-189.542757	
135.8765	-189.583219	-189.58639	-189.574493	-189.63875	
135.8867	-189.685169	-189.682383	-189.676443	-189.726016	
135.8968	-189.786179	-189.787103	-189.777453	-189.822009	
135.907	-189.888479	-189.883096	-189.879753	-189.909276	
135.9172	-189.990069	-189.979089	-189.981343	-189.996542	
135.9273	-190.091419	-190.075082	-190.082693	-190.075082	
135.9374	-190.192739	-190.171075	-190.184013	-190.162349	
135.9476	-190.294409	-190.267068	-190.285683	-190.249615	
135.9578	-190.396389	-190.363062	-190.387663	-190.345608	
135.968	-190.498489	-190.459055	-190.489763	-190.432875	
135.9781	-190.599699	-190.555048	-190.590973	-190.520141	
135.9883	-190.701399	-190.659767	-190.692673	-190.624861	
135.9985	-190.803429	-190.764487	-190.794703	-190.729581	
136.0102	-190.920209	-190.88666	-190.911483	-190.8343	
136.0192	-191.010689	-190.973927	-191.001963	-190.93902	
136.0294	-191.112599	-191.087373	-191.103873	-191.04374	
136.0394	-191.212499	-191.192093	-191.203773	-191.157186	
136.0496	-191.314499	-191.305539	-191.305773	-191.270633	
136.0598	-191.416409	-191.410259	-191.407683	-191.384079	
136.0699	-191.517819	-191.523705	-191.509093	-191.497526	
136.0801	-191.619219	-191.628425	-191.610493	-191.619699	
136.0902	-191.720559	-191.733145	-191.711833	-191.733145	
136.1003	-191.821949	-191.846591	-191.813223	-191.846591	
136.1185	-192.002979	-191.951311	-191.994253	-191.951311	
136.1232	-192.050419	-192.073484	-192.041693	-192.090937	
136.1336	-192.154299	-192.178204	-192.145573	-192.195657	
136.1437	-192.255299	-192.282924	-192.246573	-192.300377	
136.1539	-192.357079	-192.387643	-192.348353	-192.405097	
136.1641	-192.459339	-192.483637	-192.450613	-192.50109	
136.1742	-192.560279	-192.57963	-192.551553	-192.588356	
136.1843	-192.661899	-192.684349	-192.653173	-192.675623	
136.1945	-192.763559	-192.780343	-192.754833	-192.754163	
136.2047	-192.864939	-192.867609	-192.856213	-192.841429	
136.2149	-192.966989	-192.963602	-192.958263	-192.928696	
136.225	-193.068609	-193.050869	-193.059883	-192.998509	
136.2352	-193.170229	-193.146862	-193.161503	-193.085775	
136.2454	-193.272269	-193.242855	-193.263543	-193.173042	
136.2555	-193.373529	-193.338848	-193.364803	-193.277761	
136.2657	-193.475509	-193.434841	-193.466783	-193.365028	
136.2759	-193.577149	-193.539561	-193.568423	-193.469748	
136.286	-193.678749	-193.635554	-193.670023	-193.574467	
136.2961	-193.779429	-193.740274	-193.770703	-193.679187	
136.3063	-193.881299	-193.836267	-193.872573	-193.792633	
136.3165	-193.983339	-193.949713	-193.974613	-193.90608	
136.3266	-194.085149	-194.054433	-194.076423	-194.028253	
136.3367	-194.185749	-194.159153	-194.177023	-194.141699	
136.3472	-194.290239	-194.272599	-194.281513	-194.263872	
136.3571	-194.389299	-194.386045	-194.380573	-194.386045	
136.3673	-194.491339	-194.499492	-194.482613	-194.499492	
136.3775	-194.593349	-194.604212	-194.584623	-194.621665	
136.3876	-194.694329	-194.708931	-194.685603	-194.726385	
136.3979	-194.796989	-194.822378	-194.788263	-194.839831	
136.408	-194.898639	-194.927098	-194.889913	-194.944551	
136.4184	-195.004069	-195.031817	-194.995343	-195.040544	
136.4284	-195.101989	-195.136537	-195.093263	-195.136537	
136.4385	-195.203039	-195.241257	-195.194313	-195.23253	
136.4488	-195.306919	-195.33725	-195.298193	-195.328523	
136.4588	-195.406359	-195.44197	-195.397633	-195.41579	
136.4689	-195.507639	-195.529236	-195.498913	-195.511783	
136.4792	-195.610039	-195.625229	-195.601313	-195.599049	
136.4893	-195.711039	-195.721222	-195.702313	-195.686316	
136.4997	-195.815549	-195.808489	-195.806823	-195.782309	
136.5096	-195.914489	-195.895755	-195.905763	-195.878302	
136.5197	-196.015369	-195.991748	-196.006643	-195.965568	
136.5298	-196.116489	-196.079015	-196.107763	-196.070288	
136.54	-196.218029	-196.175008	-196.209303	-196.166281	
136.5501	-196.319639	-196.271001	-196.310913	-196.262274	
136.5603	-196.421719	-196.358267	-196.412993	-196.366994	
136.5705	-196.523929	-196.454261	-196.515203	-196.471714	
136.5807	-196.625149	-196.55898	-196.616423	-196.593887	
136.5908	-196.726719	-196.6637	-196.717993	-196.698607	
136.6009	-196.827929	-196.76842	-196.819203	-196.812053	
136.611	-196.929179	-196.87314	-196.920453	-196.9255	
136.6213	-197.031259	-196.986586	-197.022533	-197.030219	
136.6314	-197.132339	-197.100032	-197.123613	-197.134939	
136.6415	-197.233749	-197.222205	-197.225023	-197.248385	
136.6518	-197.336079	-197.335652	-197.327353	-197.353105	
136.6619	-197.437329	-197.457825	-197.428603	-197.449098	
136.6721	-197.53668	-197.571271	-197.527954	-197.553818	
136.6822	-197.632447	-197.684718	-197.623721	-197.641084	
136.6923	-197.72685	-197.798164	-197.718123	-197.745804	
136.7027	-197.821268	-197.902884	-197.812541	-197.850524	
136.7129	-197.911735	-198.007604	-197.903009	-197.93779	
136.723	-198.000057	-198.103597	-197.991331	-198.025057	
136.7331	-198.08637	-198.19959	-198.077644	-198.112323	
136.7433	-198.171007	-198.286856	-198.16228	-198.19959	
136.7536	-198.254502	-198.365396	-198.245776	-198.27813	
136.7638	-198.335544	-198.435209	-198.326817	-198.356669	
136.7739	-198.41357	-198.496296	-198.404843	-198.435209	
136.784	-198.490091	-198.557382	-198.481364	-198.513749	
136.7941	-198.56407	-198.618469	-198.555343	-198.583562	
136.8043	-198.637224	-198.679555	-198.628498	-198.653375	
136.8145	-198.707689	-198.723189	-198.698963	-198.723189	
136.8246	-198.776504	-198.784275	-198.767778	-198.793002	
136.8348	-198.843425	-198.827908	-198.834699	-198.845362	
136.8449	-198.907858	-198.888995	-198.899131	-198.906448	
136.8551	-198.970862	-198.941355	-198.962135	-198.967535	
136.8655	-199.032931	-199.002441	-199.024205	-199.019895	
136.8754	-199.090238	-199.054801	-199.081511	-199.072254	
136.8856	-199.14776	-199.115888	-199.139033	-199.124614	
136.8957	-199.202466	-199.176974	-199.193739	-199.176974	
136.9059	-199.25545	-199.229334	-199.246723	-199.220607	
136.9161	-199.306608	-199.290421	-199.297882	-199.272967	
136.9262	-199.355757	-199.360234	-199.34703	-199.325327	
136.9363	-199.402837	-199.42132	-199.39411	-199.386414	
136.9465	-199.448279	-199.482407	-199.439552	-199.430047	
136.9566	-199.491656	-199.543493	-199.482929	-199.491134	
136.9669	-199.533524	-199.595853	-199.524797	-199.534767	
136.977	-199.573002	-199.648213	-199.564275	-199.5784	
136.9872	-199.61075	-199.700573	-199.602023	-199.63076	
136.9973	-199.646709	-199.73548	-199.637983	-199.674393	
137.0098	-199.687591	-199.770386	-199.678865	-199.718026	
137.0176	-199.7125	-199.796566	-199.703774	-199.752933	
137.0277	-199.742648	-199.822746	-199.733921	-199.787839	
137.0379	-199.771192	-199.840199	-199.762465	-199.822746	
137.0481	-199.798002	-199.848926	-199.789276	-199.848926	
137.0582	-199.82287	-199.866379	-199.814143	-199.875106	
137.0684	-199.846012	-199.875106	-199.837285	-199.892559	
137.0786	-199.867348	-199.875106	-199.858621	-199.910013	
137.0887	-199.886945	-199.892559	-199.878218	-199.918739	
137.0989	-199.904869	-199.901286	-199.896142	-199.927466	
137.1091	-199.92114	-199.910013	-199.912414	-199.936192	
137.1193	-199.935685	-199.910013	-199.926958	-199.936192	
137.1295	-199.948768	-199.918739	-199.940041	-199.936192	
137.1395	-199.959953	-199.927466	-199.951227	-199.936192	
137.1498	-199.969965	-199.927466	-199.961238	-199.936192	
137.1598	-199.978364	-199.936192	-199.969637	-199.927466	
137.1699	-199.985463	-199.944919	-199.976737	-199.927466	
137.1801	-199.991317	-199.953646	-199.982591	-199.936192	
137.1903	-199.995998	-199.962372	-199.987271	-199.936192	
137.2005	-199.999657	-199.971099	-199.99093	-199.936192	
137.2106	-200.002386	-199.979826	-199.993659	-199.944919	
137.2207	-200.008727	-199.988552	-200	-199.953646	
137.2389	-200.008727	-200.006006	-200	-199.971099	
137.2435	-200.008727	-200.006006	-200	-199.979826	
137.2538	-200.008727	-200.014732	-200	-199.979826	
137.2639	-200.008727	-200.014732	-200	-199.988552	
137.274	-200.008727	-200.014732	-200	-199.997279	
137.2845	-200.008727	-200.014732	-200	-199.997279	
137.2944	-200.008727	-200.006006	-200	-199.997279	
137.3045	-200.008727	-200.006006	-200	-199.997279	
137.3147	-200.008727	-199.997279	-200	-199.988552	
137.3249	-200.008727	-199.997279	-200	-199.988552	
137.335	-200.008727	-199.997279	-200	-199.988552	
137.3452	-200.008727	-199.997279	-200	-199.988552	
137.3554	-200.008727	-200.006006	-200	-199.988552	
137.3656	-200.008727	-200.006006	-200	-199.988552	
137.3757	-200.008727	-200.006006	-200	-199.988552	
137.3859	-200.008727	-200.006006	-200	-199.988552	
137.3961	-200.008727	-200.006006	-200	-199.988552	
137.4061	-200.008727	-200.006006	-200	-199.988552	
137.4164	-200.008727	-200.006006	-200	-199.988552	
137.4265	-200.008727	-200.006006	-200	-199.988552	
137.4366	-200.008727	-200.006006	-200	-199.988552	
137.4468	-200.008727	-200.006006	-200	-199.988552	
137.4571	-200.008727	-200.006006	-200	-199.988552	
137.4673	-200.008727	-200.006006	-200	-199.988552	
137.4774	-200.008727	-200.006006	-200	-199.988552	
137.4875	-200.008727	-200.006006	-200	-199.988552	
137.4978	-200.008727	-200.006006	-200	-199.988552	
137.5079	-200.008727	-200.006006	-200	-199.988552	
137.5181	-200.008727	-200.006006	-200	-199.988552	
137.5282	-200.008727	-200.006006	-200	-199.988552	
137.5383	-200.008727	-200.006006	-200	-199.988552	
137.5485	-200.008727	-200.006006	-200	-199.988552	
137.5587	-200.008727	-200.006006	-200	-199.988552	
137.5688	-200.008727	-200.006006	-200	-199.988552	
137.579	-200.008727	-200.006006	-200	-199.988552	
137.5892	-200.008727	-200.006006	-200	-199.988552	
137.5996	-200.008727	-200.006006	-200	-199.988552	
137.6095	-200.008727	-200.006006	-200	-199.988552	
137.6196	-200.008727	-200.006006	-200	-199.988552	
137.6298	-200.008727	-200.006006	-200	-199.988552	
137.6399	-200.008727	-200.006006	-200	-199.988552	
137.6501	-200.008727	-200.006006	-200	-199.988552	
137.6603	-200.008727	-200.006006	-200	-199.988552	
137.6704	-200.008727	-200.006006	-200	-199.988552	
137.6806	-200.008727	-200.006006	-200	-199.988552	
137.6907	-200.008727	-200.006006	-200	-199.988552	
137.7009	-200.008727	-200.006006	-200	-199.988552	
137.711	-200.008727	-200.006006	-200	-199.988552	
137.7213	-200.008727	-200.006006	-200	-199.988552	
137.7314	-200.008727	-200.006006	-200	-199.988552	
137.7416	-200.008727	-200.006006	-200	-199.988552	
137.7517	-200.008727	-200.006006	-200	-199.988552	
137.762	-200.008727	-200.006006	-200	-199.988552	
137.7721	-200.008727	-200.006006	-200	-199.988552	
137.7823	-200.008727	-200.006006	-200	-199.988552	
137.7924	-200.008727	-200.006006	-200	-199.988552	
137.8026	-200.008727	-200.006006	-200	-199.988552	
137.8128	-200.008727	-200.006006	-200	-199.988552	
137.823	-200.008727	-200.006006	-200	-199.988552	
137.8331	-200.008727	-200.006006	-200	-199.988552	
137.8433	-200.008727	-200.006006	-200	-199.988552	
137.8535	-200.008727	-200.006006	-200	-199.988552	
137.8636	-200.008727	-200.006006	-200	-199.988552	
137.8738	-200.008727	-200.006006	-200	-199.988552	
137.8839	-200.008727	-200.006006	-200	-199.988552	
137.8941	-200.008727	-200.006006	-200	-199.988552	
137.9043	-200.008727	-200.006006	-200	-199.988552	
137.9144	-200.008727	-200.006006	-200	-199.988552	
137.9246	-200.008727	-200.006006	-200	-199.988552	
137.9347	-200.008727	-200.006006	-200	-199.988552	
137.9449	-200.008727	-200.006006	-200	-199.988552	
137.9551	-200.008727	-200.006006	-200	-199.988552	
137.9652	-200.008727	-200.006006	-200	-199.988552	
137.9754	-200.008727	-200.006006	-200	-199.988552	
137.9856	-200.008727	-200.006006	-200	-199.988552	
137.9957	-200.008727	-200.006006	-200	-199.988552	
138.0059	-200.008727	-200.006006	-200	-199.988552	
138.0161	-200.008727	-200.006006	-200	-199.988552	
138.0262	-200.008727	-200.006006	-200	-199.988552	
138.0363	-200.008727	-200.006006	-200	-199.988552	
138.0465	-200.008727	-200.006006	-200	-199.988552	
138.0567	-200.008727	-200.006006	-200	-199.988552	
138.0668	-200.008727	-200.006006	-200	-199.988552	
138.077	-200.008727	-200.006006	-200	-199.988552	
138.0871	-200.008727	-200.006006	-200	-199.988552	
138.0973	-200.008727	-200.006006	-200	-199.988552	
138.1075	-200.008727	-200.006006	-200	-199.988552	
138.1177	-200.008727	-200.006006	-200	-199.988552	
138.1278	-200.008727	-200.006006	-200	-199.988552	
138.1381	-200.008727	-200.006006	-200	-199.988552	
138.1482	-200.008727	-200.006006	-200	-199.988552	
138.1583	-200.008727	-200.006006	-200	-199.988552	
138.1685	-200.008727	-200.006006	-200	-199.988552	
138.1786	-200.008727	-200.006006	-200	-199.988552	
