18.75535	-46.0287853	-45.9981524	-45.9851521	-45.9545192	
18.76007	-46.0311509	-45.9981524	-45.9875177	-45.9545192	
18.77014	-46.0387736	-45.9981524	-45.9951404	-45.9545192	
18.78031	-46.048547	-45.9981524	-46.0049137	-45.9632459	
18.79051	-46.0604326	-45.9981524	-46.0167994	-45.9632459	
18.80073	-46.0744355	-46.0068791	-46.0308022	-45.9719725	
18.8109	-46.0904187	-46.0156057	-46.0467855	-45.9806991	
18.82101	-46.108372	-46.033059	-46.0647388	-45.9894258	
18.83125	-46.1286419	-46.0505123	-46.0850087	-46.0068791	
18.84139	-46.1507705	-46.0766923	-46.1071372	-46.033059	
18.85163	-46.1752273	-46.1028722	-46.1315941	-46.059239	
18.86165	-46.2011422	-46.1290521	-46.157509	-46.0941455	
18.87178	-46.2295227	-46.1639587	-46.1858895	-46.1290521	
18.89003	-46.2884652	-46.2250452	-46.244832	-46.1988653	
18.89462	-46.3031074	-46.2337719	-46.2594742	-46.2163186	
18.90534	-46.340279	-46.2686785	-46.2966457	-46.2686785	
18.9154	-46.3771004	-46.3035851	-46.3334672	-46.3123117	
18.92554	-46.4163152	-46.3472183	-46.372682	-46.3559449	
18.93576	-46.4578771	-46.3821249	-46.4142439	-46.4083048	
18.94597	-46.5015335	-46.4257581	-46.4579003	-46.451938	
18.95609	-46.5468456	-46.4693913	-46.5032124	-46.4955713	
18.96626	-46.5944115	-46.5217512	-46.5507783	-46.5392045	
18.97651	-46.6445003	-46.5741111	-46.6008671	-46.5915644	
18.9866	-46.6958282	-46.6351976	-46.652195	-46.6351976	
18.99674	-46.7494447	-46.6962841	-46.7058115	-46.6962841	
19.00689	-46.8052208	-46.7573707	-46.7615875	-46.7399174	
19.01708	-46.8632273	-46.8184572	-46.8195941	-46.8097305	
19.02723	-46.9231464	-46.8795437	-46.8795132	-46.8533638	
19.03737	-46.984975	-46.9406302	-46.9413418	-46.9144503	
19.04751	-47.0489497	-47.0017168	-47.0053165	-46.9668102	
19.05767	-47.1150586	-47.0628033	-47.0714254	-47.01917	
19.06885	-47.190447	-47.1326165	-47.1468137	-47.0889832	
19.07868	-47.2585344	-47.2024296	-47.2149011	-47.1587964	
19.08888	-47.3312216	-47.2809694	-47.2875883	-47.2198829	
19.09901	-47.4055657	-47.3507826	-47.3619324	-47.2809694	
19.10918	-47.4822783	-47.4205958	-47.438645	-47.3507826	
19.11937	-47.5611102	-47.4991356	-47.5174769	-47.4293224	
19.1295	-47.6415948	-47.5776754	-47.5979615	-47.5078622	
19.13969	-47.7246816	-47.6649419	-47.6810483	-47.5951287	
19.14988	-47.8097177	-47.7434817	-47.7660844	-47.6823952	
19.16031	-47.8990707	-47.8220215	-47.8554375	-47.7696616	
19.1702	-47.9857218	-47.909288	-47.9420886	-47.8569281	
19.18035	-48.0765906	-47.9965544	-48.0329574	-47.9529212	
19.19044	-48.1690993	-48.1012742	-48.125466	-48.0489143	
19.20067	-48.2648748	-48.1885406	-48.2212416	-48.1449074	
19.21087	-48.3625231	-48.2932604	-48.3188899	-48.2409005	
19.22098	-48.461406	-48.3892535	-48.4177728	-48.3456203	
19.23122	-48.5635596	-48.4939733	-48.5199264	-48.45034	
19.24139	-48.6652796	-48.598693	-48.6216464	-48.5550598	
19.2515	-48.7663896	-48.7034128	-48.7227564	-48.6510529	
19.26165	-48.8678096	-48.8168592	-48.8241764	-48.747046	
19.27176	-48.9689696	-48.9303056	-48.9253364	-48.8517658	
19.28198	-49.0711796	-49.043752	-49.0275464	-48.9564855	
19.2921	-49.1723496	-49.1484717	-49.1287164	-49.0612053	
19.30225	-49.2738696	-49.2619181	-49.2302364	-49.165925	
19.31243	-49.3756496	-49.3753645	-49.3320164	-49.2880981	
19.32267	-49.4781196	-49.4888109	-49.4344864	-49.3928178	
19.3328	-49.5793896	-49.6022573	-49.5357564	-49.5149909	
19.34291	-49.6804696	-49.7069771	-49.6368364	-49.6371639	
19.3531	-49.7823996	-49.8204235	-49.7387664	-49.759337	
19.36339	-49.8852296	-49.9338699	-49.8415964	-49.88151	
19.37354	-49.9867096	-50.0385897	-49.9430764	-49.9949564	
19.3837	-50.0883896	-50.1433094	-50.0447564	-50.1084028	
19.39393	-50.1906096	-50.2393025	-50.1469764	-50.2131226	
19.40408	-50.2922396	-50.3352956	-50.2486064	-50.300389	
19.41425	-50.3939096	-50.4225621	-50.3502764	-50.4051088	
19.42469	-50.4982896	-50.5185552	-50.4546564	-50.4923753	
19.43466	-50.5979296	-50.6058217	-50.5542964	-50.5796417	
19.44473	-50.6986196	-50.6930881	-50.6549864	-50.6669082	
19.45487	-50.8000796	-50.7890812	-50.7564464	-50.7541746	
19.46513	-50.9026296	-50.8763477	-50.8589964	-50.8414411	
19.47525	-51.0038696	-50.9636142	-50.9602364	-50.9374342	
19.48541	-51.1054796	-51.0683339	-51.0618464	-51.0334273	
19.49553	-51.2066896	-51.1556004	-51.1630564	-51.1206938	
19.50577	-51.3090396	-51.2603201	-51.2654064	-51.2166869	
19.51598	-51.4111996	-51.3563132	-51.3675664	-51.31268	
19.5262	-51.5134196	-51.461033	-51.4697864	-51.4173998	
19.53623	-51.6140696	-51.5657528	-51.5704364	-51.5221195	
19.54647	-51.7160896	-51.6617459	-51.6724564	-51.6268393	
19.55656	-51.8169796	-51.7664656	-51.7733464	-51.731559	
19.56674	-51.9187496	-51.8711854	-51.8751164	-51.8362788	
19.57694	-52.0206996	-51.9846318	-51.9770664	-51.9409985	
19.58707	-52.1220996	-52.0893515	-52.0784664	-52.0544449	
19.59723	-52.2237096	-52.1940713	-52.1800764	-52.1678913	
19.60742	-52.3256196	-52.3075177	-52.2819864	-52.2726111	
19.61757	-52.4270596	-52.4209641	-52.3834264	-52.3860575	
19.62811	-52.5325896	-52.5256838	-52.4889564	-52.4995039	
19.63793	-52.6306896	-52.6391302	-52.5870564	-52.6042237	
19.64804	-52.7318096	-52.74385	-52.6881764	-52.7089434	
19.65817	-52.8330896	-52.8572964	-52.7894564	-52.8136632	
19.66856	-52.9369096	-52.9620162	-52.8932764	-52.9183829	
19.67872	-53.0386496	-53.0667359	-52.9950164	-53.0231027	
19.68895	-53.1408396	-53.1714557	-53.0972064	-53.1190958	
19.69906	-53.2419796	-53.2761754	-53.1983464	-53.2063622	
19.70919	-53.3432796	-53.3721685	-53.2996464	-53.3023554	
19.71937	-53.4451096	-53.4768883	-53.4014764	-53.3983485	
19.72955	-53.5468396	-53.5728814	-53.5032064	-53.4856149	
19.73969	-53.6482996	-53.6601479	-53.6046664	-53.581608	
19.74984	-53.7497696	-53.756141	-53.7061364	-53.6688745	
19.76001	-53.8514496	-53.8434074	-53.8078164	-53.756141	
19.77019	-53.9533296	-53.9394005	-53.9096964	-53.8521341	
19.78063	-54.0577896	-54.0353936	-54.0141564	-53.9481272	
19.79055	-54.1569496	-54.1313868	-54.1133164	-54.0353936	
19.80073	-54.2586496	-54.2186532	-54.2150164	-54.1401134	
19.81093	-54.3606496	-54.3146463	-54.3170164	-54.2361065	
19.821	-54.4614096	-54.4193661	-54.4177764	-54.3408263	
19.83123	-54.5637196	-54.5153592	-54.5200864	-54.4368194	
19.8414	-54.6653996	-54.6200789	-54.6217664	-54.5415391	
19.85151	-54.7664896	-54.7160721	-54.7228564	-54.6462589	
19.86163	-54.8677396	-54.8295185	-54.8241064	-54.7509786	
19.8718	-54.9693696	-54.9342382	-54.9257364	-54.8556984	
19.882	-55.0713896	-55.038958	-55.0277564	-54.9604181	
19.89214	-55.1727896	-55.1524044	-55.1291564	-55.0651379	
19.90245	-55.2759496	-55.2571241	-55.2323164	-55.1785843	
19.9125	-55.3764096	-55.3705705	-55.3327764	-55.2920307	
19.92271	-55.4785096	-55.4752903	-55.4348764	-55.3967505	
19.93283	-55.5796896	-55.5887367	-55.5360564	-55.5014702	
19.94301	-55.6814496	-55.7021831	-55.6378164	-55.60619	
19.95322	-55.7836096	-55.8069028	-55.7399764	-55.7109097	
19.96337	-55.8850496	-55.9116226	-55.8414164	-55.8156295	
19.97352	-55.9866196	-56.0163423	-55.9429864	-55.9203492	
19.9837	-56.0883196	-56.1210621	-56.0446864	-56.0337956	
19.99386	-56.1899696	-56.2170552	-56.1463364	-56.1385154	
20.00404	-56.2917196	-56.3043217	-56.2480864	-56.2345085	
20.01417	-56.3930696	-56.4090414	-56.3494364	-56.3479549	
20.0244	-56.4953896	-56.5050345	-56.4517564	-56.443948	
20.03456	-56.5969996	-56.6010276	-56.5533664	-56.5486678	
20.04467	-56.6980296	-56.6882941	-56.6543964	-56.6446609	
20.05504	-56.8017596	-56.7930139	-56.7581264	-56.740654	
20.06561	-56.9106296	-56.8802803	-56.8669964	-56.8453737	
20.07538	-57.0051496	-56.9762734	-56.9615164	-56.9326402	
20.08553	-57.1066196	-57.0722665	-57.0629864	-57.03736	
20.09573	-57.2086596	-57.1682596	-57.1650264	-57.1333531	
20.1059	-57.3103696	-57.2729794	-57.2667364	-57.2293462	
20.12394	-57.4907996	-57.456239	-57.4471664	-57.4038791	
20.12867	-57.5380696	-57.4998722	-57.4944364	-57.456239	
20.13875	-57.6388196	-57.604592	-57.5951864	-57.5609587	
20.14889	-57.7402296	-57.7093117	-57.6965964	-57.6656785	
20.1591	-57.8423196	-57.8140315	-57.7986864	-57.7703982	
20.17006	-57.9520396	-57.9187512	-57.9084064	-57.875118	
20.1793	-58.0443896	-58.023471	-58.0007564	-57.9798378	
20.18943	-58.1457196	-58.1369174	-58.1020864	-58.0845575	
20.19962	-58.2475296	-58.2416371	-58.2038964	-58.1892773	
20.20987	-58.3500696	-58.3463569	-58.3064364	-58.293997	
20.22004	-58.4517196	-58.4510766	-58.4080864	-58.3987168	
20.23017	-58.5531296	-58.5645231	-58.5094964	-58.5034365	
20.24037	-58.6550496	-58.6779695	-58.6114164	-58.6168829	
20.25051	-58.7564096	-58.7826892	-58.7127764	-58.7216027	
20.26064	-58.8577796	-58.887409	-58.8141464	-58.8350491	
20.27077	-58.9590696	-58.9921287	-58.9154364	-58.9397688	
20.28099	-59.0612496	-59.0881218	-59.0176164	-59.0444886	
20.29127	-59.1640396	-59.1841149	-59.1204064	-59.1404817	
20.3013	-59.2643496	-59.280108	-59.2207164	-59.2364748	
20.3114	-59.3653996	-59.3848278	-59.3217664	-59.3411946	
20.32162	-59.4675296	-59.4808209	-59.4238964	-59.428461	
20.33173	-59.565691	-59.576814	-59.5220578	-59.5244541	
20.3419	-59.662291	-59.6728071	-59.6186578	-59.6117206	
20.35208	-59.7569966	-59.7688002	-59.7133633	-59.7077137	
20.36226	-59.8497571	-59.8647933	-59.8061238	-59.7949802	
20.37241	-59.9400871	-59.9607865	-59.8964538	-59.8822466	
20.38252	-60.028193	-60.0480529	-59.9845598	-59.9695131	
20.40068	-60.1785174	-60.2138592	-60.1348842	-60.1265927	
20.40551	-60.2186764	-60.2574924	-60.1750431	-60.1614993	
20.41556	-60.2997666	-60.3447589	-60.2561334	-60.2487658	
20.42567	-60.3793388	-60.4232987	-60.3357056	-60.3273056	
20.43582	-60.4572726	-60.5018385	-60.4136394	-60.4058454	
20.44597	-60.5334788	-60.589105	-60.4898456	-60.4931119	
20.45613	-60.6071489	-60.6676448	-60.5635156	-60.5716517	
20.46637	-60.6797293	-60.737458	-60.6360961	-60.6501915	
20.47651	-60.7495772	-60.8072711	-60.705944	-60.7287313	
20.48668	-60.8176424	-60.8770843	-60.7740091	-60.7985445	
20.49684	-60.8837243	-60.9381708	-60.8400911	-60.859631	
20.50703	-60.9479348	-60.9992574	-60.9043016	-60.9294442	
20.51715	-61.0097727	-61.0603439	-60.9661394	-60.9818041	
20.52733	-61.0700683	-61.1214304	-61.026435	-61.0516172	
20.53746	-61.1280337	-61.1737903	-61.0844005	-61.0952505	
20.54766	-61.1844344	-61.2174235	-61.1408012	-61.1476103	
20.5578	-61.2385362	-61.2697834	-61.194903	-61.1912436	
20.56796	-61.2908333	-61.3134166	-61.2472	-61.2348768	
20.57828	-61.3419257	-61.3657765	-61.2982924	-61.27851	
20.58841	-61.3901496	-61.4094097	-61.3465163	-61.3308699	
20.59853	-61.4364185	-61.453043	-61.3927853	-61.3657765	
20.60877	-61.4812884	-61.4966762	-61.4376552	-61.4094097	
20.6189	-61.5237658	-61.5403094	-61.4801326	-61.453043	
20.629	-61.5642308	-61.575216	-61.5205975	-61.4879495	
20.63919	-61.6031257	-61.6188492	-61.5594924	-61.5315828	
20.64933	-61.6399615	-61.6537558	-61.5963282	-61.5664894	
20.65943	-61.6747829	-61.6799358	-61.6311497	-61.6013959	
20.66961	-61.7079977	-61.7148424	-61.6643644	-61.6363025	
20.67986	-61.739519	-61.7497489	-61.6958858	-61.6712091	
20.69004	-61.7689828	-61.7846555	-61.7253495	-61.6973891	
20.70805	-61.8140977	-61.8370154	-61.7704645	-61.7584756	
20.7207	-61.8436563	-61.871922	-61.800023	-61.8021088	
20.72533	-61.8544177	-61.8893753	-61.8107844	-61.8195621	
20.73557	-61.8759942	-61.9068286	-61.8323609	-61.845742	
20.74569	-61.8956039	-61.9330085	-61.8519706	-61.871922	
20.75583	-61.9135557	-61.9591884	-61.8699224	-61.8981019	
20.76599	-61.9299269	-61.9591884	-61.8862937	-61.9155552	
20.77619	-61.9446065	-61.9766417	-61.9009733	-61.9242819	
20.78654	-61.9578934	-61.9853684	-61.9142602	-61.9417352	
20.79657	-61.9692745	-61.9853684	-61.9256413	-61.9591884	
20.8067	-61.9792777	-61.9853684	-61.9356445	-61.9591884	
20.8169	-61.9879016	-61.994095	-61.9442683	-61.9591884	
20.82707	-61.9951338	-61.994095	-61.9515005	-61.9591884	
20.83719	-62.0010731	-61.994095	-61.9574399	-61.9504618	
20.84737	-62.0058712	-61.994095	-61.962238	-61.9504618	
20.85749	-62.0096006	-61.994095	-61.9659674	-61.9504618	
20.86769	-62.0124391	-61.994095	-61.9688059	-61.9504618	
20.87782	-62.014505	-62.0028217	-61.9708718	-61.9504618	
20.88823	-62.0190513	-62.0028217	-61.9754181	-61.9504618	
20.89837	-62.0190513	-62.0028217	-61.9754181	-61.9504618	
20.90903	-62.0190513	-62.0028217	-61.9754181	-61.9504618	
20.91898	-62.0190513	-62.0028217	-61.9754181	-61.9504618	
20.92915	-62.0190513	-62.0028217	-61.9754181	-61.9504618	
20.93933	-62.0190513	-62.0028217	-61.9754181	-61.9504618	
20.94944	-62.0190513	-62.0028217	-61.9754181	-61.9504618	
20.9596	-62.0190513	-62.0028217	-61.9754181	-61.9504618	
20.9698	-62.0190513	-62.0028217	-61.9754181	-61.9504618	
20.97991	-62.0190513	-62.0028217	-61.9754181	-61.9504618	
20.99013	-62.0190513	-62.0028217	-61.9754181	-61.9504618	
21.0002	-62.0190513	-62.0028217	-61.9754181	-61.9504618	
21.01036	-62.0190513	-62.0028217	-61.9754181	-61.9504618	
21.0206	-62.0190513	-62.0028217	-61.9754181	-61.9504618	
21.0307	-62.0190513	-62.0028217	-61.9754181	-61.9504618	
21.04089	-62.0190513	-62.0028217	-61.9754181	-61.9504618	
21.05112	-62.0190513	-62.0028217	-61.9754181	-61.9504618	
21.07067	-62.0190513	-62.0028217	-61.9754181	-61.9504618	
21.07537	-62.0190513	-62.0028217	-61.9754181	-61.9504618	
21.08548	-62.0190513	-62.0028217	-61.9754181	-61.9504618	
21.09589	-62.0190513	-62.0028217	-61.9754181	-61.9504618	
21.10591	-62.0190513	-62.0028217	-61.9754181	-61.9504618	
21.11608	-62.0190513	-62.0028217	-61.9754181	-61.9504618	
21.12624	-62.0190513	-62.0028217	-61.9754181	-61.9504618	
21.13634	-62.0190513	-62.0028217	-61.9754181	-61.9504618	
21.14658	-62.0190513	-62.0028217	-61.9754181	-61.9504618	
21.15671	-62.0190513	-62.0028217	-61.9754181	-61.9504618	
21.16686	-62.0190513	-62.0028217	-61.9754181	-61.9504618	
21.17709	-62.0190513	-62.0028217	-61.9754181	-61.9504618	
21.18719	-62.0190513	-62.0028217	-61.9754181	-61.9504618	
21.19738	-62.0190513	-62.0028217	-61.9754181	-61.9504618	
21.20753	-62.0190513	-62.0028217	-61.9754181	-61.9504618	
21.21773	-62.0190513	-62.0028217	-61.9754181	-61.9504618	
21.22785	-62.0190513	-62.0028217	-61.9754181	-61.9504618	
21.23802	-62.0190513	-62.0028217	-61.9754181	-61.9504618	
21.24818	-62.0190513	-62.0028217	-61.9754181	-61.9504618	
21.25839	-62.0190513	-62.0028217	-61.9754181	-61.9504618	
21.26868	-62.0190513	-62.0028217	-61.9754181	-61.9504618	
21.27877	-62.0190513	-62.0028217	-61.9754181	-61.9504618	
21.28896	-62.0190513	-62.0028217	-61.9754181	-61.9504618	
21.29914	-62.0190513	-62.0028217	-61.9754181	-61.9504618	
21.30924	-62.0190513	-62.0028217	-61.9754181	-61.9504618	
21.31943	-62.0190513	-62.0028217	-61.9754181	-61.9504618	
21.32954	-62.0190513	-62.0028217	-61.9754181	-61.9504618	
21.33972	-62.0190513	-62.0028217	-61.9754181	-61.9504618	
21.34986	-62.0190513	-62.0028217	-61.9754181	-61.9504618	
21.36001	-62.0190513	-62.0028217	-61.9754181	-61.9504618	
21.37021	-62.0190513	-62.0028217	-61.9754181	-61.9504618	
21.38035	-62.0190513	-62.0028217	-61.9754181	-61.9504618	
21.39048	-62.0190513	-62.0028217	-61.9754181	-61.9504618	
21.40071	-62.0190513	-62.0028217	-61.9754181	-61.9504618	
21.4109	-62.0190513	-62.0028217	-61.9754181	-61.9504618	
21.421	-62.0190513	-62.0028217	-61.9754181	-61.9504618	
21.43128	-62.0190513	-62.0028217	-61.9754181	-61.9504618	
21.44137	-62.0190513	-62.0028217	-61.9754181	-61.9504618	
21.45151	-62.0190513	-62.0028217	-61.9754181	-61.9504618	
21.46165	-62.0190513	-62.0028217	-61.9754181	-61.9504618	
21.47183	-62.0190513	-62.0028217	-61.9754181	-61.9504618	
21.48199	-62.0190513	-62.0028217	-61.9754181	-61.9504618	
21.4921	-62.0190513	-62.0028217	-61.9754181	-61.9504618	
21.5042	-62.0190513	-62.0028217	-61.9754181	-61.9504618	
21.5124	-62.0190513	-62.0028217	-61.9754181	-61.9504618	
21.52271	-62.0190513	-62.0028217	-61.9754181	-61.9504618	
21.5328	-62.0190513	-62.0028217	-61.9754181	-61.9504618	
21.54301	-62.0190513	-62.0028217	-61.9754181	-61.9504618	
21.55322	-62.0190513	-62.0028217	-61.9754181	-61.9504618	
21.5634	-62.0190513	-62.0028217	-61.9754181	-61.9504618	
21.57352	-62.0190513	-62.0028217	-61.9754181	-61.9504618	
21.58369	-62.0190513	-62.0028217	-61.9754181	-61.9504618	
21.59392	-62.0190513	-62.0028217	-61.9754181	-61.9504618	
21.60404	-62.0190513	-62.0028217	-61.9754181	-61.9504618	
21.61422	-62.0190513	-62.0028217	-61.9754181	-61.9504618	
21.62438	-62.0190513	-62.0028217	-61.9754181	-61.9504618	
21.63454	-62.0190513	-62.0028217	-61.9754181	-61.9504618	
21.64471	-62.0190513	-62.0028217	-61.9754181	-61.9504618	
21.65486	-62.0190513	-62.0028217	-61.9754181	-61.9504618	
21.66516	-62.0190513	-62.0028217	-61.9754181	-61.9504618	
21.67528	-62.0190513	-62.0028217	-61.9754181	-61.9504618	
21.68535	-62.0190513	-62.0028217	-61.9754181	-61.9504618	
21.6956	-62.0190513	-62.0028217	-61.9754181	-61.9504618	
21.70577	-62.0190513	-62.0028217	-61.9754181	-61.9504618	
21.7159	-62.0190513	-62.0028217	-61.9754181	-61.9504618	
21.72607	-62.0190513	-62.0028217	-61.9754181	-61.9504618	
21.73624	-62.0190513	-62.0028217	-61.9754181	-61.9504618	
21.74645	-62.0190513	-62.0028217	-61.9754181	-61.9504618	
21.75662	-62.0190513	-62.0028217	-61.9754181	-61.9504618	
21.76679	-62.0190513	-62.0028217	-61.9754181	-61.9504618	
21.777	-62.0190513	-62.0028217	-61.9754181	-61.9504618	
21.78731	-62.0190513	-62.0028217	-61.9754181	-61.9504618	
21.79729	-62.0190513	-62.0028217	-61.9754181	-61.9504618	
21.80747	-62.0190513	-62.0028217	-61.9754181	-61.9504618	
21.81763	-62.0190513	-62.0028217	-61.9754181	-61.9504618	
21.82794	-62.0190513	-62.0028217	-61.9754181	-61.9504618	
21.83795	-62.0190513	-62.0028217	-61.9754181	-61.9504618	
21.84808	-62.0190513	-62.0028217	-61.9754181	-61.9504618	
21.86625	-62.0190513	-62.0028217	-61.9754181	-61.9504618	
21.87089	-62.0190513	-62.0028217	-61.9754181	-61.9504618	
21.88114	-62.0190513	-62.0028217	-61.9754181	-61.9504618	
21.89132	-62.0190513	-62.0028217	-61.9754181	-61.9504618	
21.90136	-62.0190513	-62.0028217	-61.9754181	-61.9504618	
21.91158	-62.0190513	-62.0028217	-61.9754181	-61.9504618	
21.92173	-62.0190513	-62.0028217	-61.9754181	-61.9504618	
21.93184	-62.0190513	-62.0028217	-61.9754181	-61.9504618	
21.94198	-62.0190513	-62.0028217	-61.9754181	-61.9504618	
21.9522	-62.0190513	-62.0028217	-61.9754181	-61.9504618	
21.96239	-62.0190513	-62.0028217	-61.9754181	-61.9504618	
21.97247	-62.0190513	-62.0028217	-61.9754181	-61.9504618	
21.98268	-62.0190513	-62.0028217	-61.9754181	-61.9504618	
21.99292	-62.0190513	-62.0028217	-61.9754181	-61.9504618	
22.00297	-62.0190513	-62.0028217	-61.9754181	-61.9504618	
22.01316	-62.0190513	-62.0028217	-61.9754181	-61.9504618	
22.02338	-62.0190513	-62.0028217	-61.9754181	-61.9504618	
22.03353	-62.0190513	-62.0028217	-61.9754181	-61.9504618	
22.0437	-62.0190513	-62.0028217	-61.9754181	-61.9504618	
22.05382	-62.0190513	-62.0028217	-61.9754181	-61.9504618	
22.06407	-62.0190513	-62.0028217	-61.9754181	-61.9504618	
22.08364	-62.0190513	-62.0028217	-61.9754181	-61.9504618	
22.0883	-62.0190513	-62.0028217	-61.9754181	-61.9504618	
22.09849	-62.0190513	-62.0028217	-61.9754181	-61.9504618	
22.10868	-62.0190513	-62.0028217	-61.9754181	-61.9504618	
22.11879	-62.0190513	-62.0028217	-61.9754181	-61.9504618	
22.12899	-62.0190513	-62.0028217	-61.9754181	-61.9504618	
22.13922	-62.0190513	-62.0028217	-61.9754181	-61.9504618	
22.14925	-62.0190513	-62.0028217	-61.9754181	-61.9504618	
22.15949	-62.0190513	-62.0028217	-61.9754181	-61.9504618	
22.17034	-62.0190513	-62.0028217	-61.9754181	-61.9504618	
22.17969	-62.0190513	-62.0028217	-61.9754181	-61.9504618	
22.19036	-62.0190513	-62.0028217	-61.9754181	-61.9504618	
22.20008	-62.0190513	-62.0028217	-61.9754181	-61.9504618	
22.2102	-62.0190513	-62.0028217	-61.9754181	-61.9504618	
22.22037	-62.0190513	-62.0028217	-61.9754181	-61.9504618	
22.2305	-62.0190513	-62.0028217	-61.9754181	-61.9504618	
22.24066	-62.0190513	-62.0028217	-61.9754181	-61.9504618	
22.25083	-62.0190513	-62.0028217	-61.9754181	-61.9504618	
22.26095	-62.0190513	-62.0028217	-61.9754181	-61.9504618	
22.27118	-62.0190513	-62.0028217	-61.9754181	-61.9504618	
22.2814	-62.0190513	-62.0028217	-61.9754181	-61.9504618	
22.29152	-62.0190513	-62.0028217	-61.9754181	-61.9504618	
22.3016	-62.0190513	-62.0028217	-61.9754181	-61.9504618	
22.31176	-62.0190513	-62.0028217	-61.9754181	-61.9504618	
22.32191	-62.0190513	-62.0028217	-61.9754181	-61.9504618	
22.33202	-62.0190513	-62.0028217	-61.9754181	-61.9504618	
22.35041	-62.0190513	-62.0028217	-61.9754181	-61.9504618	
22.35517	-62.0190513	-62.0028217	-61.9754181	-61.9504618	
22.36523	-62.0190513	-62.0028217	-61.9754181	-61.9504618	
22.37541	-62.0190513	-62.0028217	-61.9754181	-61.9504618	
22.38564	-62.0190513	-62.0028217	-61.9754181	-61.9504618	
22.39571	-62.0190513	-62.0028217	-61.9754181	-61.9504618	
22.40588	-62.0190513	-62.0028217	-61.9754181	-61.9504618	
22.41608	-62.0190513	-62.0028217	-61.9754181	-61.9504618	
22.42627	-62.0190513	-62.0028217	-61.9754181	-61.9504618	
22.43642	-62.0190513	-62.0028217	-61.9754181	-61.9504618	
22.44657	-62.0190513	-62.0028217	-61.9754181	-61.9504618	
22.45684	-62.0190513	-62.0028217	-61.9754181	-61.9504618	
22.46699	-62.0190513	-62.0028217	-61.9754181	-61.9504618	
22.47709	-62.0190513	-62.0028217	-61.9754181	-61.9504618	
22.48728	-62.0190513	-62.0028217	-61.9754181	-61.9504618	
22.4974	-62.0190513	-62.0028217	-61.9754181	-61.9504618	
22.50754	-62.0190513	-62.0028217	-61.9754181	-61.9504618	
22.51774	-62.0190513	-62.0028217	-61.9754181	-61.9504618	
22.52788	-62.0190513	-62.0028217	-61.9754181	-61.9504618	
22.53807	-62.0190513	-62.0028217	-61.9754181	-61.9504618	
22.54825	-62.0190513	-62.0028217	-61.9754181	-61.9504618	
22.55885	-62.0190513	-62.0028217	-61.9754181	-61.9504618	
22.56904	-62.0190513	-62.0028217	-61.9754181	-61.9504618	
22.57921	-62.0190513	-62.0028217	-61.9754181	-61.9504618	
22.58931	-62.0190513	-62.0028217	-61.9754181	-61.9504618	
22.59947	-62.0190513	-62.0028217	-61.9754181	-61.9504618	
22.60966	-62.0190513	-62.0028217	-61.9754181	-61.9504618	
22.61983	-62.0190513	-62.0028217	-61.9754181	-61.9504618	
22.62992	-62.0190513	-62.0028217	-61.9754181	-61.9504618	
22.64009	-62.0190513	-62.0028217	-61.9754181	-61.9504618	
22.65029	-62.0190513	-62.0028217	-61.9754181	-61.9504618	
22.66047	-62.0190513	-62.0028217	-61.9754181	-61.9504618	
22.67063	-62.0190513	-62.0028217	-61.9754181	-61.9504618	
22.6808	-62.0190513	-62.0028217	-61.9754181	-61.9504618	
22.69096	-62.0190513	-62.0028217	-61.9754181	-61.9504618	
22.70114	-62.0190513	-62.0028217	-61.9754181	-61.9504618	
22.71128	-62.0190513	-62.0028217	-61.9754181	-61.9504618	
22.72146	-62.0190513	-62.0028217	-61.9754181	-61.9504618	
22.73159	-62.0190513	-62.0028217	-61.9754181	-61.9504618	
22.7417	-62.0190513	-62.0028217	-61.9754181	-61.9504618	
22.75182	-62.0190513	-62.0028217	-61.9754181	-61.9504618	
22.76205	-62.0190513	-62.0028217	-61.9754181	-61.9504618	
22.77218	-62.0190513	-62.0028217	-61.9754181	-61.9504618	
22.78233	-62.0190513	-62.0028217	-61.9754181	-61.9504618	
22.79249	-62.0190513	-62.0028217	-61.9754181	-61.9504618	
22.80271	-62.0190513	-62.0028217	-61.9754181	-61.9504618	
22.81287	-62.0190513	-62.0028217	-61.9754181	-61.9504618	
22.82306	-62.0190513	-62.0028217	-61.9754181	-61.9504618	
22.83329	-62.0190513	-62.0028217	-61.9754181	-61.9504618	
22.84341	-62.0190513	-62.0028217	-61.9754181	-61.9504618	
22.85353	-62.0190513	-62.0028217	-61.9754181	-61.9504618	
22.86373	-62.0190513	-62.0028217	-61.9754181	-61.9504618	
22.87395	-62.0190513	-62.0028217	-61.9754181	-61.9504618	
22.88409	-62.0190513	-62.0028217	-61.9754181	-61.9504618	
22.8942	-62.0190513	-62.0028217	-61.9754181	-61.9504618	
22.90505	-62.0190513	-62.0028217	-61.9754181	-61.9504618	
22.91487	-62.0190513	-62.0028217	-61.9754181	-61.9504618	
22.92494	-62.0190513	-62.0028217	-61.9754181	-61.9504618	
22.93511	-62.0190513	-62.0028217	-61.9754181	-61.9504618	
22.94532	-62.0190513	-62.0028217	-61.9754181	-61.9504618	
22.95541	-62.0190513	-62.0028217	-61.9754181	-61.9504618	
22.96559	-62.0190513	-62.0028217	-61.9754181	-61.9504618	
22.97592	-62.0190513	-62.0028217	-61.9754181	-61.9504618	
22.98597	-62.0190513	-62.0028217	-61.9754181	-61.9504618	
22.9961	-62.0190513	-62.0028217	-61.9754181	-61.9504618	
23.00624	-62.0190513	-62.0028217	-61.9754181	-61.9504618	
23.0164	-62.0190513	-62.0028217	-61.9754181	-61.9504618	
23.02664	-62.0190513	-62.0028217	-61.9754181	-61.9504618	
23.03682	-62.0190513	-62.0028217	-61.9754181	-61.9504618	
23.04694	-62.0190513	-62.0028217	-61.9754181	-61.9504618	
23.0571	-62.0190513	-62.0028217	-61.9754181	-61.9504618	
23.06731	-62.0190513	-62.0028217	-61.9754181	-61.9504618	
23.0864	-62.0190513	-62.0028217	-61.9754181	-61.9504618	
23.09123	-62.0190513	-62.0028217	-61.9754181	-61.9504618	
23.10132	-62.0190513	-62.0028217	-61.9754181	-61.9504618	
23.11146	-62.0190513	-62.0028217	-61.9754181	-61.9504618	
23.12158	-62.0190513	-62.0028217	-61.9754181	-61.9504618	
23.13176	-62.0190513	-62.0028217	-61.9754181	-61.9504618	
23.1419	-62.0190513	-62.0028217	-61.9754181	-61.9504618	
23.15207	-62.0190513	-62.0028217	-61.9754181	-61.9504618	
23.16222	-62.0190513	-62.0028217	-61.9754181	-61.9504618	
23.1732	-62.0190513	-62.0028217	-61.9754181	-61.9504618	
23.18252	-62.0190513	-62.0028217	-61.9754181	-61.9504618	
23.20062	-62.0190513	-62.0028217	-61.9754181	-61.9504618	
23.20527	-62.0190513	-62.0028217	-61.9754181	-61.9504618	
23.21552	-62.0190513	-62.0028217	-61.9754181	-61.9504618	
23.22564	-62.0190513	-62.0028217	-61.9754181	-61.9504618	
23.23582	-62.0190513	-62.0028217	-61.9754181	-61.9504618	
23.24594	-62.0190513	-62.0028217	-61.9754181	-61.9504618	
23.25609	-62.0190513	-62.0028217	-61.9754181	-61.9504618	
23.26632	-62.0190513	-62.0028217	-61.9754181	-61.9504618	
23.27646	-62.0190513	-62.0028217	-61.9754181	-61.9504618	
23.2866	-62.0190513	-62.0028217	-61.9754181	-61.9504618	
23.29678	-62.0190513	-62.0028217	-61.9754181	-61.9504618	
23.30695	-62.0190513	-62.0028217	-61.9754181	-61.9504618	
23.31707	-62.0190513	-62.0028217	-61.9754181	-61.9504618	
23.32722	-62.0190513	-62.0028217	-61.9754181	-61.9504618	
23.33742	-62.0190513	-62.0028217	-61.9754181	-61.9504618	
23.3476	-62.0190513	-62.0028217	-61.9754181	-61.9504618	
23.35771	-62.0190513	-62.0028217	-61.9754181	-61.9504618	
23.36789	-62.0190513	-62.0028217	-61.9754181	-61.9504618	
23.37803	-62.0190513	-62.0028217	-61.9754181	-61.9504618	
23.38818	-62.0190513	-62.0028217	-61.9754181	-61.9504618	
23.3984	-62.0190513	-62.0028217	-61.9754181	-61.9504618	
23.40854	-62.0190513	-62.0028217	-61.9754181	-61.9504618	
23.41875	-62.0190513	-62.0028217	-61.9754181	-61.9504618	
23.42891	-62.0190513	-62.0028217	-61.9754181	-61.9504618	
23.43903	-62.0190513	-62.0028217	-61.9754181	-61.9504618	
23.4494	-62.0190513	-62.0028217	-61.9754181	-61.9504618	
23.45937	-62.0190513	-62.0028217	-61.9754181	-61.9504618	
23.46953	-62.0190513	-62.0028217	-61.9754181	-61.9504618	
23.47967	-62.0190513	-62.0028217	-61.9754181	-61.9504618	
23.48989	-62.0190513	-62.0028217	-61.9754181	-61.9504618	
23.50004	-62.0190513	-62.0028217	-61.9754181	-61.9504618	
23.51012	-62.0190513	-62.0028217	-61.9754181	-61.9504618	
23.52027	-62.0190513	-62.0028217	-61.9754181	-61.9504618	
23.53834	-62.0190513	-62.0028217	-61.9754181	-61.9504618	
23.54323	-62.0190513	-62.0028217	-61.9754181	-61.9504618	
23.55345	-62.0190513	-62.0028217	-61.9754181	-61.9504618	
23.56357	-62.0190513	-62.0028217	-61.9754181	-61.9504618	
23.57372	-62.0190513	-62.0028217	-61.9754181	-61.9504618	
23.58392	-62.0190513	-62.0028217	-61.9754181	-61.9504618	
23.59409	-62.0190513	-62.0028217	-61.9754181	-61.9504618	
23.60425	-62.0190513	-62.0028217	-61.9754181	-61.9504618	
23.61443	-62.0190513	-62.0028217	-61.9754181	-61.9504618	
23.62458	-62.0190513	-62.0028217	-61.9754181	-61.9504618	
23.63476	-62.0190513	-62.0028217	-61.9754181	-61.9504618	
23.64494	-62.0190513	-62.0028217	-61.9754181	-61.9504618	
23.65505	-62.0190513	-62.0028217	-61.9754181	-61.9504618	
23.66531	-62.0190513	-62.0028217	-61.9754181	-61.9504618	
23.67546	-62.0190513	-62.0028217	-61.9754181	-61.9504618	
23.68556	-62.0190513	-62.0028217	-61.9754181	-61.9504618	
23.69577	-62.0190513	-62.0028217	-61.9754181	-61.9504618	
23.70597	-62.0190513	-62.0028217	-61.9754181	-61.9504618	
23.7161	-62.0190513	-62.0028217	-61.9754181	-61.9504618	
23.72625	-62.0190513	-62.0028217	-61.9754181	-61.9504618	
23.73643	-62.0190513	-62.0028217	-61.9754181	-61.9504618	
23.74661	-62.0190513	-62.0028217	-61.9754181	-61.9504618	
23.75676	-62.0190513	-62.0028217	-61.9754181	-61.9504618	
23.7669	-62.0190513	-62.0028217	-61.9754181	-61.9504618	
23.77713	-62.0190513	-62.0028217	-61.9754181	-61.9504618	
23.78737	-62.0190513	-62.0028217	-61.9754181	-61.9504618	
23.79735	-62.0190513	-62.0028217	-61.9754181	-61.9504618	
23.80758	-62.0190513	-62.0028217	-61.9754181	-61.9504618	
23.81778	-62.0190513	-62.0028217	-61.9754181	-61.9504618	
23.82786	-62.0190513	-62.0028217	-61.9754181	-61.9504618	
23.83803	-62.0190513	-62.0028217	-61.9754181	-61.9504618	
23.84823	-62.0190513	-62.0028217	-61.9754181	-61.9504618	
23.85837	-62.0190513	-62.0028217	-61.9754181	-61.9504618	
23.8686	-62.0190513	-62.0028217	-61.9754181	-61.9504618	
23.87874	-62.0190513	-62.0028217	-61.9754181	-61.9504618	
23.88895	-62.0190513	-62.0028217	-61.9754181	-61.9504618	
23.89911	-62.0190513	-62.0028217	-61.9754181	-61.9504618	
23.90922	-62.0190513	-62.0028217	-61.9754181	-61.9504618	
23.9194	-62.0190513	-62.0028217	-61.9754181	-61.9504618	
23.92955	-62.0190513	-62.0028217	-61.9754181	-61.9504618	
23.93972	-62.0190513	-62.0028217	-61.9754181	-61.9504618	
23.94986	-62.0190513	-62.0028217	-61.9754181	-61.9504618	
23.96003	-62.0190513	-62.0028217	-61.9754181	-61.9504618	
23.97022	-62.0190513	-62.0028217	-61.9754181	-61.9504618	
23.98032	-62.0190513	-62.0028217	-61.9754181	-61.9504618	
23.99051	-62.0190513	-62.0028217	-61.9754181	-61.9504618	
24.00061	-62.0190513	-62.0028217	-61.9754181	-61.9504618	
24.01079	-62.0190513	-62.0028217	-61.9754181	-61.9504618	
24.02101	-62.0190513	-62.0028217	-61.9754181	-61.9504618	
24.03121	-62.0190513	-62.0028217	-61.9754181	-61.9504618	
24.04134	-62.0190513	-62.0028217	-61.9754181	-61.9504618	
24.05147	-62.0190513	-62.0028217	-61.9754181	-61.9504618	
24.06163	-62.0190513	-62.0028217	-61.9754181	-61.9504618	
24.07177	-62.0190513	-62.0028217	-61.9754181	-61.9504618	
24.08195	-62.0190513	-62.0028217	-61.9754181	-61.9504618	
24.09206	-62.0190513	-62.0028217	-61.9754181	-61.9504618	
24.1022	-62.0190513	-62.0028217	-61.9754181	-61.9504618	
24.11236	-62.0190513	-62.0028217	-61.9754181	-61.9504618	
24.12266	-62.0190513	-62.0028217	-61.9754181	-61.9504618	
24.14069	-62.0190513	-62.0028217	-61.9754181	-61.9504618	
24.14536	-62.0190513	-62.0028217	-61.9754181	-61.9504618	
24.15553	-62.0190513	-62.0028217	-61.9754181	-61.9504618	
24.16564	-62.0190513	-62.0028217	-61.9754181	-61.9504618	
24.1765	-62.0190513	-62.0028217	-61.9754181	-61.9504618	
24.18596	-62.0190513	-62.0028217	-61.9754181	-61.9504618	
24.19605	-62.0190513	-62.0028217	-61.9754181	-61.9504618	
24.2062	-62.0190513	-62.0028217	-61.9754181	-61.9504618	
24.21646	-62.0190513	-62.0028217	-61.9754181	-61.9504618	
24.22667	-62.0190513	-62.0028217	-61.9754181	-61.9504618	
24.23673	-62.0190513	-62.0028217	-61.9754181	-61.9504618	
24.24689	-62.0190513	-62.0028217	-61.9754181	-61.9504618	
24.2571	-62.0190513	-62.0028217	-61.9754181	-61.9504618	
24.26725	-62.0190513	-62.0028217	-61.9754181	-61.9504618	
24.27738	-62.0190513	-62.0028217	-61.9754181	-61.9504618	
24.28753	-62.0190513	-62.0028217	-61.9754181	-61.9504618	
24.29769	-62.0190513	-62.0028217	-61.9754181	-61.9504618	
24.30788	-62.0190513	-62.0028217	-61.9754181	-61.9504618	
24.318	-62.0190513	-62.0028217	-61.9754181	-61.9504618	
24.32817	-62.0190513	-62.0028217	-61.9754181	-61.9504618	
24.33836	-62.0190513	-62.0028217	-61.9754181	-61.9504618	
24.34857	-62.0190513	-62.0028217	-61.9754181	-61.9504618	
24.35867	-62.0190513	-62.0028217	-61.9754181	-61.9504618	
24.36886	-62.0190513	-62.0028217	-61.9754181	-61.9504618	
24.37903	-62.0190513	-62.0028217	-61.9754181	-61.9504618	
24.3892	-62.0190513	-62.0028217	-61.9754181	-61.9504618	
24.39929	-62.0190513	-62.0028217	-61.9754181	-61.9504618	
24.40954	-62.0190513	-62.0028217	-61.9754181	-61.9504618	
24.4196	-62.0190513	-62.0028217	-61.9754181	-61.9504618	
24.4298	-62.0190513	-62.0028217	-61.9754181	-61.9504618	
24.44005	-62.0190513	-62.0028217	-61.9754181	-61.9504618	
24.45012	-62.0190513	-62.0028217	-61.9754181	-61.9504618	
24.46023	-62.0190513	-62.0028217	-61.9754181	-61.9504618	
24.47038	-62.0190513	-62.0028217	-61.9754181	-61.9504618	
24.48057	-62.0190513	-62.0028217	-61.9754181	-61.9504618	
24.49078	-62.0190513	-62.0028217	-61.9754181	-61.9504618	
24.50091	-62.0190513	-62.0028217	-61.9754181	-61.9504618	
24.51102	-62.0190513	-62.0028217	-61.9754181	-61.9504618	
24.52131	-62.0190513	-62.0028217	-61.9754181	-61.9504618	
24.53181	-62.0190513	-62.0028217	-61.9754181	-61.9504618	
24.54169	-62.0190513	-62.0028217	-61.9754181	-61.9504618	
24.55168	-62.0190513	-62.0028217	-61.9754181	-61.9504618	
24.56189	-62.0190513	-62.0028217	-61.9754181	-61.9504618	
24.57198	-62.0190513	-62.0028217	-61.9754181	-61.9504618	
24.58214	-62.0190513	-62.0028217	-61.9754181	-61.9504618	
24.59231	-62.0190513	-62.0028217	-61.9754181	-61.9504618	
24.60249	-62.0190513	-62.0028217	-61.9754181	-61.9504618	
24.61282	-62.0190513	-62.0028217	-61.9754181	-61.9504618	
24.62285	-62.0190513	-62.0028217	-61.9754181	-61.9504618	
24.63352	-62.0190513	-62.0028217	-61.9754181	-61.9504618	
24.64367	-62.0190513	-62.0028217	-61.9754181	-61.9504618	
24.65372	-62.0190513	-62.0028217	-61.9754181	-61.9504618	
24.66393	-62.0190513	-62.0028217	-61.9754181	-61.9504618	
24.67413	-62.0190513	-62.0028217	-61.9754181	-61.9504618	
24.68425	-62.0190513	-62.0028217	-61.9754181	-61.9504618	
24.69441	-62.0190513	-62.0028217	-61.9754181	-61.9504618	
24.70459	-62.0190513	-62.0028217	-61.9754181	-61.9504618	
24.71482	-62.0190513	-62.0028217	-61.9754181	-61.9504618	
24.72503	-62.0190513	-62.0028217	-61.9754181	-61.9504618	
24.73515	-62.0190513	-62.0028217	-61.9754181	-61.9504618	
24.74534	-62.0190513	-62.0028217	-61.9754181	-61.9504618	
24.75551	-62.0190513	-62.0028217	-61.9754181	-61.9504618	
24.76564	-62.0190513	-62.0028217	-61.9754181	-61.9504618	
24.77583	-62.0190513	-62.0028217	-61.9754181	-61.9504618	
24.78598	-62.0190513	-62.0028217	-61.9754181	-61.9504618	
24.79612	-62.0190513	-62.0028217	-61.9754181	-61.9504618	
24.8063	-62.0190513	-62.0028217	-61.9754181	-61.9591884	
24.81647	-62.0190513	-62.0028217	-61.9754181	-61.9591884	
24.82668	-62.0190513	-62.0028217	-61.9754181	-61.9504618	
24.83679	-62.0190513	-62.0028217	-61.9754181	-61.9504618	
24.84693	-62.0190513	-62.0028217	-61.9754181	-61.9504618	
24.8573	-62.0190513	-62.0028217	-61.9754181	-61.9504618	
24.86753	-62.0190513	-62.0028217	-61.9754181	-61.9504618	
24.8776	-62.0190513	-62.0028217	-61.9754181	-61.9591884	
24.88781	-62.0190513	-62.0028217	-61.9754181	-61.9591884	
24.89793	-62.0190513	-62.0028217	-61.9754181	-61.9504618	
24.90808	-62.0190513	-62.0028217	-61.9754181	-61.9504618	
24.91826	-62.0190513	-62.0028217	-61.9754181	-61.9504618	
24.92842	-62.0190513	-62.0028217	-61.9754181	-61.9504618	
24.93868	-62.0190513	-62.0028217	-61.9754181	-61.9504618	
24.94878	-62.0190513	-62.0028217	-61.9754181	-61.9591884	
24.95899	-62.0190513	-62.0028217	-61.9754181	-61.9591884	
24.96917	-62.0190513	-62.0028217	-61.9754181	-61.9504618	
24.97928	-62.0190513	-62.0028217	-61.9754181	-61.9504618	
24.98941	-62.0190513	-62.0028217	-61.9754181	-61.9504618	
24.99955	-62.0190513	-62.0028217	-61.9754181	-61.9504618	
25.00972	-62.0190513	-62.0028217	-61.9754181	-61.9504618	
25.01993	-62.0190513	-62.0028217	-61.9754181	-61.9591884	
25.03043	-62.0190513	-62.0028217	-61.9754181	-61.9591884	
25.0402	-62.0190513	-62.0028217	-61.9754181	-61.9504618	
25.05033	-62.0190513	-62.0028217	-61.9754181	-61.9504618	
25.06049	-62.0190513	-62.0028217	-61.9754181	-61.9504618	
25.07071	-62.0190513	-62.0028217	-61.9754181	-61.9504618	
25.08235	-62.0190513	-62.0028217	-61.9754181	-61.9504618	
25.09098	-62.0190513	-62.0028217	-61.9754181	-61.9591884	
25.10917	-62.0190513	-62.0028217	-61.9754181	-61.9591884	
25.11385	-62.0190513	-62.0028217	-61.9754181	-61.9504618	
25.12399	-62.0190513	-62.0028217	-61.9754181	-61.9504618	
25.13415	-62.0190513	-62.0028217	-61.9754181	-61.9504618	
25.14431	-62.0190513	-62.0028217	-61.9754181	-61.9504618	
25.15445	-62.0190513	-62.0028217	-61.9754181	-61.9504618	
25.1647	-62.0190513	-62.0028217	-61.9754181	-61.9591884	
25.17561	-62.0190513	-62.0028217	-61.9754181	-61.9591884	
25.18499	-62.0190513	-62.0028217	-61.9754181	-61.9591884	
25.19515	-62.0190513	-62.0028217	-61.9754181	-61.9504618	
25.20523	-62.0190513	-62.0028217	-61.9754181	-61.9504618	
25.21541	-62.0190513	-62.0028217	-61.9754181	-61.9504618	
25.22561	-62.0190513	-62.0028217	-61.9754181	-61.9504618	
25.23575	-62.0190513	-62.0028217	-61.9754181	-61.9591884	
25.24587	-62.0190513	-62.0028217	-61.9754181	-61.9591884	
25.25633	-62.0190513	-62.0028217	-61.9754181	-61.9591884	
25.26661	-62.0190513	-62.0028217	-61.9754181	-61.9504618	
25.28518	-62.0190513	-62.0028217	-61.9754181	-61.9504618	
25.29023	-62.0190513	-62.0028217	-61.9754181	-61.9504618	
25.30032	-62.0190513	-62.0028217	-61.9754181	-61.9504618	
25.31062	-62.0190513	-62.0028217	-61.9754181	-61.9591884	
25.32077	-62.0190513	-62.0028217	-61.9754181	-61.9591884	
25.33107	-62.0190513	-62.0028217	-61.9754181	-61.9591884	
25.34172	-62.0190513	-62.0028217	-61.9754181	-61.9504618	
25.35158	-62.0190513	-62.0028217	-61.9754181	-61.9504618	
25.36184	-62.0190513	-62.0028217	-61.9754181	-61.9591884	
25.3719	-62.0190513	-62.0028217	-61.9754181	-61.9591884	
25.38211	-62.0190513	-62.0028217	-61.9754181	-61.9591884	
25.39237	-62.0190513	-62.0028217	-61.9754181	-61.9679151	
25.40262	-62.0190513	-62.0028217	-61.9754181	-61.9766417	
25.42145	-62.0190513	-62.0028217	-61.9754181	-61.9766417	
25.42634	-62.0190513	-62.0028217	-61.9754181	-61.9766417	
25.43659	-62.0190513	-62.0028217	-61.9754181	-61.9853684	
25.44682	-62.0190513	-62.0028217	-61.9754181	-61.9853684	
25.45709	-62.0190513	-62.0028217	-61.9754181	-61.994095	
25.48397	-62.0190513	-62.0028217	-61.9754181	-61.994095	
25.48889	-62.0190513	-62.0028217	-61.9754181	-61.994095	
25.49921	-62.0190513	-62.0028217	-61.9754181	-61.994095	
25.50943	-62.0190513	-62.0028217	-61.9754181	-61.994095	
25.51966	-62.0190513	-62.0028217	-61.9754181	-61.994095	
25.53003	-62.0190513	-62.0028217	-61.9754181	-61.994095	
25.54019	-62.0190513	-62.0028217	-61.9754181	-61.994095	
25.55036	-62.0190513	-62.0028217	-61.9754181	-61.994095	
25.56056	-62.0190513	-62.0028217	-61.9754181	-61.994095	
25.57091	-62.0190513	-62.0028217	-61.9754181	-61.994095	
25.58109	-62.0190513	-62.0028217	-61.9754181	-61.994095	
25.59141	-62.0190513	-62.0028217	-61.9754181	-61.994095	
25.60161	-62.0190513	-62.0028217	-61.9754181	-61.994095	
25.61186	-62.0190513	-62.0028217	-61.9754181	-61.994095	
25.622	-62.0190513	-62.0028217	-61.9754181	-61.994095	
25.63227	-62.0190513	-62.0028217	-61.9754181	-61.994095	
25.64251	-62.0190513	-62.0028217	-61.9754181	-61.994095	
25.65268	-62.0190513	-62.0028217	-61.9754181	-61.994095	
25.6714	-62.0190513	-62.0028217	-61.9754181	-61.994095	
25.67628	-62.0190513	-62.0028217	-61.9754181	-61.994095	
25.68652	-62.0190513	-62.0028217	-61.9754181	-61.994095	
25.69675	-62.0190513	-62.0028217	-61.9754181	-61.994095	
25.7155	-62.0190513	-62.0028217	-61.9754181	-61.994095	
25.72041	-62.0190513	-62.0028217	-61.9754181	-61.994095	
25.73064	-62.0190513	-62.0028217	-61.9754181	-61.994095	
25.74927	-62.0190513	-62.0028217	-61.9754181	-61.994095	
25.75421	-62.0190513	-62.0028217	-61.9754181	-61.994095	
25.76439	-62.0190513	-62.0028217	-61.9754181	-61.994095	
25.77467	-62.0190513	-62.0028217	-61.9754181	-61.994095	
25.78484	-62.0190513	-62.0028217	-61.9754181	-61.994095	
25.79514	-62.0190513	-62.0028217	-61.9754181	-61.994095	
25.80543	-62.0190513	-62.0028217	-61.9754181	-61.994095	
25.81564	-62.0190513	-62.0028217	-61.9754181	-61.994095	
25.82596	-62.0190513	-62.0028217	-61.9754181	-61.994095	
25.83614	-62.0190513	-62.0028217	-61.9754181	-61.994095	
25.84631	-62.0190513	-62.0028217	-61.9754181	-61.994095	
25.85661	-62.0190513	-62.0028217	-61.9754181	-61.994095	
25.8669	-62.0190513	-62.0028217	-61.9754181	-61.994095	
25.87712	-62.0190513	-62.0028217	-61.9754181	-61.994095	
25.88733	-62.0190513	-62.0028217	-61.9754181	-61.994095	
25.89763	-62.0190513	-62.0028217	-61.9754181	-61.994095	
25.90784	-62.0190513	-62.0028217	-61.9754181	-61.994095	
25.91801	-62.0190513	-62.0028217	-61.9754181	-61.994095	
25.92825	-62.0190513	-62.0028217	-61.9754181	-61.994095	
25.93852	-62.0190513	-62.0028217	-61.9754181	-61.994095	
25.94874	-62.0190513	-62.0028217	-61.9754181	-61.994095	
25.95891	-62.0190513	-62.0028217	-61.9754181	-61.994095	
25.96918	-62.0190513	-62.0028217	-61.9754181	-61.994095	
25.97942	-62.0190513	-62.0028217	-61.9754181	-61.994095	
25.98956	-62.0190513	-62.0028217	-61.9754181	-61.994095	
25.99991	-62.0190513	-62.0028217	-61.9754181	-61.994095	
26.00999	-62.0190513	-62.0028217	-61.9754181	-61.994095	
26.0202	-62.0190513	-62.0028217	-61.9754181	-61.994095	
26.03048	-62.0190513	-62.0028217	-61.9754181	-61.994095	
26.04078	-62.0190513	-62.0028217	-61.9754181	-61.994095	
26.05108	-62.0190513	-62.0028217	-61.9754181	-61.994095	
26.06133	-62.0190513	-62.0028217	-61.9754181	-61.994095	
26.0715	-62.0190513	-62.0028217	-61.9754181	-61.994095	
26.08202	-62.0190513	-62.0028217	-61.9754181	-61.994095	
26.09197	-62.0190513	-62.0028217	-61.9754181	-61.994095	
26.10213	-62.0190513	-62.0028217	-61.9754181	-61.994095	
26.11241	-62.0190513	-62.0028217	-61.9754181	-61.994095	
26.12264	-62.0190513	-62.0028217	-61.9754181	-61.994095	
26.14153	-62.0190513	-62.0028217	-61.9754181	-61.994095	
26.14643	-62.0190513	-62.0028217	-61.9754181	-61.994095	
26.15664	-62.0190513	-62.0028217	-61.9754181	-61.994095	
26.16684	-62.0190513	-62.0028217	-61.9754181	-61.994095	
26.17713	-62.0190513	-62.0028217	-61.9754181	-61.994095	
26.18731	-62.0190513	-62.0028217	-61.9754181	-61.994095	
26.19746	-62.0190513	-62.0028217	-61.9754181	-61.994095	
26.20776	-62.0190513	-62.0028217	-61.9754181	-61.994095	
26.21803	-62.0190513	-62.0028217	-61.9754181	-61.994095	
26.22821	-62.0190513	-62.0028217	-61.9754181	-61.994095	
26.23852	-62.0190513	-62.0028217	-61.9754181	-61.994095	
26.24883	-62.0190513	-62.0028217	-61.9754181	-61.994095	
26.25905	-62.0190513	-62.0028217	-61.9754181	-61.994095	
26.26925	-62.0190513	-62.0028217	-61.9754181	-61.994095	
26.27935	-62.0190513	-62.0028217	-61.9754181	-61.994095	
26.2897	-62.0190513	-62.0028217	-61.9754181	-61.994095	
26.29998	-62.0190513	-62.0028217	-61.9754181	-61.994095	
26.31015	-62.0190513	-62.0028217	-61.9754181	-61.994095	
26.3204	-62.0190513	-62.0028217	-61.9754181	-61.994095	
26.33062	-62.0190513	-62.0028217	-61.9754181	-61.994095	
26.34085	-62.0190513	-62.0028217	-61.9754181	-61.994095	
26.35102	-62.0190513	-62.0028217	-61.9754181	-61.994095	
26.36992	-62.0190513	-62.0028217	-61.9754181	-61.994095	
26.37485	-62.0190513	-62.0028217	-61.9754181	-61.994095	
26.38512	-62.0190513	-62.0028217	-61.9754181	-61.994095	
26.39539	-62.0190513	-62.0028217	-61.9754181	-61.994095	
26.40558	-62.0190513	-62.0028217	-61.9754181	-61.994095	
26.41583	-62.0190513	-62.0028217	-61.9754181	-61.994095	
26.42604	-62.0190513	-62.0028217	-61.9754181	-61.994095	
26.43629	-62.0190513	-62.0028217	-61.9754181	-61.994095	
26.44643	-62.0190513	-62.0028217	-61.9754181	-61.994095	
26.45666	-62.0190513	-62.0028217	-61.9754181	-61.994095	
26.48391	-62.0190513	-62.0028217	-61.9754181	-61.994095	
26.48883	-62.0190513	-62.0028217	-61.9754181	-61.994095	
26.50721	-62.0190513	-62.0028217	-61.9754181	-61.994095	
26.51212	-62.0190513	-62.0028217	-61.9754181	-61.994095	
26.52238	-62.0190513	-62.0028217	-61.9754181	-61.994095	
26.53258	-62.0190513	-62.0028217	-61.9754181	-61.994095	
26.55135	-62.0190513	-62.0028217	-61.9754181	-61.994095	
26.55625	-62.0190513	-62.0028217	-61.9754181	-61.994095	
26.56647	-62.0190513	-62.0028217	-61.9754181	-61.994095	
26.57667	-62.0190513	-62.0028217	-61.9754181	-61.994095	
26.58704	-62.0190513	-62.0028217	-61.9754181	-61.994095	
26.60036	-62.0190513	-62.0028217	-61.9754181	-61.994095	
26.60715	-62.0190513	-62.0028217	-61.9754181	-61.994095	
26.61738	-62.0190513	-62.0028217	-61.9754181	-61.994095	
26.62749	-62.0190513	-62.0028217	-61.9754181	-61.994095	
26.63761	-62.0190513	-62.0028217	-61.9754181	-61.994095	
26.64773	-62.0190513	-62.0028217	-61.9754181	-61.994095	
26.65793	-62.0190513	-62.0028217	-61.9754181	-61.994095	
26.66811	-62.0190513	-62.0028217	-61.9754181	-61.994095	
26.67821	-62.0190513	-62.0028217	-61.9754181	-61.994095	
26.68842	-62.0190513	-62.0028217	-61.9754181	-61.994095	
26.6986	-62.0190513	-62.0028217	-61.9754181	-61.994095	
26.70877	-62.0190513	-62.0028217	-61.9754181	-61.994095	
26.71892	-62.0190513	-62.0028217	-61.9754181	-61.994095	
26.72904	-62.0190513	-62.0028217	-61.9754181	-61.994095	
26.7393	-62.0190513	-62.0028217	-61.9754181	-61.994095	
26.7494	-62.0190513	-62.0028217	-61.9754181	-61.994095	
26.7595	-62.0190513	-62.0028217	-61.9754181	-61.994095	
26.76982	-62.0190513	-62.0028217	-61.9754181	-61.994095	
26.7799	-62.0190513	-62.0028217	-61.9754181	-61.994095	
26.79004	-62.0190513	-62.0028217	-61.9754181	-61.994095	
26.80019	-62.0190513	-62.0028217	-61.9754181	-61.994095	
26.81038	-62.0190513	-62.0028217	-61.9754181	-61.994095	
26.8205	-62.0190513	-62.0028217	-61.9754181	-61.994095	
26.83064	-62.0190513	-62.0028217	-61.9754181	-61.994095	
26.84084	-62.0190513	-62.0028217	-61.9754181	-61.994095	
26.85101	-62.0190513	-62.0028217	-61.9754181	-61.994095	
26.86923	-62.0190513	-62.0028217	-61.9754181	-61.994095	
26.8739	-62.0190513	-62.0028217	-61.9754181	-61.994095	
26.88406	-62.0190513	-62.0028217	-61.9754181	-61.994095	
26.89415	-62.0190513	-62.0028217	-61.9754181	-61.994095	
26.91306	-62.0190513	-62.0028217	-61.9754181	-61.994095	
26.91777	-62.0190513	-62.0028217	-61.9754181	-61.994095	
26.92795	-62.0190513	-62.0028217	-61.9754181	-61.994095	
26.93809	-62.0190513	-62.0028217	-61.9754181	-61.994095	
26.94831	-62.0190513	-62.0028217	-61.9754181	-61.994095	
26.95843	-62.0190513	-62.0028217	-61.9754181	-61.994095	
26.96858	-62.0190513	-62.0028217	-61.9754181	-61.994095	
26.97879	-62.0190513	-62.0028217	-61.9754181	-61.994095	
26.98895	-62.0190513	-62.0028217	-61.9754181	-61.994095	
26.99905	-62.0190513	-62.0028217	-61.9754181	-61.994095	
27.00919	-62.0190513	-62.0028217	-61.9754181	-61.994095	
27.01938	-62.0190513	-62.0028217	-61.9754181	-61.994095	
27.02951	-62.0190513	-62.0028217	-61.9754181	-61.994095	
27.03968	-62.0190513	-62.0028217	-61.9754181	-61.994095	
27.05006	-62.0190513	-62.0028217	-61.9754181	-61.994095	
27.06012	-62.0190513	-62.0028217	-61.9754181	-61.994095	
27.07017	-62.0190513	-62.0028217	-61.9754181	-61.994095	
27.08033	-62.0190513	-62.0028217	-61.9754181	-61.994095	
27.09049	-62.0190513	-62.0028217	-61.9754181	-61.994095	
27.10062	-62.0190513	-62.0028217	-61.9754181	-61.994095	
27.11076	-62.0190513	-62.0028217	-61.9754181	-61.994095	
27.12092	-62.0190513	-62.0028217	-61.9754181	-61.994095	
27.13119	-62.0190513	-62.0028217	-61.9754181	-61.994095	
27.14134	-62.0190513	-62.0028217	-61.9754181	-61.994095	
27.15144	-62.0190513	-62.0028217	-61.9754181	-61.994095	
27.16163	-62.0190513	-62.0028217	-61.9754181	-61.994095	
27.17176	-62.0190513	-62.0028217	-61.9754181	-61.994095	
27.18208	-62.0190513	-62.0028217	-61.9754181	-61.994095	
27.19206	-62.0190513	-62.0028217	-61.9754181	-61.994095	
27.20221	-62.0190513	-62.0028217	-61.9754181	-61.994095	
27.21236	-62.0190513	-62.0028217	-61.9754181	-61.994095	
27.22253	-62.0190513	-62.0028217	-61.9754181	-61.994095	
27.23275	-62.0190513	-62.0028217	-61.9754181	-61.994095	
27.24296	-62.0190513	-62.0028217	-61.9754181	-61.994095	
27.25304	-62.0190513	-62.0028217	-61.9754181	-61.994095	
27.26325	-62.0190513	-62.0028217	-61.9754181	-61.994095	
27.27349	-62.0190513	-62.0028217	-61.9754181	-61.994095	
27.28358	-62.0190513	-62.0028217	-61.9754181	-61.994095	
27.29372	-62.0190513	-62.0028217	-61.9754181	-61.994095	
27.30388	-62.0190513	-62.0028217	-61.9754181	-61.994095	
27.31406	-62.0190513	-62.0028217	-61.9754181	-61.994095	
27.32421	-62.0190513	-62.0028217	-61.9754181	-61.994095	
27.33437	-62.0190513	-62.0028217	-61.9754181	-61.994095	
27.34454	-62.0190513	-62.0028217	-61.9754181	-61.994095	
27.35473	-62.0190513	-62.0028217	-61.9754181	-61.994095	
27.37281	-62.0190513	-62.0028217	-61.9754181	-61.994095	
27.37754	-62.0190513	-62.0028217	-61.9754181	-61.994095	
27.38761	-62.0190513	-62.0028217	-61.9754181	-61.994095	
27.39777	-62.0190513	-62.0028217	-61.9754181	-61.994095	
27.40791	-62.0190513	-62.0028217	-61.9754181	-61.994095	
27.41811	-62.0190513	-62.0028217	-61.9754181	-61.994095	
27.42825	-62.0190513	-62.0028217	-61.9754181	-61.994095	
27.43848	-62.0190513	-62.0028217	-61.9754181	-61.994095	
27.44867	-62.0190513	-62.0028217	-61.9754181	-61.994095	
27.45891	-62.0190513	-62.0028217	-61.9754181	-61.994095	
27.4691	-62.0190513	-62.0028217	-61.9754181	-61.994095	
27.47922	-62.0190513	-62.0028217	-61.9754181	-61.994095	
27.48945	-62.0190513	-62.0028217	-61.9754181	-61.994095	
27.49954	-62.0190513	-62.0028217	-61.9754181	-61.994095	
27.50965	-62.0190513	-62.0028217	-61.9754181	-61.994095	
27.51986	-62.0190513	-62.0028217	-61.9754181	-61.994095	
27.53004	-62.0190513	-62.0028217	-61.9754181	-61.994095	
27.54017	-62.0190513	-62.0028217	-61.9754181	-61.994095	
27.55036	-62.0190513	-62.0028217	-61.9754181	-61.994095	
27.56051	-62.0190513	-62.0028217	-61.9754181	-61.994095	
27.57069	-62.0190513	-62.0028217	-61.9754181	-61.994095	
27.58082	-62.0190513	-62.0028217	-61.9754181	-61.994095	
27.59099	-62.0190513	-62.0028217	-61.9754181	-61.994095	
27.60117	-62.0190513	-62.0028217	-61.9754181	-61.994095	
27.61185	-62.0190513	-62.0028217	-61.9754181	-61.994095	
27.62152	-62.0190513	-62.0028217	-61.9754181	-61.994095	
27.63162	-62.0190513	-62.0028217	-61.9754181	-61.994095	
27.64189	-62.0190513	-62.0028217	-61.9754181	-61.994095	
27.65193	-62.0190513	-62.0028217	-61.9754181	-61.994095	
27.66216	-62.0190513	-62.0028217	-61.9754181	-61.994095	
27.67228	-62.0190513	-62.0028217	-61.9754181	-61.994095	
27.68249	-62.0190513	-62.0028217	-61.9754181	-61.994095	
27.69265	-62.0190513	-62.0028217	-61.9754181	-61.994095	
27.70279	-62.0190513	-62.0028217	-61.9754181	-61.994095	
27.71295	-62.0190513	-62.0028217	-61.9754181	-61.994095	
27.72314	-62.0190513	-62.0028217	-61.9754181	-61.994095	
27.73334	-62.0190513	-62.0028217	-61.9754181	-61.994095	
27.74345	-62.0190513	-62.0028217	-61.9754181	-61.994095	
27.75361	-62.0190513	-62.0028217	-61.9754181	-61.994095	
27.76386	-62.0190513	-62.0028217	-61.9754181	-61.994095	
27.77391	-62.0190513	-62.0028217	-61.9754181	-61.994095	
27.78417	-62.0190513	-62.0028217	-61.9754181	-61.994095	
27.79445	-62.0190513	-62.0028217	-61.9754181	-61.994095	
27.80458	-62.0190513	-62.0028217	-61.9754181	-61.994095	
27.81473	-62.0190513	-62.0028217	-61.9754181	-61.994095	
27.82494	-62.0190513	-62.0028217	-61.9754181	-61.994095	
27.83515	-62.0190513	-62.0028217	-61.9754181	-61.994095	
27.84534	-62.0190513	-62.0028217	-61.9754181	-61.994095	
27.85538	-62.0190513	-62.0028217	-61.9754181	-61.994095	
27.86566	-62.0190513	-62.0028217	-61.9754181	-61.994095	
27.87585	-62.0190513	-62.0028217	-61.9754181	-61.994095	
27.89418	-62.0190513	-62.0028217	-61.9754181	-61.994095	
27.89886	-62.0190513	-62.0028217	-61.9754181	-61.994095	
27.90903	-62.0190513	-62.0028217	-61.9754181	-61.994095	
27.91915	-62.0190513	-62.0028217	-61.9754181	-61.994095	
27.92928	-62.0190513	-62.0028217	-61.9754181	-61.994095	
27.93954	-62.0190513	-62.0028217	-61.9754181	-61.994095	
27.94962	-62.0190513	-62.0028217	-61.9754181	-61.994095	
27.95984	-62.0190513	-62.0028217	-61.9754181	-61.994095	
27.97006	-62.0190513	-62.0028217	-61.9754181	-61.994095	
27.98042	-62.0190513	-62.0028217	-61.9754181	-61.994095	
27.99024	-62.0190513	-62.0028217	-61.9754181	-61.994095	
28.00042	-62.0190513	-62.0028217	-61.9754181	-61.994095	
28.01055	-62.0190513	-62.0028217	-61.9754181	-61.994095	
28.02071	-62.0190513	-62.0028217	-61.9754181	-61.994095	
28.03085	-62.0190513	-62.0028217	-61.9754181	-61.994095	
28.04102	-62.0190513	-62.0028217	-61.9754181	-61.994095	
28.05124	-62.0190513	-62.0028217	-61.9754181	-61.994095	
28.06143	-62.0190513	-62.0028217	-61.9754181	-61.994095	
28.07157	-62.0190513	-62.0028217	-61.9754181	-61.994095	
28.0817	-62.0190513	-62.0028217	-61.9754181	-61.994095	
28.09246	-62.0190513	-62.0028217	-61.9754181	-61.994095	
28.10231	-62.0190513	-62.0028217	-61.9754181	-61.994095	
28.11245	-62.0190513	-62.0028217	-61.9754181	-61.994095	
28.1227	-62.0190513	-62.0028217	-61.9754181	-61.994095	
28.13283	-62.0190513	-62.0028217	-61.9754181	-61.994095	
28.143	-62.0190513	-62.0028217	-61.9754181	-61.994095	
28.15317	-62.0190513	-62.0028217	-61.9754181	-61.994095	
28.16332	-62.0190513	-62.0028217	-61.9754181	-61.994095	
28.1735	-62.0190513	-62.0028217	-61.9754181	-61.994095	
28.18368	-62.0190513	-62.0028217	-61.9754181	-61.994095	
28.19385	-62.0190513	-62.0028217	-61.9754181	-61.994095	
28.20401	-62.0190513	-62.0028217	-61.9754181	-61.994095	
28.21415	-62.0190513	-62.0028217	-61.9754181	-61.994095	
28.22435	-62.0190513	-62.0028217	-61.9754181	-61.994095	
28.23455	-62.0190513	-62.0028217	-61.9754181	-61.994095	
28.24465	-62.0190513	-62.0028217	-61.9754181	-61.994095	
28.25476	-62.0190513	-62.0028217	-61.9754181	-61.994095	
28.26501	-62.0190513	-62.0028217	-61.9754181	-61.994095	
28.27522	-62.0190513	-62.0028217	-61.9754181	-61.994095	
28.28541	-62.0190513	-62.0028217	-61.9754181	-61.994095	
28.29549	-62.0190513	-62.0028217	-61.9754181	-61.994095	
28.30572	-62.0190513	-62.0028217	-61.9754181	-61.994095	
28.31592	-62.0190513	-62.0028217	-61.9754181	-61.994095	
28.32598	-62.0190513	-62.0028217	-61.9754181	-61.994095	
28.33623	-62.0190513	-62.0028217	-61.9754181	-61.994095	
28.34637	-62.0190513	-62.0028217	-61.9754181	-61.994095	
28.35649	-62.0190513	-62.0028217	-61.9754181	-61.994095	
28.36664	-62.0190513	-62.0028217	-61.9754181	-61.994095	
28.37684	-62.0190513	-62.0028217	-61.9754181	-61.994095	
28.38708	-62.0190513	-62.0028217	-61.9754181	-61.994095	
28.39718	-62.0190513	-62.0028217	-61.9754181	-61.994095	
28.40747	-62.0190513	-62.0028217	-61.9754181	-61.994095	
28.41775	-62.0190513	-62.0028217	-61.9754181	-61.994095	
28.42793	-62.0190513	-62.0028217	-61.9754181	-61.994095	
28.43801	-62.0190513	-62.0028217	-61.9754181	-61.994095	
28.44839	-62.0190513	-62.0028217	-61.9754181	-61.994095	
28.45835	-62.0190513	-62.0028217	-61.9754181	-61.994095	
28.4685	-62.0190513	-62.0028217	-61.9754181	-61.994095	
28.47885	-62.0190513	-62.0028217	-61.9754181	-61.994095	
28.48885	-62.0190513	-62.0028217	-61.9754181	-61.994095	
28.49896	-62.0190513	-62.0028217	-61.9754181	-61.994095	
28.50914	-62.0190513	-62.0028217	-61.9754181	-61.994095	
28.51933	-62.0190513	-62.0028217	-61.9754181	-61.994095	
28.5295	-62.0190513	-62.0028217	-61.9754181	-61.994095	
28.53964	-62.0190513	-62.0028217	-61.9754181	-61.994095	
28.54985	-62.0190513	-62.0028217	-61.9754181	-61.994095	
28.55999	-62.0190513	-62.0028217	-61.9754181	-61.994095	
28.57015	-62.0190513	-62.0028217	-61.9754181	-61.994095	
28.58031	-62.0190513	-62.0028217	-61.9754181	-61.994095	
28.59042	-62.0190513	-62.0028217	-61.9754181	-61.994095	
28.60059	-62.0190513	-62.0028217	-61.9754181	-61.994095	
28.6108	-62.0190513	-62.0028217	-61.9754181	-61.994095	
28.62099	-62.0190513	-62.0028217	-61.9754181	-61.994095	
28.63116	-62.0190513	-62.0028217	-61.9754181	-61.994095	
28.64136	-62.0190513	-62.0028217	-61.9754181	-61.994095	
28.65148	-62.0190513	-62.0028217	-61.9754181	-61.994095	
28.66163	-62.0190513	-62.0028217	-61.9754181	-61.994095	
28.67174	-62.0190513	-62.0028217	-61.9754181	-61.994095	
28.68196	-62.0190513	-62.0028217	-61.9754181	-61.994095	
28.69209	-62.0190513	-62.0028217	-61.9754181	-61.994095	
28.70221	-62.0190513	-62.0028217	-61.9754181	-61.994095	
28.7124	-62.0190513	-62.0028217	-61.9754181	-61.994095	
28.72261	-62.0190513	-62.0028217	-61.9754181	-61.994095	
28.74064	-62.0190513	-62.0028217	-61.9754181	-61.994095	
28.74526	-62.0190513	-62.0028217	-61.9754181	-61.994095	
28.75538	-62.0190513	-62.0028217	-61.9754181	-61.994095	
28.76561	-62.0190513	-62.0028217	-61.9754181	-61.994095	
28.77576	-62.0190513	-62.0028217	-61.9754181	-61.994095	
28.78597	-62.0190513	-62.0028217	-61.9754181	-61.994095	
28.7961	-62.0190513	-62.0028217	-61.9754181	-61.994095	
28.80622	-62.0190513	-62.0028217	-61.9754181	-61.994095	
28.81643	-62.0190513	-62.0028217	-61.9754181	-61.994095	
28.8348	-62.0190513	-62.0028217	-61.9754181	-61.994095	
28.83944	-62.0190513	-62.0028217	-61.9754181	-61.994095	
28.84967	-62.0190513	-62.0028217	-61.9754181	-61.994095	
28.85996	-62.0190513	-62.0028217	-61.9754181	-61.994095	
28.87032	-62.0190513	-62.0028217	-61.9754181	-61.994095	
28.88011	-62.0190513	-62.0028217	-61.9754181	-61.994095	
28.89023	-62.0190513	-62.0028217	-61.9754181	-61.994095	
28.90182	-62.0190513	-62.0028217	-61.9754181	-61.994095	
28.91051	-62.0190513	-62.0028217	-61.9754181	-61.994095	
28.92072	-62.0190513	-62.0028217	-61.9754181	-61.994095	
28.93087	-62.0190513	-62.0028217	-61.9754181	-61.994095	
28.94103	-62.0190513	-62.0028217	-61.9754181	-61.994095	
28.95124	-62.0190513	-62.0028217	-61.9754181	-61.994095	
28.96135	-62.0190513	-62.0028217	-61.9754181	-61.994095	
28.97158	-62.0190513	-62.0028217	-61.9754181	-61.994095	
28.98164	-62.0190513	-62.0028217	-61.9754181	-61.994095	
28.99179	-62.0190513	-62.0028217	-61.9754181	-61.994095	
29.00193	-62.0190513	-62.0028217	-61.9754181	-61.994095	
29.01211	-62.0190513	-62.0028217	-61.9754181	-61.994095	
29.02228	-62.0190513	-62.0028217	-61.9754181	-61.994095	
29.03257	-62.0190513	-62.0028217	-61.9754181	-61.994095	
29.04265	-62.0190513	-62.0028217	-61.9754181	-61.994095	
29.05278	-62.0190513	-62.0028217	-61.9754181	-61.994095	
29.06295	-62.0190513	-62.0028217	-61.9754181	-61.994095	
29.07314	-62.0190513	-62.0028217	-61.9754181	-61.994095	
29.08332	-62.0190513	-62.0028217	-61.9754181	-61.994095	
29.10291	-62.0190513	-62.0028217	-61.9754181	-61.994095	
29.10769	-62.0190513	-62.0028217	-61.9754181	-61.994095	
29.1178	-62.0190513	-62.0028217	-61.9754181	-61.994095	
29.12795	-62.0190513	-62.0028217	-61.9754181	-61.994095	
29.13817	-62.0190513	-62.0028217	-61.9754181	-61.994095	
29.14836	-62.0190513	-62.0028217	-61.9754181	-61.994095	
29.15851	-62.0190513	-62.0028217	-61.9754181	-61.994095	
29.16867	-62.0190513	-62.0028217	-61.9754181	-61.994095	
29.17961	-62.0190513	-62.0028217	-61.9754181	-61.994095	
29.18904	-62.0190513	-62.0028217	-61.9754181	-61.994095	
29.19918	-62.0190513	-62.0028217	-61.9754181	-61.994095	
29.20931	-62.0190513	-62.0028217	-61.9754181	-61.994095	
29.21949	-62.0190513	-62.0028217	-61.9754181	-61.994095	
29.22965	-62.0190513	-62.0028217	-61.9754181	-61.994095	
29.23986	-62.0190513	-62.0028217	-61.9754181	-61.994095	
29.25007	-62.0190513	-62.0028217	-61.9754181	-61.994095	
29.26016	-62.0190513	-62.0028217	-61.9754181	-61.994095	
29.2703	-62.0190513	-62.0028217	-61.9754181	-61.994095	
29.28047	-62.0190513	-62.0028217	-61.9754181	-61.994095	
29.29065	-62.0190513	-62.0028217	-61.9754181	-61.994095	
29.30078	-62.0190513	-62.0028217	-61.9754181	-61.994095	
29.31091	-62.0190513	-62.0028217	-61.9754181	-61.994095	
29.32116	-62.0190513	-62.0028217	-61.9754181	-61.994095	
29.33136	-62.0190513	-62.0028217	-61.9754181	-61.994095	
29.34158	-62.0190513	-62.0028217	-61.9754181	-61.994095	
29.35161	-62.0190513	-62.0028217	-61.9754181	-61.994095	
29.36184	-62.0190513	-62.0028217	-61.9754181	-61.994095	
29.372	-62.0190513	-62.0028217	-61.9754181	-61.994095	
29.38206	-62.0190513	-62.0028217	-61.9754181	-61.994095	
29.39225	-62.0190513	-62.0028217	-61.9754181	-61.994095	
29.40238	-62.0190513	-62.0028217	-61.9754181	-61.994095	
29.4125	-62.0190513	-62.0028217	-61.9754181	-61.994095	
29.43121	-62.0190513	-62.0028217	-61.9754181	-61.994095	
29.43592	-62.0190513	-62.0028217	-61.9754181	-61.994095	
29.446	-62.0190513	-62.0028217	-61.9754181	-61.994095	
29.4562	-62.0190513	-62.0028217	-61.9754181	-61.994095	
29.46636	-62.0190513	-62.0028217	-61.9754181	-61.994095	
29.47651	-62.0190513	-62.0028217	-61.9754181	-61.994095	
29.48667	-62.0190513	-62.0028217	-61.9754181	-61.994095	
29.49681	-62.0190513	-62.0028217	-61.9754181	-61.994095	
29.50695	-62.0190513	-62.0028217	-61.9754181	-61.994095	
29.5172	-62.0190513	-62.0028217	-61.9754181	-61.994095	
29.5273	-62.0190513	-62.0028217	-61.9754181	-61.994095	
29.53741	-62.0190513	-62.0028217	-61.9754181	-61.994095	
29.54764	-62.0190513	-62.0028217	-61.9754181	-61.994095	
29.55777	-62.0190513	-62.0028217	-61.9754181	-61.994095	
29.56792	-62.0190513	-62.0028217	-61.9754181	-61.994095	
29.5781	-62.0190513	-62.0028217	-61.9754181	-61.994095	
29.58824	-62.0190513	-62.0028217	-61.9754181	-61.994095	
29.59838	-62.0190513	-62.0028217	-61.9754181	-61.994095	
29.60858	-62.0190513	-62.0028217	-61.9754181	-61.994095	
29.61874	-62.0190513	-62.0028217	-61.9754181	-61.994095	
29.62888	-62.0190513	-62.0028217	-61.9754181	-61.994095	
29.63912	-62.0190513	-62.0028217	-61.9754181	-61.994095	
29.64922	-62.0190513	-62.0028217	-61.9754181	-61.994095	
29.65937	-62.0190513	-62.0028217	-61.9754181	-61.994095	
29.6696	-62.0190513	-62.0028217	-61.9754181	-61.994095	
29.67972	-62.0190513	-62.0028217	-61.9754181	-61.994095	
29.68992	-62.0190513	-62.0028217	-61.9754181	-61.994095	
29.70013	-62.0190513	-62.0028217	-61.9754181	-61.994095	
29.7102	-62.0190513	-62.0028217	-61.9754181	-61.994095	
29.72039	-62.0190513	-62.0028217	-61.9754181	-61.994095	
29.73054	-62.0190513	-62.0028217	-61.9754181	-61.994095	
29.74065	-62.0190513	-62.0028217	-61.9754181	-61.994095	
29.7508	-62.0190513	-62.0028217	-61.9754181	-61.994095	
29.76099	-62.0190513	-62.0028217	-61.9754181	-61.994095	
29.7792	-62.0190513	-62.0028217	-61.9754181	-61.994095	
29.78384	-62.0190513	-62.0028217	-61.9754181	-61.994095	
29.79419	-62.0190513	-62.0028217	-61.9754181	-61.994095	
29.80422	-62.0190513	-62.0028217	-61.9754181	-61.994095	
29.81431	-62.0190513	-62.0028217	-61.9754181	-61.994095	
29.82453	-62.0190513	-62.0028217	-61.9754181	-61.994095	
29.83472	-62.0190513	-62.0028217	-61.9754181	-61.994095	
29.84482	-62.0190513	-62.0028217	-61.9754181	-61.994095	
29.85494	-62.0190513	-62.0028217	-61.9754181	-61.994095	
29.86517	-62.0190513	-62.0028217	-61.9754181	-61.994095	
29.87538	-62.0190513	-62.0028217	-61.9754181	-61.994095	
29.88555	-62.0190513	-62.0028217	-61.9754181	-61.994095	
29.89564	-62.0190513	-62.0028217	-61.9754181	-61.994095	
29.90589	-62.0190513	-62.0028217	-61.9754181	-61.994095	
29.91623	-62.0190513	-62.0028217	-61.9754181	-61.994095	
29.92614	-62.0190513	-62.0028217	-61.9754181	-61.994095	
29.93632	-62.0190513	-62.0028217	-61.9754181	-61.994095	
29.94653	-62.0190513	-62.0028217	-61.9754181	-61.994095	
29.95662	-62.0190513	-62.0028217	-61.9754181	-61.994095	
29.96677	-62.0190513	-62.0028217	-61.9754181	-61.994095	
29.97702	-62.0190513	-62.0028217	-61.9754181	-61.994095	
29.98722	-62.0190513	-62.0028217	-61.9754181	-61.994095	
29.99736	-62.0190513	-62.0028217	-61.9754181	-61.994095	
30.00747	-62.0190513	-62.0028217	-61.9754181	-61.994095	
30.01774	-62.0190513	-62.0028217	-61.9754181	-61.994095	
30.02786	-62.0190513	-62.0028217	-61.9754181	-61.994095	
30.03798	-62.0190513	-62.0028217	-61.9754181	-61.994095	
30.04814	-62.0190513	-62.0028217	-61.9754181	-61.994095	
30.0583	-62.0190513	-62.0028217	-61.9754181	-61.994095	
30.06847	-62.0190513	-62.0028217	-61.9754181	-61.994095	
30.07867	-62.0190513	-62.0028217	-61.9754181	-61.994095	
30.0888	-62.0190513	-62.0028217	-61.9754181	-61.994095	
30.09896	-62.0190513	-62.0028217	-61.9754181	-61.994095	
30.10912	-62.0190513	-62.0028217	-61.9754181	-61.994095	
30.11928	-62.0190513	-62.0028217	-61.9754181	-61.994095	
30.12938	-62.0190513	-62.0028217	-61.9754181	-61.994095	
30.13957	-62.0190513	-62.0028217	-61.9754181	-61.994095	
30.14979	-62.0190513	-62.0028217	-61.9754181	-61.994095	
30.1599	-62.0190513	-62.0028217	-61.9754181	-61.994095	
30.1701	-62.0190513	-62.0028217	-61.9754181	-61.994095	
30.18097	-62.0190513	-62.0028217	-61.9754181	-61.994095	
30.19036	-62.0190513	-62.0028217	-61.9754181	-61.994095	
30.20052	-62.0190513	-62.0028217	-61.9754181	-61.994095	
30.21069	-62.0190513	-62.0028217	-61.9754181	-61.994095	
30.2208	-62.0190513	-62.0028217	-61.9754181	-61.994095	
30.23097	-62.0190513	-62.0028217	-61.9754181	-61.994095	
30.24124	-62.0190513	-62.0028217	-61.9754181	-61.994095	
30.25139	-62.0190513	-62.0028217	-61.9754181	-61.994095	
30.26162	-62.0190513	-62.0028217	-61.9754181	-61.994095	
30.27164	-62.0190513	-62.0028217	-61.9754181	-61.994095	
30.28187	-62.0190513	-62.0028217	-61.9754181	-61.994095	
30.29202	-62.0190513	-62.0028217	-61.9754181	-61.994095	
30.30214	-62.0190513	-62.0028217	-61.9754181	-61.994095	
30.3123	-62.0190513	-62.0028217	-61.9754181	-61.994095	
30.32246	-62.0190513	-62.0028217	-61.9754181	-61.994095	
30.33264	-62.0190513	-62.0028217	-61.9754181	-61.994095	
30.34283	-62.0190513	-62.0028217	-61.9754181	-61.994095	
30.35293	-62.0190513	-62.0028217	-61.9754181	-61.994095	
30.3631	-62.0190513	-62.0028217	-61.9754181	-61.994095	
30.3733	-62.0190513	-62.0028217	-61.9754181	-61.994095	
30.38343	-62.0190513	-62.0028217	-61.9754181	-61.994095	
30.39366	-62.0190513	-62.0028217	-61.9754181	-61.994095	
30.40382	-62.0190513	-62.0028217	-61.9754181	-61.994095	
30.4139	-62.0190513	-62.0028217	-61.9754181	-61.994095	
30.42411	-62.0190513	-62.0028217	-61.9754181	-61.994095	
30.43434	-62.0190513	-62.0028217	-61.9754181	-61.994095	
30.44447	-62.0190513	-62.0028217	-61.9754181	-61.994095	
30.45455	-62.0190513	-62.0028217	-61.9754181	-61.994095	
30.46476	-62.0190513	-62.0028217	-61.9754181	-61.994095	
30.47497	-62.0190513	-62.0028217	-61.9754181	-61.994095	
30.48509	-62.0190513	-62.0028217	-61.9754181	-61.994095	
30.49797	-62.0190513	-62.0028217	-61.9754181	-61.994095	
30.50812	-62.0190513	-62.0028217	-61.9754181	-61.994095	
30.5182	-62.0190513	-62.0028217	-61.9754181	-61.994095	
30.52839	-62.0190513	-62.0028217	-61.9754181	-61.994095	
30.53847	-62.0190513	-62.0028217	-61.9754181	-61.994095	
30.54871	-62.0190513	-62.0028217	-61.9754181	-61.994095	
30.55886	-62.0190513	-62.0028217	-61.9754181	-61.994095	
30.56902	-62.0190513	-62.0028217	-61.9754181	-61.994095	
30.57919	-62.0190513	-62.0028217	-61.9754181	-61.994095	
30.58933	-62.0190513	-62.0028217	-61.9754181	-61.994095	
30.59953	-62.0190513	-62.0028217	-61.9754181	-61.994095	
30.60968	-62.0190513	-62.0028217	-61.9754181	-61.994095	
30.61986	-62.0190513	-62.0028217	-61.9754181	-61.994095	
30.62994	-62.0190513	-62.0028217	-61.9754181	-61.994095	
30.64048	-62.0190513	-62.0028217	-61.9754181	-61.994095	
30.65028	-62.0190513	-62.0028217	-61.9754181	-61.994095	
30.6604	-62.0190513	-62.0028217	-61.9754181	-61.994095	
30.67057	-62.0190513	-62.0028217	-61.9754181	-61.994095	
30.68073	-62.0190513	-62.0028217	-61.9754181	-61.994095	
30.69087	-62.0190513	-62.0028217	-61.9754181	-61.994095	
30.70101	-62.0190513	-62.0028217	-61.9754181	-61.994095	
30.71129	-62.0190513	-62.0028217	-61.9754181	-61.994095	
30.72137	-62.0190513	-62.0028217	-61.9754181	-61.994095	
30.73155	-62.0190513	-62.0028217	-61.9754181	-61.994095	
30.74173	-62.0190513	-62.0028217	-61.9754181	-61.994095	
30.75181	-62.0190513	-62.0028217	-61.9754181	-61.994095	
30.76202	-62.0190513	-62.0028217	-61.9754181	-61.994095	
30.77222	-62.0190513	-62.0028217	-61.9754181	-61.994095	
30.78232	-62.0190513	-62.0028217	-61.9754181	-61.994095	
30.79261	-62.0190513	-62.0028217	-61.9754181	-61.994095	
30.80275	-62.0190513	-62.0028217	-61.9754181	-61.994095	
30.81287	-62.0190513	-62.0028217	-61.9754181	-61.994095	
30.82303	-62.0190513	-62.0028217	-61.9754181	-61.994095	
30.83327	-62.0190513	-62.0028217	-61.9754181	-61.994095	
30.84348	-62.0190513	-62.0028217	-61.9754181	-61.994095	
30.85357	-62.0190513	-62.0028217	-61.9754181	-61.994095	
30.86374	-62.0190513	-62.0028217	-61.9754181	-61.994095	
30.87397	-62.0190513	-62.0028217	-61.9754181	-61.994095	
30.88416	-62.0190513	-62.0028217	-61.9754181	-61.994095	
30.89418	-62.0190513	-62.0028217	-61.9754181	-61.994095	
30.90512	-62.0190513	-62.0028217	-61.9754181	-61.994095	
30.91491	-62.0190513	-62.0028217	-61.9754181	-61.994095	
30.92506	-62.0190513	-62.0028217	-61.9754181	-61.994095	
30.93525	-62.0190513	-62.0028217	-61.9754181	-61.994095	
30.94538	-62.0190513	-62.0028217	-61.9754181	-61.994095	
30.9556	-62.0190513	-62.0028217	-61.9754181	-61.994095	
30.96574	-62.0190513	-62.0028217	-61.9754181	-61.994095	
30.97588	-62.0190513	-62.0028217	-61.9754181	-61.994095	
30.98609	-62.0190513	-62.0028217	-61.9754181	-61.994095	
30.99624	-62.0190513	-62.0028217	-61.9754181	-61.994095	
31.00634	-62.0190513	-62.0028217	-61.9754181	-61.994095	
31.01653	-62.0190513	-62.0028217	-61.9754181	-61.994095	
31.02669	-62.0190513	-62.0028217	-61.9754181	-61.994095	
31.03682	-62.0190513	-62.0028217	-61.9754181	-61.994095	
31.04701	-62.0190513	-62.0028217	-61.9754181	-61.994095	
31.0571	-62.0190513	-62.0028217	-61.9754181	-61.994095	
31.06737	-62.0190513	-62.0028217	-61.9754181	-61.994095	
31.07749	-62.0190513	-62.0028217	-61.9754181	-61.994095	
31.08763	-62.0190513	-62.0028217	-61.9754181	-61.994095	
31.1073	-62.0190513	-62.0028217	-61.9754181	-61.994095	
31.11192	-62.0190513	-62.0028217	-61.9754181	-61.994095	
31.12215	-62.0190513	-62.0028217	-61.9754181	-61.994095	
31.1323	-62.0190513	-62.0028217	-61.9754181	-61.994095	
31.14241	-62.0190513	-62.0028217	-61.9754181	-61.994095	
31.1526	-62.0190513	-62.0028217	-61.9754181	-61.994095	
31.16281	-62.0190513	-62.0028217	-61.9754181	-61.994095	
31.1729	-62.0190513	-62.0028217	-61.9754181	-61.994095	
31.1838	-62.0190513	-62.0028217	-61.9754181	-61.994095	
31.19333	-62.0190513	-62.0028217	-61.9754181	-61.994095	
31.20351	-62.0190513	-62.0028217	-61.9754181	-61.994095	
31.21367	-62.0190513	-62.0028217	-61.9754181	-61.994095	
31.2238	-62.0190513	-62.0028217	-61.9754181	-61.994095	
31.23406	-62.0190513	-62.0028217	-61.9754181	-61.994095	
31.24426	-62.0190513	-62.0028217	-61.9754181	-61.994095	
31.25428	-62.0190513	-62.0028217	-61.9754181	-61.994095	
31.26456	-62.0190513	-62.0028217	-61.9754181	-61.994095	
31.2747	-62.0190513	-62.0028217	-61.9754181	-61.994095	
31.28482	-62.0190513	-62.0028217	-61.9754181	-61.994095	
31.29496	-62.0190513	-62.0028217	-61.9754181	-61.994095	
31.30515	-62.0190513	-62.0028217	-61.9754181	-61.994095	
31.31537	-62.0190513	-62.0028217	-61.9754181	-61.994095	
31.32549	-62.0190513	-62.0028217	-61.9754181	-61.994095	
31.33568	-62.0190513	-62.0028217	-61.9754181	-61.994095	
31.34589	-62.0190513	-62.0028217	-61.9754181	-61.994095	
31.35605	-62.0190513	-62.0028217	-61.9754181	-61.994095	
31.36615	-62.0190513	-62.0028217	-61.9754181	-61.994095	
31.37631	-62.0190513	-62.0028217	-61.9754181	-61.994095	
31.38649	-62.0190513	-62.0028217	-61.9754181	-61.994095	
31.39664	-62.0190513	-62.0028217	-61.9754181	-61.994095	
31.40678	-62.0190513	-62.0028217	-61.9754181	-61.994095	
31.41709	-62.0190513	-62.0028217	-61.9754181	-61.994095	
31.42716	-62.0190513	-62.0028217	-61.9754181	-61.994095	
31.43731	-62.0190513	-62.0028217	-61.9754181	-61.994095	
31.44747	-62.0190513	-62.0028217	-61.9754181	-61.994095	
31.45757	-62.0190513	-62.0028217	-61.9754181	-61.994095	
31.46782	-62.0190513	-62.0028217	-61.9754181	-61.994095	
31.47791	-62.0190513	-62.0028217	-61.9754181	-61.994095	
31.48807	-62.0190513	-62.0028217	-61.9754181	-61.994095	
31.49822	-62.0190513	-62.0028217	-61.9754181	-61.994095	
31.51045	-62.0190513	-62.0028217	-61.9754181	-61.994095	
31.5206	-62.0190513	-62.0028217	-61.9754181	-61.994095	
31.53073	-62.0190513	-62.0028217	-61.9754181	-61.994095	
31.54907	-62.0190513	-62.0028217	-61.9754181	-61.994095	
31.55375	-62.0190513	-62.0028217	-61.9754181	-61.994095	
31.56392	-62.0190513	-62.0028217	-61.9754181	-61.994095	
31.57403	-62.0190513	-62.0028217	-61.9754181	-61.994095	
31.58419	-62.0190513	-62.0028217	-61.9754181	-61.994095	
31.59439	-62.0190513	-62.0028217	-61.9754181	-61.994095	
31.60459	-62.0190513	-62.0028217	-61.9754181	-61.994095	
31.6147	-62.0190513	-62.0028217	-61.9754181	-61.994095	
31.62488	-62.0190513	-62.0028217	-61.9754181	-61.994095	
31.63508	-62.0190513	-62.0028217	-61.9754181	-61.994095	
31.6453	-62.0190513	-62.0028217	-61.9754181	-61.994095	
31.65534	-62.0190513	-62.0028217	-61.9754181	-61.994095	
31.66554	-62.0190513	-62.0028217	-61.9754181	-61.994095	
31.67572	-62.0190513	-62.0028217	-61.9754181	-61.994095	
31.68585	-62.0190513	-62.0028217	-61.9754181	-61.994095	
31.69603	-62.0190513	-62.0028217	-61.9754181	-61.994095	
31.70626	-62.0190513	-62.0028217	-61.9754181	-61.994095	
31.71641	-62.0190513	-62.0028217	-61.9754181	-61.994095	
31.72652	-62.0190513	-62.0028217	-61.9754181	-61.994095	
31.73674	-62.0190513	-62.0028217	-61.9754181	-61.994095	
31.74691	-62.0190513	-62.0028217	-61.9754181	-61.994095	
31.757	-62.0190513	-62.0028217	-61.9754181	-61.994095	
31.7672	-62.0190513	-62.0028217	-61.9754181	-61.994095	
31.77739	-62.0190513	-62.0028217	-61.9754181	-61.994095	
31.78762	-62.0190513	-62.0028217	-61.9754181	-61.994095	
31.7979	-62.0190513	-62.0028217	-61.9754181	-61.994095	
31.80801	-62.0190513	-62.0028217	-61.9754181	-61.994095	
31.8182	-62.0190513	-62.0028217	-61.9754181	-61.994095	
31.8284	-62.0190513	-62.0028217	-61.9754181	-61.994095	
31.83849	-62.0190513	-62.0028217	-61.9754181	-61.994095	
31.84869	-62.0190513	-62.0028217	-61.9754181	-61.994095	
31.85879	-62.0190513	-62.0028217	-61.9754181	-61.994095	
31.86897	-62.0190513	-62.0028217	-61.9754181	-61.994095	
31.8791	-62.0190513	-62.0028217	-61.9754181	-61.994095	
31.88927	-62.0190513	-62.0028217	-61.9754181	-61.994095	
31.89952	-62.0190513	-62.0028217	-61.9754181	-61.994095	
31.9096	-62.0190513	-62.0028217	-61.9754181	-61.994095	
31.91984	-62.0190513	-62.0028217	-61.9754181	-61.994095	
31.93002	-62.0190513	-62.0028217	-61.9754181	-61.994095	
31.9401	-62.0190513	-62.0028217	-61.9754181	-61.994095	
31.95021	-62.0190513	-62.0028217	-61.9754181	-61.994095	
31.96039	-62.0190513	-62.0028217	-61.9754181	-61.994095	
31.97061	-62.0190513	-62.0028217	-61.9754181	-61.994095	
31.98072	-62.0190513	-62.0028217	-61.9754181	-61.994095	
31.99085	-62.0190513	-62.0028217	-61.9754181	-61.994095	
32.00101	-62.0190513	-62.0028217	-61.9754181	-61.994095	
32.01918	-62.0190513	-62.0028217	-61.9754181	-61.994095	
32.0238	-62.0190513	-62.0028217	-61.9754181	-61.994095	
32.03406	-62.0190513	-62.0028217	-61.9754181	-61.994095	
32.04412	-62.0190513	-62.0028217	-61.9754181	-61.994095	
32.05426	-62.0190513	-62.0028217	-61.9754181	-61.994095	
32.06451	-62.0190513	-62.0028217	-61.9754181	-61.994095	
32.07466	-62.0190513	-62.0028217	-61.9754181	-61.994095	
32.0848	-62.0190513	-62.0028217	-61.9754181	-61.994095	
32.09495	-62.0190513	-62.0028217	-61.9754181	-61.994095	
32.10514	-62.0190513	-62.0028217	-61.9754181	-61.994095	
32.1153	-62.0190513	-62.0028217	-61.9754181	-61.994095	
32.1255	-62.0190513	-62.0028217	-61.9754181	-61.994095	
32.13561	-62.0190513	-62.0028217	-61.9754181	-61.994095	
32.1458	-62.0190513	-62.0028217	-61.9754181	-61.994095	
32.156	-62.0190513	-62.0028217	-61.9754181	-61.994095	
32.16613	-62.0190513	-62.0028217	-61.9754181	-61.994095	
32.17627	-62.0190513	-62.0028217	-61.9754181	-61.994095	
32.18718	-62.0190513	-62.0028217	-61.9754181	-61.994095	
32.19655	-62.0190513	-62.0028217	-61.9754181	-61.994095	
32.20672	-62.0190513	-62.0028217	-61.9754181	-61.994095	
32.21689	-62.0190513	-62.0028217	-61.9754181	-61.994095	
32.22707	-62.0190513	-62.0028217	-61.9754181	-61.994095	
32.23722	-62.0190513	-62.0028217	-61.9754181	-61.994095	
32.24742	-62.0190513	-62.0028217	-61.9754181	-61.994095	
32.25749	-62.0190513	-62.0028217	-61.9754181	-61.994095	
32.26771	-62.0190513	-62.0028217	-61.9754181	-61.994095	
32.27791	-62.0190513	-62.0028217	-61.9754181	-61.994095	
32.28804	-62.0190513	-62.0028217	-61.9754181	-61.994095	
32.29824	-62.0190513	-62.0028217	-61.9754181	-61.994095	
32.30842	-62.0190513	-62.0028217	-61.9754181	-61.994095	
32.31852	-62.0190513	-62.0028217	-61.9754181	-61.994095	
32.32872	-62.0190513	-62.0028217	-61.9754181	-61.994095	
32.33887	-62.0190513	-62.0028217	-61.9754181	-61.994095	
32.349	-62.0190513	-62.0028217	-61.9754181	-61.994095	
32.35915	-62.0190513	-62.0028217	-61.9754181	-61.994095	
32.36931	-62.0190513	-62.0028217	-61.9754181	-61.994095	
32.38745	-62.0190513	-62.0028217	-61.9754181	-61.994095	
32.39206	-62.0190513	-62.0028217	-61.9754181	-61.994095	
32.40229	-62.0190513	-62.0028217	-61.9754181	-61.994095	
32.41241	-62.0190513	-62.0028217	-61.9754181	-61.994095	
32.4306	-62.0190513	-62.0028217	-61.9754181	-61.994095	
32.43525	-62.0190513	-62.0028217	-61.9754181	-61.994095	
32.44543	-62.0190513	-62.0028217	-61.9754181	-61.994095	
32.45557	-62.0190513	-62.0028217	-61.9754181	-61.994095	
32.46574	-62.0190513	-62.0028217	-61.9754181	-61.994095	
32.47595	-62.0190513	-62.0028217	-61.9754181	-61.994095	
32.48607	-62.0190513	-62.0028217	-61.9754181	-61.994095	
32.49618	-62.0190513	-62.0028217	-61.9754181	-61.994095	
32.50637	-62.0190513	-62.0028217	-61.9754181	-61.994095	
32.51656	-62.0190513	-62.0028217	-61.9754181	-61.994095	
32.52669	-62.0190513	-62.0028217	-61.9754181	-61.994095	
32.53687	-62.0190513	-62.0028217	-61.9754181	-61.994095	
32.54703	-62.0190513	-62.0028217	-61.9754181	-61.994095	
32.5572	-62.0190513	-62.0028217	-61.9754181	-61.994095	
32.56733	-62.0190513	-62.0028217	-61.9754181	-61.994095	
32.57751	-62.0190513	-62.0028217	-61.9754181	-61.994095	
32.58775	-62.0190513	-62.0028217	-61.9754181	-61.994095	
32.59793	-62.0190513	-62.0028217	-61.9754181	-61.994095	
32.60802	-62.0190513	-62.0028217	-61.9754181	-61.994095	
32.61822	-62.0190513	-62.0028217	-61.9754181	-61.994095	
32.62839	-62.0190513	-62.0028217	-61.9754181	-61.994095	
32.63851	-62.0190513	-62.0028217	-61.9754181	-61.994095	
32.64873	-62.0190513	-62.0028217	-61.9754181	-61.994095	
32.65883	-62.0190513	-62.0028217	-61.9754181	-61.994095	
32.669	-62.0190513	-62.0028217	-61.9754181	-61.994095	
32.67917	-62.0190513	-62.0028217	-61.9754181	-61.994095	
32.68954	-62.0190513	-62.0028217	-61.9754181	-61.994095	
32.69949	-62.0190513	-62.0028217	-61.9754181	-61.994095	
32.7097	-62.0190513	-62.0028217	-61.9754181	-61.994095	
32.71984	-62.0190513	-62.0028217	-61.9754181	-61.994095	
32.73005	-62.0190513	-62.0028217	-61.9754181	-61.994095	
32.74017	-62.0190513	-62.0028217	-61.9754181	-61.994095	
32.75023	-62.0190513	-62.0028217	-61.9754181	-61.994095	
32.76038	-62.0190513	-62.0028217	-61.9754181	-61.994095	
32.7706	-62.0190513	-62.0028217	-61.9754181	-61.994095	
32.78075	-62.0190513	-62.0028217	-61.9754181	-61.994095	
32.79084	-62.0190513	-62.0028217	-61.9754181	-61.994095	
32.80115	-62.0190513	-62.0028217	-61.9754181	-61.994095	
32.8113	-62.0190513	-62.0028217	-61.9754181	-61.994095	
32.82141	-62.0190513	-62.0028217	-61.9754181	-61.994095	
32.83155	-62.0190513	-62.0028217	-61.9754181	-61.994095	
32.84172	-62.0190513	-62.0028217	-61.9754181	-61.994095	
32.85183	-62.0190513	-62.0028217	-61.9754181	-61.994095	
32.86204	-62.0190513	-62.0028217	-61.9754181	-61.994095	
32.87222	-62.0190513	-62.0028217	-61.9754181	-61.994095	
32.88241	-62.0190513	-62.0028217	-61.9754181	-61.994095	
32.89253	-62.0190513	-62.0028217	-61.9754181	-61.994095	
32.91208	-62.0190513	-62.0028217	-61.9754181	-61.994095	
32.91678	-62.0190513	-62.0028217	-61.9754181	-61.994095	
32.92692	-62.0190513	-62.0028217	-61.9754181	-61.994095	
32.93706	-62.0190513	-62.0028217	-61.9754181	-61.994095	
32.94724	-62.0190513	-62.0028217	-61.9754181	-61.994095	
32.95739	-62.0190513	-62.0028217	-61.9754181	-61.994095	
32.96756	-62.0190513	-62.0028217	-61.9754181	-61.994095	
32.9777	-62.0190513	-62.0028217	-61.9754181	-61.994095	
32.98787	-62.0190513	-62.0028217	-61.9754181	-61.994095	
32.99806	-62.0190513	-62.0028217	-61.9754181	-61.994095	
33.00819	-62.0190513	-62.0028217	-61.9754181	-61.994095	
33.01839	-62.0190513	-62.0028217	-61.9754181	-61.994095	
33.02857	-62.0190513	-62.0028217	-61.9754181	-61.994095	
33.03871	-62.0190513	-62.0028217	-61.9754181	-61.994095	
33.0489	-62.0190513	-62.0028217	-61.9754181	-61.994095	
33.05902	-62.0190513	-62.0028217	-61.9754181	-61.994095	
33.06917	-62.0190513	-62.0028217	-61.9754181	-61.994095	
33.07928	-62.0190513	-62.0028217	-61.9754181	-61.994095	
33.08952	-62.0190513	-62.0028217	-61.9754181	-61.994095	
33.10098	-62.0190513	-62.0028217	-61.9754181	-61.994095	
33.10986	-62.0190513	-62.0028217	-61.9754181	-61.994095	
33.11994	-62.0190513	-62.0028217	-61.9754181	-61.994095	
33.13018	-62.0190513	-62.0028217	-61.9754181	-61.994095	
33.14027	-62.0190513	-62.0028217	-61.9754181	-61.994095	
33.15041	-62.0190513	-62.0028217	-61.9754181	-61.994095	
33.16057	-62.0190513	-62.0028217	-61.9754181	-61.994095	
33.17073	-62.0190513	-62.0028217	-61.9754181	-61.994095	
33.18087	-62.0190513	-62.0028217	-61.9754181	-61.994095	
33.19103	-62.0190513	-62.0028217	-61.9754181	-61.994095	
33.2091	-62.0190513	-62.0028217	-61.9754181	-61.994095	
33.21378	-62.0190513	-62.0028217	-61.9754181	-61.994095	
33.22397	-62.0190513	-62.0028217	-61.9754181	-61.994095	
33.23422	-62.0190513	-62.0028217	-61.9754181	-61.994095	
33.24431	-62.0190513	-62.0028217	-61.9754181	-61.994095	
33.25442	-62.0190513	-62.0028217	-61.9754181	-61.994095	
33.26465	-62.0190513	-62.0028217	-61.9754181	-61.994095	
33.27478	-62.0190513	-62.0028217	-61.9754181	-61.994095	
33.28493	-62.0190513	-62.0028217	-61.9754181	-61.994095	
33.29511	-62.0190513	-62.0028217	-61.9754181	-61.994095	
33.30527	-62.0190513	-62.0028217	-61.9754181	-61.994095	
33.31546	-62.0190513	-62.0028217	-61.9754181	-61.994095	
33.33351	-62.0190513	-62.0028217	-61.9754181	-61.994095	
33.33832	-62.0190513	-62.0028217	-61.9754181	-61.994095	
33.34832	-62.0190513	-62.0028217	-61.9754181	-61.994095	
33.35845	-62.0190513	-62.0028217	-61.9754181	-61.994095	
33.36866	-62.0190513	-62.0028217	-61.9754181	-61.994095	
33.3788	-62.0190513	-62.0028217	-61.9754181	-61.994095	
33.38895	-62.0190513	-62.0028217	-61.9754181	-61.994095	
33.3991	-62.0190513	-62.0028217	-61.9754181	-61.994095	
33.40928	-62.0190513	-62.0028217	-61.9754181	-61.994095	
33.41969	-62.0190513	-62.0028217	-61.9754181	-61.994095	
33.42969	-62.0190513	-62.0028217	-61.9754181	-61.994095	
33.43972	-62.0190513	-62.0028217	-61.9754181	-61.994095	
33.45014	-62.0190513	-62.0028217	-61.9754181	-61.994095	
33.46014	-62.0190513	-62.0028217	-61.9754181	-61.994095	
33.4702	-62.0190513	-62.0028217	-61.9754181	-61.994095	
33.48033	-62.0190513	-62.0028217	-61.9754181	-61.994095	
33.49053	-62.0190513	-62.0028217	-61.9754181	-61.994095	
33.50065	-62.0190513	-62.0028217	-61.9754181	-61.994095	
33.5108	-62.0190513	-62.0028217	-61.9754181	-61.994095	
33.52098	-62.0190513	-62.0028217	-61.9754181	-61.994095	
33.53125	-62.0190513	-62.0028217	-61.9754181	-61.994095	
33.54136	-62.0190513	-62.0028217	-61.9754181	-61.994095	
33.55144	-62.0190513	-62.0028217	-61.9754181	-61.994095	
33.56163	-62.0190513	-62.0028217	-61.9754181	-61.994095	
33.57185	-62.0190513	-62.0028217	-61.9754181	-61.994095	
33.58203	-62.0190513	-62.0028217	-61.9754181	-61.994095	
33.59212	-62.0190513	-62.0028217	-61.9754181	-61.994095	
33.60234	-62.0190513	-62.0028217	-61.9754181	-61.994095	
33.61252	-62.0190513	-62.0028217	-61.9754181	-61.994095	
33.62264	-62.0190513	-62.0028217	-61.9754181	-61.994095	
33.63288	-62.0190513	-62.0028217	-61.9754181	-61.994095	
33.64299	-62.0190513	-62.0028217	-61.9754181	-61.994095	
33.65307	-62.0190513	-62.0028217	-61.9754181	-61.994095	
33.66327	-62.0190513	-62.0028217	-61.9754181	-61.994095	
33.67344	-62.0190513	-62.0028217	-61.9754181	-61.994095	
33.68372	-62.0190513	-62.0028217	-61.9754181	-61.994095	
33.69382	-62.0190513	-62.0028217	-61.9754181	-61.994095	
33.70399	-62.0190513	-62.0028217	-61.9754181	-61.994095	
33.71424	-62.0190513	-62.0028217	-61.9754181	-61.994095	
