0.04076025	1.9809487	1.9809487	2.02458193	2.02458193	
0.04553216	1.9802684	1.9809487	2.02390163	2.02458193	
0.05575097	1.97616301	1.9809487	2.01979624	2.02458193	
0.06586078	1.9700686	1.9809487	2.01370183	2.02458193	
0.07600759	1.96188819	1.9809487	2.00552142	2.02458193	
0.0862664	1.95150106	1.9809487	1.99513429	2.02458193	
0.09632622	1.93930681	1.9809487	1.98294004	2.02458193	
0.106518	1.92487073	1.9809487	1.96850396	2.02458193	
0.1166558	1.9084565	1.9809487	1.95208973	2.01585529	
0.1268667	1.88983985	1.97222205	1.93347308	2.00712864	
0.1377045	1.86762147	1.96349541	1.9112547	1.99840199	
0.1471223	1.84672767	1.95476876	1.8903609	1.9809487	
0.1572701	1.82205322	1.93731547	1.86568645	1.95476876	
0.1674059	1.79535732	1.91986218	1.83899055	1.93731547	
0.1776477	1.76627066	1.89368224	1.80990389	1.91113553	
0.1877725	1.7354778	1.8675023	1.77911103	1.87622895	
0.1978953	1.70264527	1.83259571	1.7462785	1.84132236	
0.2081411	1.66729445	1.78896248	1.71092768	1.79768913	
0.218247	1.6304096	1.7540559	1.67404283	1.76278254	
0.2283958	1.5912917	1.71042267	1.63492493	1.72787596	
0.2385686	1.55000866	1.65806279	1.59364189	1.67551608	
0.2487674	1.50655037	1.60570291	1.5501836	1.6406095	
0.2588302	1.46161803	1.55334303	1.50525126	1.58824962	
0.269084	1.41375288	1.50098316	1.45738611	1.53588974	
0.2792078	1.36444322	1.43989663	1.40807645	1.48352986	
0.2893776	1.31286814	1.37881011	1.35650137	1.42244334	
0.2995235	1.25934931	1.30899694	1.30298254	1.36135682	
0.3096973	1.20355884	1.23918377	1.24719207	1.29154365	
0.3199131	1.14549804	1.17809725	1.18913127	1.23045712	
0.3300459	1.08585278	1.10828408	1.12948601	1.1693706	
0.3401727	1.02417994	1.04719755	1.06781317	1.10828408	
0.3503695	0.95999373	0.977384381	1.00362696	1.0384709	
0.3605553	0.893849994	0.907571211	0.937483225	0.977384381	
0.3705951	0.82657893	0.846484687	0.870212162	0.907571211	
0.3809969	0.754715881	0.785398163	0.798349112	0.837758041	
0.3909198	0.684247654	0.72431164	0.727880886	0.767944871	
0.4011656	0.609360736	0.663225116	0.652993968	0.698131701	
0.4112844	0.533352374	0.593411946	0.576985605	0.628318531	
0.4214012	0.455312163	0.523598776	0.498945394	0.558505361	
0.432211	0.369481228	0.453785606	0.41311446	0.479965544	
0.4417428	0.292164176	0.383972435	0.335797407	0.401425728	
0.4518436	0.208098907	0.314159265	0.251732138	0.322885912	
0.4620474	0.121074647	0.235619449	0.164707878	0.244346095	
0.4722173	0.0322928702	0.148352986	0.0759261015	0.157079633	
0.4823091	-0.0578643153	0.0698131701	-0.014231084	0.0698131701	
0.4924349	-0.150323522	-0.0261799388	-0.106690291	-0.0174532925	
0.5105435	-0.323744904	-0.191986218	-0.280111672	-0.174532925	
0.5150855	-0.367037885	-0.235619449	-0.323404654	-0.226892803	
0.5252903	-0.466969633	-0.34906585	-0.423336402	-0.322885912	
0.5354831	-0.568870896	-0.453785606	-0.525237665	-0.427605667	
0.5455879	-0.669890896	-0.567232007	-0.626257665	-0.523598776	
0.5557497	-0.771890896	-0.689405055	-0.728257665	-0.645771823	
0.5659455	-0.873480896	-0.811578102	-0.829847665	-0.767944871	
0.5760823	-0.974860896	-0.93375115	-0.931227665	-0.872664626	
0.5862791	-1.0768209	-1.0559242	-1.03318766	-0.994837674	
0.596397	-1.1780309	-1.18682389	-1.13439766	-1.11701072	
0.6066048	-1.2800909	-1.30027029	-1.23645766	-1.23918377	
0.6167926	-1.3819409	-1.42244334	-1.33830766	-1.36135682	
0.6269474	-1.4834909	-1.53588974	-1.43985766	-1.49225651	
0.6371112	-1.5851509	-1.6406095	-1.54151766	-1.60570291	
0.64731	-1.6871209	-1.74532925	-1.64348766	-1.71914931	
0.6573988	-1.7880209	-1.85004901	-1.74438766	-1.83259571	
0.6675376	-1.8894209	-1.95476876	-1.84578766	-1.93731547	
0.6777725	-1.9917909	-2.05076187	-1.94815766	-2.04203522	
0.6879633	-2.0936509	-2.14675498	-2.05001766	-2.13802833	
0.6981491	-2.1955409	-2.23402144	-2.15190766	-2.23402144	
0.7082829	-2.2968709	-2.32128791	-2.25323766	-2.33001455	
0.7184537	-2.3985809	-2.41728101	-2.35494766	-2.41728101	
0.7286975	-2.5010409	-2.50454748	-2.45740766	-2.49582083	
0.7387853	-2.6019009	-2.59181394	-2.55826766	-2.58308729	
0.7489831	-2.7038509	-2.6790804	-2.66021766	-2.65290046	
0.7590769	-2.8048009	-2.77507351	-2.76116766	-2.73144028	
0.7692518	-2.9065809	-2.86233997	-2.86294766	-2.8099801	
0.7793766	-3.0077809	-2.94960644	-2.96414766	-2.89724656	
0.7895864	-3.1098909	-3.04559954	-3.06625766	-2.96705973	
0.7998502	-3.2125309	-3.14159265	-3.16889766	-3.05432619	
0.809954	-3.3135609	-3.24631241	-3.26992766	-3.14159265	
0.8200878	-3.4149109	-3.34230552	-3.37127766	-3.24631241	
0.8303236	-3.5173009	-3.44702527	-3.47366766	-3.33357887	
0.8404724	-3.6187409	-3.55174503	-3.57510766	-3.43829863	
0.8505373	-3.7194109	-3.65646478	-3.67577766	-3.54301838	
0.8606851	-3.8209009	-3.76991118	-3.77726766	-3.65646478	
0.8709009	-3.9230709	-3.87463094	-3.87943766	-3.76991118	
0.8812837	-4.0269209	-3.98807734	-3.98328766	-3.87463094	
0.8992483	-4.2097709	-4.10152374	-4.16613766	-3.99680399	
0.9054202	-4.2682509	-4.25860337	-4.22461766	-4.16261027	
0.915537	-4.3694309	-4.36332313	-4.32579766	-4.27605667	
0.9257589	-4.4716409	-4.48549618	-4.42800766	-4.39822972	
0.9360177	-4.5742409	-4.60766923	-4.53060766	-4.52912941	
0.9461785	-4.6758309	-4.71238898	-4.63219766	-4.64257581	
0.9563313	-4.7773509	-4.81710874	-4.73371766	-4.75602221	
0.9665291	-4.8793409	-4.92182849	-4.83570766	-4.86946861	
0.9767179	-4.9811809	-5.02654825	-4.93754766	-4.97418837	
0.9868057	-5.0821009	-5.12254135	-5.03846766	-5.07018148	
0.9970175	-5.1841909	-5.20980782	-5.14055766	-5.16617459	
1.007133	-5.2853609	-5.30580093	-5.24172766	-5.27089434	
1.017258	-5.3866009	-5.41052068	-5.34296766	-5.3581608	
1.036628	-5.5803409	-5.58505361	-5.53670766	-5.53269373	
1.041472	-5.6287709	-5.61996019	-5.58513766	-5.57632696	
1.051351	-5.7275009	-5.7159533	-5.68386766	-5.66359342	
1.061607	-5.8301209	-5.80321976	-5.78648766	-5.75958653	
1.07172	-5.9312409	-5.89921287	-5.88760766	-5.84685299	
1.081865	-6.0326609	-5.98647933	-5.98902766	-5.93411946	
1.092	-6.1340109	-6.0737458	-6.09037766	-6.02138592	
1.10218	-6.2358609	-6.17846555	-6.19222766	-6.10865238	
1.11235	-6.3375209	-6.27445866	-6.29388766	-6.21337214	
1.122475	-6.4387709	-6.37045177	-6.39513766	-6.3006386	
1.141392	-6.6280109	-6.55371134	-6.58437766	-6.47517152	
1.146024	-6.6742909	-6.60607122	-6.63065766	-6.53625805	
1.156132	-6.7753309	-6.71079097	-6.73169766	-6.6409778	
1.166359	-6.8776309	-6.81551073	-6.83399766	-6.74569756	
1.176506	-6.9790909	-6.92895713	-6.93545766	-6.85914396	
1.186622	-7.0802309	-7.04240353	-7.03659766	-6.97259036	
1.196767	-7.1816909	-7.15584993	-7.13805766	-7.08603676	
1.206989	-7.2839009	-7.26056969	-7.24026766	-7.20820981	
1.217086	-7.3848909	-7.37401609	-7.34125766	-7.33038286	
1.227276	-7.4867609	-7.48746249	-7.44312766	-7.44382926	
1.237443	-7.5884709	-7.59218225	-7.54483766	-7.55727566	
1.247667	-7.6907109	-7.70562865	-7.64707766	-7.67944871	
1.265741	-7.8714509	-7.89761487	-7.82781766	-7.88016157	
1.278311	-7.9971609	-7.94997474	-7.95352766	-7.9237948	
1.282938	-8.0433909	-8.08087444	-7.99975766	-8.0546945	
1.29315	-8.1455409	-8.18559419	-8.10190766	-8.15941425	
1.30329	-8.2469309	-8.29031395	-8.20329766	-8.26413401	
1.313435	-8.3483609	-8.3950337	-8.30472766	-8.36012712	
1.323617	-8.4501809	-8.49102681	-8.40654766	-8.45612023	
1.333812	-8.5521609	-8.58701992	-8.50852766	-8.55211333	
1.344053	-8.6545609	-8.69173967	-8.61092766	-8.64810644	
1.362319	-8.8372309	-8.78773278	-8.79359766	-8.72664626	
1.366945	-8.8835009	-8.90117919	-8.83986766	-8.84009266	
1.377062	-8.9846209	-8.98844565	-8.94098766	-8.92735912	
1.387235	-9.0864109	-9.0931654	-9.04277766	-9.01462559	
1.397395	-9.1879709	-9.18915851	-9.14433766	-9.1106187	
1.407574	-9.2897409	-9.28515162	-9.24610766	-9.19788516	
1.417744	-9.3914909	-9.37241808	-9.34785766	-9.28515162	
1.427909	-9.4931209	-9.46841119	-9.44948766	-9.37241808	
1.438039	-9.5944109	-9.5644043	-9.55077766	-9.46841119	
1.44819	-9.6959209	-9.66912406	-9.65228766	-9.5644043	
1.458345	-9.7975109	-9.75639052	-9.75387766	-9.66039741	
1.468531	-9.8993509	-9.86111027	-9.85571766	-9.75639052	
1.478725	-10.0013109	-9.95710338	-9.95767766	-9.86111027	
1.490893	-10.1230009	-10.0792764	-10.0793677	-9.98328332	
1.501049	-10.2245409	-10.1839962	-10.1809077	-10.0880031	
1.519076	-10.4048209	-10.2799893	-10.3611877	-10.2014495	
1.52418	-10.4558509	-10.4196156	-10.4122177	-10.3498025	
1.534402	-10.5580309	-10.533062	-10.5143977	-10.4632489	
1.544549	-10.6595209	-10.6465084	-10.6158877	-10.5766953	
1.554644	-10.7604709	-10.7512282	-10.7168377	-10.681415	
1.565096	-10.8650009	-10.8646746	-10.8213677	-10.8035881	
1.575234	-10.9664009	-10.9693943	-10.9227677	-10.9083078	
1.585347	-11.0675109	-11.0828408	-11.0238777	-11.0217542	
1.595507	-11.1691209	-11.1875605	-11.1254877	-11.126474	
1.605703	-11.2710609	-11.2922803	-11.2274277	-11.2224671	
1.615959	-11.3736209	-11.397	-11.3299877	-11.3271868	
1.626054	-11.4745709	-11.4929931	-11.4309377	-11.4144533	
1.636199	-11.5729684	-11.5977129	-11.5293352	-11.5191731	
1.646401	-11.6699173	-11.693706	-11.6262841	-11.6151662	
1.656536	-11.764194	-11.7984257	-11.7205608	-11.7111593	
1.666714	-11.8568458	-11.8944189	-11.8132126	-11.8071524	
1.676844	-11.9470136	-11.9816853	-11.9033803	-11.9031455	
1.687052	-12.0358743	-12.0776784	-11.9922411	-11.990412	
1.69719	-12.1221084	-12.1649449	-12.0784751	-12.0864051	
1.707346	-12.2064977	-12.2522113	-12.1628645	-12.1823982	
1.717516	-12.2889938	-12.3307512	-12.2453605	-12.260938	
1.727737	-12.3698487	-12.4180176	-12.3262155	-12.3482045	
1.745821	-12.505142	-12.5489173	-12.4615087	-12.4965574	
1.750481	-12.5401995	-12.5838239	-12.4965663	-12.531464	
1.760572	-12.6136194	-12.6536371	-12.5699862	-12.6012772	
1.771309	-12.6894908	-12.7234502	-12.6458575	-12.6710904	
1.780881	-12.7553942	-12.7932634	-12.711761	-12.7409035	
1.791072	-12.8235203	-12.8630766	-12.7798871	-12.8107167	
1.801267	-12.8896992	-12.9328898	-12.8460659	-12.8805299	
1.811341	-12.9531132	-12.9939763	-12.90948	-12.9416164	
1.821907	-13.0174788	-13.0550628	-12.9738455	-13.0027029	
1.831674	-13.0751891	-13.1074227	-13.0315559	-13.0550628	
1.841858	-13.1333681	-13.1685092	-13.0897349	-13.124876	
1.851975	-13.1892224	-13.2295957	-13.1455892	-13.1772359	
1.862114	-13.243244	-13.2819556	-13.1996108	-13.2295957	
1.872349	-13.2957982	-13.3343155	-13.2521649	-13.2819556	
1.882637	-13.3466005	-13.3779487	-13.3029673	-13.3343155	
1.892696	-13.3943846	-13.4303086	-13.3507514	-13.3866754	
1.902874	-13.4407877	-13.4739418	-13.3971544	-13.4303086	
1.912991	-13.4850041	-13.5088484	-13.4413708	-13.4739418	
1.923184	-13.5276055	-13.5524816	-13.4839723	-13.5175751	
1.933375	-13.5682755	-13.5961149	-13.5246423	-13.5612083	
1.943533	-13.6069248	-13.6310215	-13.5632916	-13.5961149	
1.953695	-13.6436688	-13.665928	-13.6000356	-13.6397481	
1.963889	-13.678629	-13.7008346	-13.6349958	-13.6746547	
1.974037	-13.7115934	-13.7357412	-13.6679602	-13.7095613	
1.984205	-13.7426997	-13.7619212	-13.6990665	-13.7444679	
1.994386	-13.7720095	-13.7881011	-13.7283763	-13.7706478	
2.004502	-13.7993175	-13.8230077	-13.7556843	-13.8055544	
2.014737	-13.8250952	-13.840461	-13.7814619	-13.8230077	
2.02531	-13.8503368	-13.8666409	-13.8067036	-13.8579143	
2.03504	-13.8708454	-13.8840942	-13.8272122	-13.8753676	
2.04524	-13.8911586	-13.9102741	-13.8475254	-13.8928208	
2.055392	-13.909656	-13.9277274	-13.8660228	-13.8928208	
2.065528	-13.9264331	-13.9451807	-13.8827998	-13.9102741	
2.07567	-13.941555	-13.9539074	-13.8979218	-13.9277274	
2.085996	-13.9552517	-13.9713607	-13.9116185	-13.9364541	
2.096087	-13.9670894	-13.9800873	-13.9234562	-13.9451807	
2.106254	-13.9774776	-13.988814	-13.9338444	-13.9539074	
2.116367	-13.9863603	-13.9975406	-13.9427271	-13.962634	
2.126599	-13.9939223	-13.9975406	-13.9502891	-13.962634	
2.136779	-14.0001396	-13.9975406	-13.9565063	-13.962634	
2.146867	-14.00512	-13.9975406	-13.9614868	-13.962634	
2.157026	-14.009046	-13.9975406	-13.9654128	-13.9713607	
2.167142	-14.0120204	-13.9975406	-13.9683872	-13.9713607	
2.177279	-14.0142089	-13.9975406	-13.9705757	-13.962634	
2.187494	-14.0190513	-13.9975406	-13.9754181	-13.962634	
2.197665	-14.0190513	-13.9975406	-13.9754181	-13.962634	
2.207886	-14.0190513	-13.9975406	-13.9754181	-13.962634	
2.218037	-14.0190513	-13.9975406	-13.9754181	-13.962634	
2.228182	-14.0190513	-13.9975406	-13.9754181	-13.962634	
2.238413	-14.0190513	-13.9975406	-13.9754181	-13.962634	
2.24857	-14.0190513	-13.9975406	-13.9754181	-13.962634	
2.258759	-14.0190513	-13.9975406	-13.9754181	-13.962634	
2.268859	-14.0190513	-13.9975406	-13.9754181	-13.962634	
2.279072	-14.0190513	-13.9975406	-13.9754181	-13.962634	
2.289181	-14.0190513	-13.9975406	-13.9754181	-13.962634	
2.299365	-14.0190513	-13.9975406	-13.9754181	-13.962634	
2.309441	-14.0190513	-13.9975406	-13.9754181	-13.962634	
2.319695	-14.0190513	-13.9975406	-13.9754181	-13.962634	
2.329842	-14.0190513	-13.9975406	-13.9754181	-13.962634	
2.340258	-14.0190513	-13.9975406	-13.9754181	-13.962634	
2.350158	-14.0190513	-13.9975406	-13.9754181	-13.962634	
2.360269	-14.0190513	-13.9975406	-13.9754181	-13.962634	
2.370527	-14.0190513	-13.9975406	-13.9754181	-13.962634	
2.380628	-14.0190513	-13.9975406	-13.9754181	-13.962634	
2.390809	-14.0190513	-13.9975406	-13.9754181	-13.962634	
2.400969	-14.0190513	-13.9975406	-13.9754181	-13.962634	
2.411158	-14.0190513	-13.9975406	-13.9754181	-13.962634	
2.421307	-14.0190513	-13.9975406	-13.9754181	-13.962634	
2.431798	-14.0190513	-13.9975406	-13.9754181	-13.962634	
2.441561	-14.0190513	-13.9975406	-13.9754181	-13.962634	
2.451683	-14.0190513	-13.9975406	-13.9754181	-13.962634	
2.46191	-14.0190513	-13.9975406	-13.9754181	-13.962634	
2.47215	-14.0190513	-13.9975406	-13.9754181	-13.962634	
2.482327	-14.0190513	-13.9975406	-13.9754181	-13.962634	
2.492391	-14.0190513	-13.9975406	-13.9754181	-13.962634	
2.502678	-14.0190513	-13.9975406	-13.9754181	-13.962634	
2.512847	-14.0190513	-13.9975406	-13.9754181	-13.962634	
2.522912	-14.0190513	-13.9975406	-13.9754181	-13.962634	
2.533157	-14.0190513	-13.9975406	-13.9754181	-13.962634	
2.54332	-14.0190513	-13.9975406	-13.9754181	-13.962634	
2.553425	-14.0190513	-13.9975406	-13.9754181	-13.962634	
2.563591	-14.0190513	-13.9975406	-13.9754181	-13.962634	
2.573793	-14.0190513	-13.9975406	-13.9754181	-13.962634	
2.591934	-14.0190513	-13.9975406	-13.9754181	-13.962634	
2.596508	-14.0190513	-13.9975406	-13.9754181	-13.962634	
2.606932	-14.0190513	-13.9975406	-13.9754181	-13.962634	
2.616933	-14.0190513	-13.9975406	-13.9754181	-13.962634	
2.627039	-14.0190513	-13.9975406	-13.9754181	-13.962634	
2.637224	-14.0190513	-13.9975406	-13.9754181	-13.962634	
2.647381	-14.0190513	-13.9975406	-13.9754181	-13.962634	
2.657495	-14.0190513	-13.9975406	-13.9754181	-13.962634	
2.667677	-14.0190513	-13.9975406	-13.9754181	-13.962634	
2.677855	-14.0190513	-13.9975406	-13.9754181	-13.962634	
2.688087	-14.0190513	-13.9975406	-13.9754181	-13.962634	
2.698183	-14.0190513	-13.9975406	-13.9754181	-13.962634	
2.708411	-14.0190513	-13.9975406	-13.9754181	-13.962634	
2.718695	-14.0190513	-13.9975406	-13.9754181	-13.962634	
2.72886	-14.0190513	-13.9975406	-13.9754181	-13.962634	
2.738913	-14.0190513	-13.9975406	-13.9754181	-13.962634	
2.749117	-14.0190513	-13.9975406	-13.9754181	-13.962634	
2.759187	-14.0190513	-13.9975406	-13.9754181	-13.962634	
2.769549	-14.0190513	-13.9975406	-13.9754181	-13.962634	
2.779539	-14.0190513	-13.9975406	-13.9754181	-13.962634	
2.789704	-14.0190513	-13.9975406	-13.9754181	-13.962634	
2.79987	-14.0190513	-13.9975406	-13.9754181	-13.962634	
2.81042	-14.0190513	-13.9975406	-13.9754181	-13.962634	
2.820204	-14.0190513	-13.9975406	-13.9754181	-13.962634	
2.830371	-14.0190513	-13.9975406	-13.9754181	-13.962634	
2.840548	-14.0190513	-13.9975406	-13.9754181	-13.962634	
2.850627	-14.0190513	-13.9975406	-13.9754181	-13.962634	
2.860788	-14.0190513	-13.9975406	-13.9754181	-13.962634	
2.870988	-14.0190513	-13.9975406	-13.9754181	-13.962634	
2.881232	-14.0190513	-13.988814	-13.9754181	-13.962634	
2.891316	-14.0190513	-13.9800873	-13.9754181	-13.962634	
2.911376	-14.0190513	-13.9800873	-13.9754181	-13.962634	
2.916032	-14.0190513	-13.9800873	-13.9754181	-13.962634	
2.926162	-14.0190513	-13.9800873	-13.9754181	-13.962634	
2.936346	-14.0190513	-13.988814	-13.9754181	-13.962634	
2.946505	-14.0190513	-13.988814	-13.9754181	-13.962634	
2.956691	-14.0190513	-13.9975406	-13.9754181	-13.962634	
2.966859	-14.0190513	-13.9975406	-13.9754181	-13.962634	
2.977073	-14.0190513	-13.9975406	-13.9754181	-13.962634	
2.991625	-14.0190513	-13.9975406	-13.9754181	-13.962634	
3.001425	-14.0190513	-14.0062672	-13.9754181	-13.962634	
3.011532	-14.0190513	-14.0062672	-13.9754181	-13.962634	
3.02172	-14.0190513	-14.0062672	-13.9754181	-13.962634	
3.041214	-14.0190513	-14.0062672	-13.9754181	-13.962634	
3.045832	-14.0190513	-14.0062672	-13.9754181	-13.962634	
3.06402	-14.0190513	-14.0062672	-13.9754181	-13.962634	
3.068604	-14.0190513	-14.0062672	-13.9754181	-13.962634	
3.078832	-14.0190513	-14.0062672	-13.9754181	-13.962634	
3.088978	-14.0190513	-14.0062672	-13.9754181	-13.962634	
3.099091	-14.0190513	-14.0062672	-13.9754181	-13.962634	
3.10929	-14.0190513	-14.0062672	-13.9754181	-13.962634	
3.119416	-14.0190513	-14.0062672	-13.9754181	-13.962634	
3.129535	-14.0190513	-14.0062672	-13.9754181	-13.962634	
3.139706	-14.0190513	-14.0062672	-13.9754181	-13.962634	
3.149898	-14.0190513	-14.0062672	-13.9754181	-13.962634	
3.167923	-14.0190513	-14.0062672	-13.9754181	-13.962634	
3.172493	-14.0190513	-14.0062672	-13.9754181	-13.962634	
3.190694	-14.0190513	-14.0062672	-13.9754181	-13.962634	
3.195289	-14.0190513	-14.0062672	-13.9754181	-13.962634	
3.205504	-14.0190513	-14.0062672	-13.9754181	-13.962634	
3.215651	-14.0190513	-14.0062672	-13.9754181	-13.962634	
3.225798	-14.0190513	-14.0062672	-13.9754181	-13.962634	
3.236198	-14.0190513	-14.0062672	-13.9754181	-13.962634	
3.246315	-14.0190513	-14.0062672	-13.9754181	-13.962634	
3.256514	-14.0190513	-14.0062672	-13.9754181	-13.962634	
3.26667	-14.0190513	-14.0062672	-13.9754181	-13.962634	
3.276817	-14.0190513	-14.0062672	-13.9754181	-13.962634	
3.287036	-14.0190513	-14.0062672	-13.9754181	-13.962634	
3.297174	-14.0190513	-14.0062672	-13.9754181	-13.962634	
3.307284	-14.0190513	-14.0062672	-13.9754181	-13.962634	
3.317532	-14.0190513	-14.0062672	-13.9754181	-13.962634	
3.327756	-14.0190513	-14.0062672	-13.9754181	-13.962634	
3.33786	-14.0190513	-14.0062672	-13.9754181	-13.962634	
3.348065	-14.0190513	-13.9975406	-13.9754181	-13.962634	
3.35817	-14.0190513	-13.9975406	-13.9754181	-13.962634	
3.36836	-14.0190513	-13.9975406	-13.9754181	-13.962634	
3.378524	-14.0190513	-14.0062672	-13.9754181	-13.962634	
3.388742	-14.0190513	-14.0062672	-13.9754181	-13.962634	
3.39891	-14.0190513	-13.9975406	-13.9754181	-13.962634	
3.409066	-14.0190513	-13.9975406	-13.9754181	-13.962634	
3.419189	-14.0190513	-13.9975406	-13.9754181	-13.962634	
3.429367	-14.0190513	-13.9975406	-13.9754181	-13.962634	
3.439552	-14.0190513	-13.9975406	-13.9754181	-13.962634	
3.449855	-14.0190513	-13.9975406	-13.9754181	-13.962634	
3.459964	-14.0190513	-13.9975406	-13.9754181	-13.962634	
3.470163	-14.0190513	-13.9975406	-13.9754181	-13.962634	
3.480335	-14.0190513	-13.9975406	-13.9754181	-13.962634	
3.490486	-14.0190513	-13.9975406	-13.9754181	-13.962634	
3.500578	-14.0190513	-13.9975406	-13.9754181	-13.962634	
3.510813	-14.0190513	-13.9975406	-13.9754181	-13.962634	
3.520995	-14.0190513	-13.9975406	-13.9754181	-13.962634	
3.531064	-14.0190513	-13.9975406	-13.9754181	-13.962634	
3.541343	-14.0190513	-14.0062672	-13.9754181	-13.9713607	
3.551459	-14.0190513	-14.0062672	-13.9754181	-13.9713607	
3.561543	-14.0190513	-14.0062672	-13.9754181	-13.9713607	
3.571725	-14.0190513	-14.0062672	-13.9754181	-13.962634	
3.581911	-14.0190513	-14.0062672	-13.9754181	-13.962634	
3.592144	-14.0190513	-14.0062672	-13.9754181	-13.962634	
3.602277	-14.0190513	-14.0062672	-13.9754181	-13.962634	
3.612403	-14.0190513	-14.0062672	-13.9754181	-13.962634	
3.622705	-14.0190513	-14.0062672	-13.9754181	-13.962634	
3.632794	-14.0190513	-14.0062672	-13.9754181	-13.962634	
3.642905	-14.0190513	-14.0062672	-13.9754181	-13.962634	
3.653045	-14.0190513	-14.0062672	-13.9754181	-13.962634	
3.66325	-14.0190513	-14.0062672	-13.9754181	-13.962634	
3.673407	-14.0190513	-14.0062672	-13.9754181	-13.962634	
3.683562	-14.0190513	-14.0062672	-13.9754181	-13.962634	
3.693751	-14.0190513	-14.0062672	-13.9754181	-13.962634	
3.703927	-14.0190513	-14.0062672	-13.9754181	-13.962634	
3.722014	-14.0190513	-14.0062672	-13.9754181	-13.962634	
3.726688	-14.0190513	-14.0062672	-13.9754181	-13.962634	
3.736802	-14.0190513	-14.0062672	-13.9754181	-13.962634	
3.746923	-14.0190513	-14.0062672	-13.9754181	-13.962634	
3.757323	-14.0190513	-14.0062672	-13.9754181	-13.962634	
3.767298	-14.0190513	-14.0062672	-13.9754181	-13.962634	
3.777431	-14.0190513	-14.0062672	-13.9754181	-13.962634	
3.787556	-14.0190513	-14.0062672	-13.9754181	-13.962634	
3.797685	-14.0190513	-14.0062672	-13.9754181	-13.962634	
3.807965	-14.0190513	-14.0062672	-13.9754181	-13.962634	
3.826119	-14.0190513	-14.0062672	-13.9754181	-13.962634	
3.830802	-14.0190513	-14.0062672	-13.9754181	-13.962634	
3.840965	-14.0190513	-14.0062672	-13.9754181	-13.962634	
3.851005	-14.0190513	-14.0062672	-13.9754181	-13.962634	
3.869232	-14.0190513	-14.0062672	-13.9754181	-13.962634	
3.873843	-14.0190513	-14.0062672	-13.9754181	-13.962634	
3.884096	-14.0190513	-14.0062672	-13.9754181	-13.962634	
3.894202	-14.0190513	-14.0062672	-13.9754181	-13.962634	
3.904393	-14.0190513	-14.0062672	-13.9754181	-13.962634	
3.91455	-14.0190513	-14.0062672	-13.9754181	-13.962634	
3.924717	-14.0190513	-14.0062672	-13.9754181	-13.962634	
3.934928	-14.0190513	-14.0062672	-13.9754181	-13.962634	
3.945085	-14.0190513	-14.0062672	-13.9754181	-13.962634	
3.955203	-14.0190513	-14.0062672	-13.9754181	-13.962634	
3.96543	-14.0190513	-14.0062672	-13.9754181	-13.962634	
3.975626	-14.0190513	-14.0062672	-13.9754181	-13.962634	
3.985712	-14.0190513	-14.0062672	-13.9754181	-13.962634	
3.995874	-14.0190513	-14.0062672	-13.9754181	-13.962634	
4.006002	-14.0190513	-14.0062672	-13.9754181	-13.962634	
4.016273	-14.0190513	-14.0062672	-13.9754181	-13.962634	
4.026365	-14.0190513	-14.0062672	-13.9754181	-13.962634	
4.036545	-14.0190513	-14.0062672	-13.9754181	-13.962634	
4.046768	-14.0190513	-14.0062672	-13.9754181	-13.962634	
4.056843	-14.0190513	-14.0062672	-13.9754181	-13.962634	
4.066989	-14.0190513	-14.0062672	-13.9754181	-13.962634	
4.077229	-14.0190513	-14.0062672	-13.9754181	-13.962634	
4.087347	-14.0190513	-14.0062672	-13.9754181	-13.962634	
4.097488	-14.0190513	-14.0062672	-13.9754181	-13.962634	
4.107643	-14.0190513	-14.0062672	-13.9754181	-13.962634	
4.117852	-14.0190513	-14.0062672	-13.9754181	-13.962634	
4.128066	-14.0190513	-14.0062672	-13.9754181	-13.962634	
4.138211	-14.0190513	-14.0062672	-13.9754181	-13.962634	
4.148363	-14.0190513	-14.0062672	-13.9754181	-13.962634	
4.158518	-14.0190513	-14.0062672	-13.9754181	-13.962634	
4.16874	-14.0190513	-14.0062672	-13.9754181	-13.962634	
4.178834	-14.0190513	-14.0062672	-13.9754181	-13.962634	
4.189026	-14.0190513	-14.0062672	-13.9754181	-13.962634	
4.199197	-14.0190513	-14.0062672	-13.9754181	-13.962634	
4.209376	-14.0190513	-14.0062672	-13.9754181	-13.962634	
4.219495	-14.0190513	-14.0062672	-13.9754181	-13.962634	
4.229647	-14.0190513	-14.0062672	-13.9754181	-13.962634	
4.239913	-14.0190513	-14.0062672	-13.9754181	-13.962634	
4.25001	-14.0190513	-14.0062672	-13.9754181	-13.962634	
4.260182	-14.0190513	-14.0062672	-13.9754181	-13.962634	
4.270314	-14.0190513	-14.0062672	-13.9754181	-13.962634	
4.280758	-14.0190513	-14.0062672	-13.9754181	-13.962634	
4.290851	-14.0190513	-14.0062672	-13.9754181	-13.962634	
4.300983	-14.0190513	-14.0062672	-13.9754181	-13.962634	
4.319261	-14.0190513	-14.0062672	-13.9754181	-13.962634	
4.323876	-14.0190513	-14.0062672	-13.9754181	-13.962634	
4.33404	-14.0190513	-14.0062672	-13.9754181	-13.962634	
4.344275	-14.0190513	-14.0062672	-13.9754181	-13.962634	
4.35441	-14.0190513	-14.0062672	-13.9754181	-13.962634	
4.364532	-14.0190513	-14.0062672	-13.9754181	-13.962634	
4.374803	-14.0190513	-14.0062672	-13.9754181	-13.962634	
4.384933	-14.0190513	-14.0062672	-13.9754181	-13.962634	
4.395048	-14.0190513	-14.0062672	-13.9754181	-13.962634	
4.405214	-14.0190513	-14.0062672	-13.9754181	-13.962634	
4.4154	-14.0190513	-14.0062672	-13.9754181	-13.9713607	
4.42554	-14.0190513	-14.0062672	-13.9754181	-13.9713607	
4.435712	-14.0190513	-14.0062672	-13.9754181	-13.9713607	
4.445876	-14.0190513	-14.0062672	-13.9754181	-13.9713607	
4.456016	-14.0190513	-14.0062672	-13.9754181	-13.9713607	
4.46626	-14.0190513	-14.0062672	-13.9754181	-13.9713607	
4.4764	-14.0190513	-14.0062672	-13.9754181	-13.9713607	
4.486609	-14.0190513	-14.0062672	-13.9754181	-13.9713607	
4.496717	-14.0190513	-14.0062672	-13.9754181	-13.9713607	
4.506842	-14.0190513	-14.0062672	-13.9754181	-13.9713607	
4.517015	-14.0190513	-14.0062672	-13.9754181	-13.9713607	
4.527201	-14.0190513	-14.0062672	-13.9754181	-13.9713607	
4.537393	-14.0190513	-14.0062672	-13.9754181	-13.9713607	
4.547478	-14.0190513	-14.0062672	-13.9754181	-13.9713607	
4.55768	-14.0190513	-14.0062672	-13.9754181	-13.9713607	
4.567834	-14.0190513	-14.0062672	-13.9754181	-13.9713607	
4.577984	-14.0190513	-14.0062672	-13.9754181	-13.9713607	
4.58817	-14.0190513	-14.0062672	-13.9754181	-13.9713607	
4.598334	-14.0190513	-14.0062672	-13.9754181	-13.9713607	
4.608686	-14.0190513	-14.0062672	-13.9754181	-13.9713607	
4.619123	-14.0190513	-14.0062672	-13.9754181	-13.9713607	
4.628865	-14.0190513	-14.0062672	-13.9754181	-13.9713607	
4.639057	-14.0190513	-14.0062672	-13.9754181	-13.9713607	
4.649235	-14.0190513	-14.0062672	-13.9754181	-13.9713607	
4.659274	-14.0190513	-14.0062672	-13.9754181	-13.9713607	
4.669529	-14.0190513	-14.0062672	-13.9754181	-13.9713607	
4.679618	-14.0190513	-14.0062672	-13.9754181	-13.9713607	
4.689843	-14.0190513	-14.0062672	-13.9754181	-13.9713607	
4.700048	-14.0190513	-14.0062672	-13.9754181	-13.9713607	
4.710191	-14.0190513	-14.0062672	-13.9754181	-13.9713607	
4.7204	-14.0190513	-14.0062672	-13.9754181	-13.9713607	
4.730538	-14.0190513	-14.0062672	-13.9754181	-13.9713607	
4.740774	-14.0190513	-14.0062672	-13.9754181	-13.9713607	
4.750885	-14.0190513	-14.0062672	-13.9754181	-13.9713607	
4.761008	-14.0190513	-14.0062672	-13.9754181	-13.9713607	
4.771336	-14.0190513	-14.0062672	-13.9754181	-13.9713607	
4.781353	-14.0190513	-14.0062672	-13.9754181	-13.9713607	
4.79182	-14.0190513	-14.0062672	-13.9754181	-13.9713607	
4.801755	-14.0190513	-14.0062672	-13.9754181	-13.9713607	
4.811736	-14.0190513	-14.0062672	-13.9754181	-13.9713607	
4.821916	-14.0190513	-14.0062672	-13.9754181	-13.9713607	
4.832071	-14.0190513	-14.0062672	-13.9754181	-13.9713607	
4.850158	-14.0190513	-14.0062672	-13.9754181	-13.9713607	
4.854786	-14.0190513	-14.0062672	-13.9754181	-13.9713607	
4.864946	-14.0190513	-14.0062672	-13.9754181	-13.9713607	
4.875066	-14.0190513	-14.0062672	-13.9754181	-13.9713607	
4.885273	-14.0190513	-14.0062672	-13.9754181	-13.9713607	
4.895415	-14.0190513	-14.0062672	-13.9754181	-13.9713607	
4.905805	-14.0190513	-14.0062672	-13.9754181	-13.9713607	
4.915742	-14.0190513	-14.0062672	-13.9754181	-13.9713607	
4.92591	-14.0190513	-14.0062672	-13.9754181	-13.9713607	
4.93609	-14.0190513	-14.0062672	-13.9754181	-13.9713607	
4.954172	-14.0190513	-14.0062672	-13.9754181	-13.9713607	
4.958865	-14.0190513	-14.0062672	-13.9754181	-13.9713607	
4.968967	-14.0190513	-14.0062672	-13.9754181	-13.9713607	
4.979091	-14.0190513	-14.0062672	-13.9754181	-13.9713607	
4.989254	-14.0190513	-14.0062672	-13.9754181	-13.9713607	
4.999465	-14.0190513	-14.0062672	-13.9754181	-13.9713607	
5.009534	-14.0190513	-14.0062672	-13.9754181	-13.9713607	
5.019674	-14.0190513	-14.0062672	-13.9754181	-13.9713607	
5.029849	-14.0190513	-14.0062672	-13.9754181	-13.9713607	
5.0401	-14.0190513	-14.0062672	-13.9754181	-13.9713607	
5.050521	-14.0190513	-14.0062672	-13.9754181	-13.9713607	
5.060384	-14.0190513	-14.0062672	-13.9754181	-13.9713607	
5.070538	-14.0190513	-14.0062672	-13.9754181	-13.9713607	
5.080744	-14.0190513	-14.0062672	-13.9754181	-13.9713607	
5.090823	-14.0190513	-14.0062672	-13.9754181	-13.9713607	
5.100986	-14.0190513	-14.0062672	-13.9754181	-13.9713607	
5.111252	-14.0190513	-14.0062672	-13.9754181	-13.9713607	
5.12137	-14.0190513	-14.0062672	-13.9754181	-13.9713607	
5.131552	-14.0190513	-14.0062672	-13.9754181	-13.9713607	
5.14165	-14.0190513	-14.0062672	-13.9754181	-13.9713607	
5.151847	-14.0190513	-14.0062672	-13.9754181	-13.9713607	
5.16195	-14.0190513	-14.0062672	-13.9754181	-13.9713607	
5.172094	-14.0190513	-14.0062672	-13.9754181	-13.9713607	
5.1823	-14.0190513	-14.0062672	-13.9754181	-13.9713607	
5.192465	-14.0190513	-14.0062672	-13.9754181	-13.9713607	
5.210614	-14.0190513	-14.0062672	-13.9754181	-13.9713607	
5.215253	-14.0190513	-14.0062672	-13.9754181	-13.9713607	
5.225394	-14.0190513	-14.0062672	-13.9754181	-13.9713607	
5.235526	-14.0190513	-14.0062672	-13.9754181	-13.9713607	
5.245738	-14.0190513	-14.0062672	-13.9754181	-13.9713607	
5.255849	-14.0190513	-14.0062672	-13.9754181	-13.9713607	
5.266055	-14.0190513	-14.0062672	-13.9754181	-13.9713607	
5.276197	-14.0190513	-14.0062672	-13.9754181	-13.9713607	
5.286369	-14.0190513	-14.0062672	-13.9754181	-13.9713607	
5.296536	-14.0190513	-14.0062672	-13.9754181	-13.9713607	
5.306706	-14.0190513	-14.0062672	-13.9754181	-13.9713607	
5.316865	-14.0190513	-14.0062672	-13.9754181	-13.9713607	
5.327097	-14.0190513	-14.0062672	-13.9754181	-13.9713607	
5.337232	-14.0190513	-14.0062672	-13.9754181	-13.9713607	
5.347368	-14.0190513	-14.0062672	-13.9754181	-13.9713607	
5.357571	-14.0190513	-14.0062672	-13.9754181	-13.9713607	
5.367754	-14.0190513	-14.0062672	-13.9754181	-13.9713607	
5.377874	-14.0190513	-14.0062672	-13.9754181	-13.9713607	
5.388256	-14.0190513	-14.0062672	-13.9754181	-13.9713607	
5.398376	-14.0190513	-14.0062672	-13.9754181	-13.9713607	
5.408563	-14.0190513	-14.0062672	-13.9754181	-13.9713607	
5.418773	-14.0190513	-14.0062672	-13.9754181	-13.9713607	
5.429007	-14.0190513	-14.0062672	-13.9754181	-13.9713607	
5.439515	-14.0190513	-14.0062672	-13.9754181	-13.9713607	
5.449348	-14.0190513	-14.0062672	-13.9754181	-13.9713607	
5.459487	-14.0190513	-14.0062672	-13.9754181	-13.9713607	
5.469704	-14.0190513	-14.0062672	-13.9754181	-13.9713607	
5.479896	-14.0190513	-14.0062672	-13.9754181	-13.9713607	
5.490002	-14.0190513	-14.0062672	-13.9754181	-13.9713607	
5.500117	-14.0190513	-14.0062672	-13.9754181	-13.9713607	
5.510314	-14.0190513	-14.0062672	-13.9754181	-13.9713607	
5.520519	-14.0190513	-14.0062672	-13.9754181	-13.9713607	
5.530692	-14.0190513	-14.0062672	-13.9754181	-13.9713607	
5.540814	-14.0190513	-14.0062672	-13.9754181	-13.9713607	
5.551037	-14.0190513	-14.0062672	-13.9754181	-13.9713607	
5.569204	-14.0190513	-14.0062672	-13.9754181	-13.9713607	
5.573812	-14.0190513	-14.0062672	-13.9754181	-13.9713607	
5.584028	-14.0190513	-14.0062672	-13.9754181	-13.9713607	
5.594118	-14.0190513	-14.0062672	-13.9754181	-13.9713607	
5.604344	-14.0190513	-14.0062672	-13.9754181	-13.9713607	
5.614474	-14.0190513	-14.0062672	-13.9754181	-13.9713607	
5.624655	-14.0190513	-14.0062672	-13.9754181	-13.9713607	
5.634854	-14.0190513	-14.0062672	-13.9754181	-13.9713607	
5.644996	-14.0190513	-14.0062672	-13.9754181	-13.9713607	
5.655158	-14.0190513	-14.0062672	-13.9754181	-13.9713607	
5.665391	-14.0190513	-14.0062672	-13.9754181	-13.9713607	
5.675506	-14.0190513	-14.0062672	-13.9754181	-13.9713607	
5.685692	-14.0190513	-14.0062672	-13.9754181	-13.9713607	
5.69588	-14.0190513	-14.0062672	-13.9754181	-13.9713607	
5.705989	-14.0190513	-14.0062672	-13.9754181	-13.9713607	
5.716144	-14.0190513	-14.0062672	-13.9754181	-13.9713607	
5.726351	-14.0190513	-14.0062672	-13.9754181	-13.9713607	
5.736552	-14.0190513	-14.0062672	-13.9754181	-13.9713607	
5.754651	-14.0190513	-14.0062672	-13.9754181	-13.9713607	
5.759274	-14.0190513	-14.0062672	-13.9754181	-13.9713607	
5.769452	-14.0190513	-14.0062672	-13.9754181	-13.9713607	
5.77954	-14.0190513	-14.0062672	-13.9754181	-13.9713607	
5.789862	-14.0190513	-14.0062672	-13.9754181	-13.9713607	
5.79993	-14.0190513	-14.0062672	-13.9754181	-13.9713607	
5.810077	-14.0190513	-14.0062672	-13.9754181	-13.9713607	
5.820192	-14.0190513	-14.0062672	-13.9754181	-13.9713607	
5.830555	-14.0190513	-14.0062672	-13.9754181	-13.9713607	
5.840561	-14.0190513	-14.0062672	-13.9754181	-13.9713607	
5.85877	-14.0190513	-14.0062672	-13.9754181	-13.9713607	
5.863439	-14.0190513	-14.0062672	-13.9754181	-13.9713607	
5.8736	-14.0190513	-14.0062672	-13.9754181	-13.9713607	
5.883739	-14.0190513	-14.0062672	-13.9754181	-13.9713607	
5.893947	-14.0190513	-14.0062672	-13.9754181	-13.9713607	
5.904163	-14.0190513	-14.0062672	-13.9754181	-13.9713607	
5.914335	-14.0190513	-14.0062672	-13.9754181	-13.9713607	
5.924486	-14.0190513	-14.0062672	-13.9754181	-13.9713607	
5.934719	-14.0190513	-14.0062672	-13.9754181	-13.9713607	
5.944854	-14.0190513	-14.0062672	-13.9754181	-13.9713607	
5.955085	-14.0190513	-14.0062672	-13.9754181	-13.9713607	
5.965164	-14.0190513	-14.0062672	-13.9754181	-13.9713607	
5.975353	-14.0190513	-14.0062672	-13.9754181	-13.9713607	
5.985559	-14.0190513	-14.0062672	-13.9754181	-13.9713607	
5.995644	-14.0190513	-14.0062672	-13.9754181	-13.9713607	
6.005813	-14.0190513	-14.0062672	-13.9754181	-13.9713607	
6.015982	-14.0190513	-14.0062672	-13.9754181	-13.9713607	
6.026136	-14.0190513	-14.0062672	-13.9754181	-13.9713607	
6.037759	-14.0190513	-14.0062672	-13.9754181	-13.9713607	
6.046447	-14.0190513	-14.0062672	-13.9754181	-13.9713607	
6.056622	-14.0190513	-14.0062672	-13.9754181	-13.9713607	
6.066831	-14.0190513	-14.0062672	-13.9754181	-13.9713607	
6.076944	-14.0190513	-14.0062672	-13.9754181	-13.9713607	
6.087157	-14.0190513	-14.0062672	-13.9754181	-13.9713607	
6.097322	-14.0190513	-14.0062672	-13.9754181	-13.9713607	
6.107424	-14.0190513	-14.0062672	-13.9754181	-13.9713607	
6.117612	-14.0190513	-14.0062672	-13.9754181	-13.9713607	
6.127754	-14.0190513	-14.0062672	-13.9754181	-13.9713607	
6.137896	-14.0190513	-14.0062672	-13.9754181	-13.9713607	
6.148817	-14.0190513	-14.0062672	-13.9754181	-13.9713607	
6.158218	-14.0190513	-14.0062672	-13.9754181	-13.9713607	
6.176279	-14.0190513	-14.0062672	-13.9754181	-13.9713607	
6.180848	-14.0190513	-14.0062672	-13.9754181	-13.9713607	
6.191176	-14.0190513	-14.0062672	-13.9754181	-13.9713607	
6.201368	-14.0190513	-14.0062672	-13.9754181	-13.9713607	
6.211381	-14.0190513	-14.0062672	-13.9754181	-13.9713607	
6.221603	-14.0190513	-14.0062672	-13.9754181	-13.9713607	
6.231729	-14.0190513	-14.0062672	-13.9754181	-13.9713607	
6.241854	-14.0190513	-14.0062672	-13.9754181	-13.9713607	
6.251952	-14.0190513	-14.0062672	-13.9754181	-13.9713607	
6.262431	-14.0190513	-14.0062672	-13.9754181	-13.9713607	
6.272372	-14.0190513	-14.0062672	-13.9754181	-13.9713607	
6.282508	-14.0190513	-14.0062672	-13.9754181	-13.9713607	
6.300575	-14.0190513	-14.0062672	-13.9754181	-13.9713607	
6.305252	-14.0190513	-14.0062672	-13.9754181	-13.9713607	
6.315342	-14.0190513	-14.0062672	-13.9754181	-13.9713607	
6.325485	-14.0190513	-14.0062672	-13.9754181	-13.9713607	
6.335675	-14.0190513	-14.0062672	-13.9754181	-13.9713607	
6.345833	-14.0190513	-14.0062672	-13.9754181	-13.9713607	
6.355982	-14.0190513	-14.0062672	-13.9754181	-13.9713607	
6.36615	-14.0190513	-14.0062672	-13.9754181	-13.9713607	
6.376373	-14.0190513	-14.0062672	-13.9754181	-13.9713607	
6.386709	-14.0190513	-14.0062672	-13.9754181	-13.9713607	
6.396661	-14.0190513	-14.0062672	-13.9754181	-13.9713607	
6.406873	-14.0190513	-14.0062672	-13.9754181	-13.9713607	
6.417039	-14.0190513	-14.0062672	-13.9754181	-13.9713607	
6.427132	-14.0190513	-14.0062672	-13.9754181	-13.9713607	
6.437302	-14.0190513	-14.0062672	-13.9754181	-13.9713607	
6.447499	-14.0190513	-14.0062672	-13.9754181	-13.9713607	
6.457619	-14.0190513	-14.0062672	-13.9754181	-13.9713607	
6.467771	-14.0190513	-14.0062672	-13.9754181	-13.9713607	
6.477962	-14.0190513	-14.0062672	-13.9754181	-13.9713607	
6.490191	-14.0190513	-14.0062672	-13.9754181	-13.9713607	
6.498228	-14.0190513	-14.0062672	-13.9754181	-13.9713607	
6.508396	-14.0190513	-14.0062672	-13.9754181	-13.9713607	
6.518522	-14.0190513	-14.0062672	-13.9754181	-13.9713607	
6.528745	-14.0190513	-14.0062672	-13.9754181	-13.9713607	
6.53892	-14.0190513	-14.0062672	-13.9754181	-13.9713607	
6.549086	-14.0190513	-14.0062672	-13.9754181	-13.9713607	
6.559271	-14.0190513	-14.0062672	-13.9754181	-13.9713607	
6.569445	-14.0190513	-14.0062672	-13.9754181	-13.9713607	
6.579582	-14.0190513	-14.0062672	-13.9754181	-13.9713607	
6.589812	-14.0190513	-14.0062672	-13.9754181	-13.9713607	
6.599971	-14.0190513	-14.0062672	-13.9754181	-13.9713607	
6.610068	-14.0190513	-14.0062672	-13.9754181	-13.9713607	
6.62021	-14.0190513	-14.0062672	-13.9754181	-13.9713607	
6.6304	-14.0190513	-14.0062672	-13.9754181	-13.9713607	
6.64062	-14.0190513	-14.0062672	-13.9754181	-13.9713607	
6.650787	-14.0190513	-14.0062672	-13.9754181	-13.9713607	
6.660888	-14.0190513	-14.0062672	-13.9754181	-13.9713607	
6.671203	-14.0190513	-14.0062672	-13.9754181	-13.9713607	
6.681613	-14.0190513	-14.0062672	-13.9754181	-13.9713607	
