33.7327	-62.0292855	-62.0028217	-61.9856523	-61.994095	
33.73731	-62.0316163	-62.0028217	-61.9879831	-61.994095	
33.74746	-62.0393914	-62.0028217	-61.9957581	-61.994095	
33.75766	-62.0492978	-62.0115483	-62.0056645	-61.9853684	
33.7678	-62.0611873	-62.0115483	-62.017554	-61.9853684	
33.77796	-62.0751747	-62.0115483	-62.0315415	-61.994095	
33.79611	-62.1081785	-62.0290016	-62.0645453	-61.994095	
33.80079	-62.116495	-62.0377283	-62.0728617	-62.0028217	
33.81097	-62.1372396	-62.0551816	-62.0936063	-62.020275	
33.82113	-62.1599702	-62.0813615	-62.116337	-62.0377283	
33.83128	-62.1847672	-62.1075414	-62.1411339	-62.0639082	
33.84147	-62.2117321	-62.142448	-62.1680988	-62.0900881	
33.85163	-62.2406912	-62.1773546	-62.197058	-62.1162681	
33.8618	-62.2717329	-62.2122612	-62.2280997	-62.1599013	
33.87194	-62.3047462	-62.2471678	-62.261113	-62.2035345	
33.88214	-62.3400347	-62.290801	-62.2964014	-62.2471678	
33.89229	-62.3771932	-62.3257076	-62.3335599	-62.290801	
33.90242	-62.416373	-62.3606142	-62.3727397	-62.3344342	
33.91254	-62.4575162	-62.3955208	-62.4138829	-62.3780675	
33.92303	-62.5024618	-62.439154	-62.4588286	-62.4217007	
33.93293	-62.5466917	-62.4827872	-62.5030585	-62.4653339	
33.94315	-62.5945746	-62.5176938	-62.5509414	-62.5176938	
33.95323	-62.6437466	-62.5700537	-62.6001133	-62.5700537	
33.96342	-62.6955682	-62.6224136	-62.651935	-62.6224136	
33.97363	-62.7495617	-62.6747734	-62.7059285	-62.6747734	
33.98378	-62.8052968	-62.7271333	-62.7616635	-62.73586	
33.99393	-62.8633195	-62.7969465	-62.8196863	-62.7969465	
34.00412	-62.9232063	-62.8493064	-62.8795731	-62.858033	
34.01425	-62.9850391	-62.9103929	-62.9414059	-62.9191195	
34.02442	-63.0491506	-62.9802061	-63.0055174	-62.9802061	
34.03462	-63.1155616	-63.0412926	-63.0719283	-63.0412926	
34.04478	-63.1838085	-63.1198324	-63.1401752	-63.1023791	
34.05488	-63.2536102	-63.1896456	-63.209977	-63.1634656	
34.06512	-63.3264748	-63.2681854	-63.2828416	-63.2332788	
34.07526	-63.40074	-63.3467252	-63.3571067	-63.2943653	
34.08539	-63.4769453	-63.425265	-63.433312	-63.3641785	
34.09553	-63.5552824	-63.5038048	-63.5116492	-63.4427183	
34.11468	-63.7123689	-63.6696111	-63.6687356	-63.5997979	
34.11936	-63.7504824	-63.7045177	-63.7068491	-63.6347045	
34.1295	-63.835751	-63.7917842	-63.7921178	-63.7306976	
34.1397	-63.9235676	-63.8790506	-63.8799344	-63.8266907	
34.14988	-64.0133548	-63.9750437	-63.9697215	-63.9139572	
34.16004	-64.1049187	-64.0623102	-64.0612854	-64.018677	
34.17027	-64.1993259	-64.1495767	-64.1556927	-64.1146701	
34.18055	-64.2961889	-64.2455698	-64.2525557	-64.2193898	
34.1913	-64.3999519	-64.3415629	-64.3563186	-64.3328362	
34.20139	-64.4992772	-64.437556	-64.455644	-64.437556	
34.21158	-64.6017049	-64.5422757	-64.5580717	-64.5422757	
34.22175	-64.7033349	-64.6382688	-64.6597017	-64.6469955	
34.23185	-64.8043649	-64.734262	-64.7607317	-64.7517152	
34.24203	-64.9062049	-64.8477084	-64.8625717	-64.856435	
34.25215	-65.0073249	-64.9611548	-64.9636917	-64.9611548	
34.26228	-65.1086649	-65.0658745	-65.0650317	-65.0658745	
34.27248	-65.2106349	-65.1880476	-65.1670017	-65.1793209	
34.28271	-65.3129849	-65.3102206	-65.2693517	-65.2840407	
34.29289	-65.4147349	-65.4149404	-65.3711017	-65.3887604	
34.30302	-65.5160649	-65.5283868	-65.4724317	-65.4934802	
34.31319	-65.6177349	-65.6505598	-65.5741017	-65.5981999	
34.32339	-65.7197149	-65.7640062	-65.6760817	-65.694193	
34.33352	-65.8210849	-65.868726	-65.7774517	-65.7901862	
34.34373	-65.9235149	-65.9734457	-65.8798817	-65.8861793	
34.35386	-66.0244849	-66.0868921	-65.9808517	-65.9734457	
34.36403	-66.1261049	-66.1916119	-66.0824717	-66.0781655	
34.37431	-66.2289249	-66.287605	-66.1852917	-66.1654319	
34.3844	-66.3297949	-66.3835981	-66.2861617	-66.2614251	
34.39463	-66.4321349	-66.4708646	-66.3885017	-66.3574182	
34.40476	-66.5334449	-66.5668577	-66.4898117	-66.4534113	
34.4149	-66.6348049	-66.6541241	-66.5911717	-66.5406777	
34.42508	-66.7367249	-66.7413906	-66.6930917	-66.6366708	
34.43528	-66.8386749	-66.8199304	-66.7950417	-66.732664	
34.44538	-66.9396849	-66.9159235	-66.8960517	-66.8286571	
34.45552	-67.0410149	-66.9944633	-66.9973817	-66.9333768	
34.46581	-67.1439549	-67.0904564	-67.1003217	-67.0293699	
34.47594	-67.2452049	-67.1777229	-67.2015717	-67.125363	
34.48612	-67.3470349	-67.2649894	-67.3034017	-67.2300828	
34.49616	-67.4475049	-67.3697091	-67.4038717	-67.3348025	
34.50642	-67.5500249	-67.4744289	-67.5063917	-67.4395223	
34.51664	-67.6521949	-67.5791486	-67.6085617	-67.5355154	
34.52672	-67.7529749	-67.6838684	-67.7093417	-67.6402352	
34.53694	-67.8552149	-67.7885881	-67.8115817	-67.7449549	
34.54709	-67.9567749	-67.9020345	-67.9131417	-67.8496747	
34.55719	-68.0577649	-68.0067543	-68.0141317	-67.9543944	
34.56738	-68.1597349	-68.1289274	-68.1161017	-68.0591142	
34.57752	-68.2610149	-68.2423738	-68.2173817	-68.1725606	
34.58776	-68.3634549	-68.3558202	-68.3198217	-68.2772803	
34.59792	-68.4650849	-68.4692666	-68.4214517	-68.3820001	
34.60801	-68.5660149	-68.582713	-68.5223817	-68.4867198	
34.61841	-68.6699749	-68.6961594	-68.6263417	-68.6088929	
34.62853	-68.7711149	-68.8008791	-68.7274817	-68.7136127	
34.63914	-68.8773249	-68.9143255	-68.8336917	-68.8270591	
34.64886	-68.9744949	-69.0190453	-68.9308617	-68.9317788	
34.6592	-69.0779149	-69.1324917	-69.0342817	-69.0452252	
34.66919	-69.1777849	-69.2284848	-69.1341517	-69.1412183	
34.6793	-69.2788449	-69.3244779	-69.2352117	-69.2372114	
34.68951	-69.3809549	-69.4291976	-69.3373217	-69.3419312	
34.69985	-69.4843349	-69.5164641	-69.4407017	-69.4466509	
34.70992	-69.5850049	-69.6037306	-69.5413717	-69.542644	
34.72006	-69.6864649	-69.6997237	-69.6428317	-69.6386372	
34.7303	-69.7888249	-69.7869901	-69.7451917	-69.7433569	
34.74039	-69.8897749	-69.8829832	-69.8461417	-69.83935	
34.75051	-69.9910149	-69.9702497	-69.9473817	-69.9353431	
34.76065	-70.0923349	-70.0575162	-70.0487017	-70.0313362	
34.77083	-70.1941449	-70.1622359	-70.1505117	-70.1273293	
34.78103	-70.2962049	-70.2495024	-70.2525717	-70.2320491	
34.79121	-70.3979749	-70.3454955	-70.3543417	-70.3367689	
34.80135	-70.4993049	-70.4414886	-70.4556717	-70.4240353	
34.81151	-70.6010049	-70.5462084	-70.5573717	-70.5287551	
34.82205	-70.7063749	-70.6422015	-70.6627417	-70.6334748	
34.83178	-70.8039549	-70.7556479	-70.7603217	-70.7381946	
34.84195	-70.9053849	-70.851641	-70.8617517	-70.8341877	
34.85205	-71.0064049	-70.9650874	-70.9627717	-70.9389074	
34.86222	-71.1080849	-71.0698071	-71.0644517	-71.0436272	
34.87245	-71.2103249	-71.1832535	-71.1666917	-71.148347	
34.89071	-71.3929649	-71.2879733	-71.3493317	-71.2530667	
34.89531	-71.4389649	-71.4363263	-71.3953317	-71.3839664	
34.90552	-71.5410149	-71.5497727	-71.4973817	-71.4886862	
34.91581	-71.6439849	-71.6719457	-71.6003517	-71.6021326	
34.92597	-71.7455349	-71.7853921	-71.7019017	-71.7068523	
34.93611	-71.8469149	-71.8988385	-71.8032817	-71.8115721	
34.94634	-71.9492549	-72.0122849	-71.9056217	-71.9162918	
34.95647	-72.0505549	-72.1170047	-72.0069217	-72.0210116	
34.96659	-72.1517049	-72.2129978	-72.1080717	-72.1170047	
34.97674	-72.2532149	-72.3089909	-72.2095817	-72.2129978	
34.98727	-72.3585349	-72.4137107	-72.3149017	-72.3177176	
34.99721	-72.4579549	-72.5009771	-72.4143217	-72.404984	
35.00722	-72.5580749	-72.5882436	-72.5144417	-72.5009771	
35.01738	-72.6596249	-72.6755101	-72.6159917	-72.5882436	
35.02754	-72.7612649	-72.7715032	-72.7176317	-72.6842367	
35.03776	-72.8634149	-72.8587696	-72.8197817	-72.7802298	
35.04791	-72.9649149	-72.9460361	-72.9212817	-72.8674963	
35.05798	-73.0656649	-73.0333025	-73.0220317	-72.9634894	
35.06824	-73.1682649	-73.1292957	-73.1246317	-73.0594825	
35.07835	-73.2693349	-73.2165621	-73.2257017	-73.1642022	
35.08857	-73.3720849	-73.3125552	-73.3284517	-73.2514687	
35.09879	-73.4737949	-73.4085483	-73.4301617	-73.3474618	
35.10952	-73.5811249	-73.5132681	-73.5374917	-73.4434549	
35.11952	-73.6810649	-73.6179878	-73.6374317	-73.5481747	
35.12964	-73.7822749	-73.7227076	-73.7386417	-73.6528944	
35.14787	-73.9645549	-73.9146938	-73.9209217	-73.8274274	
35.1525	-74.0108749	-73.9670537	-73.9672417	-73.8797872	
35.16272	-74.1130149	-74.0805001	-74.0693817	-73.9932336	
35.17303	-74.2161849	-74.1852199	-74.1725517	-74.0979534	
35.18309	-74.3167249	-74.2986663	-74.2730917	-74.2113998	
35.1936	-74.4219449	-74.4208393	-74.3783117	-74.3161195	
35.20363	-74.5221449	-74.5342857	-74.4785117	-74.4208393	
35.22165	-74.7023549	-74.7262719	-74.6587217	-74.6215522	
35.23435	-74.8293349	-74.7699052	-74.7857017	-74.6651854	
35.239	-74.8757749	-74.9095315	-74.8321417	-74.8048117	
35.24918	-74.9776949	-75.0142513	-74.9340617	-74.9182581	
35.25928	-75.0786349	-75.118971	-75.0350017	-75.0317045	
35.26944	-75.1802849	-75.2236908	-75.1366517	-75.1538776	
35.2796	-75.2818049	-75.3196839	-75.2381717	-75.2585973	
35.28983	-75.3841749	-75.415677	-75.3405417	-75.3720437	
35.30004	-75.4862049	-75.5116701	-75.4425717	-75.4680369	
35.31013	-75.5841185	-75.6076632	-75.5404853	-75.5727566	
35.32025	-75.6802813	-75.7036563	-75.6366481	-75.6774764	
35.33048	-75.7754162	-75.7909228	-75.731783	-75.7647428	
35.3488	-75.9377362	-75.8869159	-75.8941029	-75.8607359	
35.35344	-75.9790245	-75.9916356	-75.9353912	-75.9741823	
35.36364	-76.0671785	-76.0963554	-76.0235453	-76.0614488	
35.37383	-76.1532885	-76.1836218	-76.1096552	-76.1574419	
35.38397	-76.2369358	-76.279615	-76.1933026	-76.2447084	
35.39418	-76.3191086	-76.3668814	-76.2754754	-76.3232482	
35.41226	-76.456947	-76.4541479	-76.4133137	-76.4105147	
35.41696	-76.4929072	-76.550141	-76.449274	-76.5065078	
35.4271	-76.5680569	-76.6374075	-76.5244237	-76.5850476	
35.43723	-76.6411198	-76.7072206	-76.5974866	-76.6548607	
35.44738	-76.7122948	-76.7770338	-76.6686616	-76.7246739	
35.45757	-76.7817457	-76.8555736	-76.7381124	-76.7944871	
35.46784	-76.8497613	-76.9166601	-76.8061281	-76.8643003	
35.47797	-76.9148645	-76.9864733	-76.8712313	-76.9253868	
35.48814	-76.9781576	-77.0388332	-76.9345244	-76.9864733	
35.49828	-77.0394042	-77.0999197	-76.9957709	-77.0388332	
35.50845	-77.0987701	-77.1522796	-77.0551369	-77.0911931	
35.5186	-77.1563515	-77.2046395	-77.1127182	-77.1435529	
35.52876	-77.2114305	-77.2482727	-77.1677972	-77.1959128	
35.53898	-77.2651875	-77.2919059	-77.2215542	-77.2482727	
35.54913	-77.3165578	-77.3442658	-77.2729246	-77.3006326	
35.55924	-77.3658337	-77.387899	-77.3222005	-77.3442658	
35.56941	-77.4134173	-77.4228056	-77.3697841	-77.387899	
35.57958	-77.4590994	-77.4664388	-77.4154661	-77.4228056	
35.58985	-77.5031818	-77.5013454	-77.4595485	-77.4664388	
35.59995	-77.5446915	-77.5449787	-77.5010583	-77.5100721	
35.61007	-77.5843808	-77.5798853	-77.5407476	-77.5449787	
35.62029	-77.6225329	-77.6235185	-77.5788997	-77.5798853	
35.6304	-77.6583388	-77.6584251	-77.6147056	-77.6147918	
35.64056	-77.6924751	-77.7020583	-77.6488419	-77.6496984	
35.65076	-77.7248627	-77.7369649	-77.6812294	-77.684605	
35.6609	-77.7551883	-77.7718715	-77.7115551	-77.7195116	
35.67104	-77.7836615	-77.8067781	-77.7400283	-77.7544182	
35.68918	-77.8274575	-77.8416846	-77.7838243	-77.7893248	
35.70181	-77.8558365	-77.9114978	-77.8122033	-77.8416846	
35.70652	-77.8663659	-77.9289511	-77.8227326	-77.8504113	
35.71666	-77.886845	-77.9464044	-77.8432118	-77.8765912	
35.72677	-77.9055395	-77.9638577	-77.8619063	-77.8940445	
35.73696	-77.9226982	-77.981311	-77.879065	-77.9114978	
35.74708	-77.9380975	-77.9987643	-77.8944642	-77.9289511	
35.75721	-77.9518857	-78.0074909	-77.9082525	-77.9464044	
35.76741	-77.964189	-78.0162176	-77.9205558	-77.9464044	
35.77757	-77.9749075	-78.0249442	-77.9312743	-77.9464044	
35.79602	-77.9883844	-78.0249442	-77.9447512	-77.9464044	
35.80072	-77.9920339	-78.0249442	-77.9484007	-77.9464044	
35.81086	-77.9983576	-78.0162176	-77.9547244	-77.9464044	
35.82102	-78.0035638	-78.0162176	-77.9599306	-77.9464044	
35.83911	-78.0087263	-78.0074909	-77.965093	-77.9464044	
35.84375	-78.0102639	-77.9987643	-77.9666307	-77.9464044	
35.85392	-78.0127332	-77.9987643	-77.9691	-77.9464044	
35.86406	-78.0146075	-77.9987643	-77.9709742	-77.9464044	
35.87425	-78.0190513	-77.9987643	-77.9754181	-77.9464044	
35.88445	-78.0190513	-77.9987643	-77.9754181	-77.9464044	
35.89455	-78.0190513	-77.9987643	-77.9754181	-77.9464044	
35.90472	-78.0190513	-77.9987643	-77.9754181	-77.9464044	
35.91496	-78.0190513	-77.9987643	-77.9754181	-77.9464044	
35.92552	-78.0190513	-77.9987643	-77.9754181	-77.9464044	
35.93525	-78.0190513	-77.9987643	-77.9754181	-77.9464044	
35.94541	-78.0190513	-77.9987643	-77.9754181	-77.9464044	
35.95562	-78.0190513	-77.9987643	-77.9754181	-77.9464044	
35.96573	-78.0190513	-77.9987643	-77.9754181	-77.9464044	
35.97591	-78.0190513	-77.9987643	-77.9754181	-77.9464044	
35.98608	-78.0190513	-77.9987643	-77.9754181	-77.9464044	
35.99621	-78.0190513	-77.9987643	-77.9754181	-77.9464044	
36.00638	-78.0190513	-77.9987643	-77.9754181	-77.9464044	
36.01658	-78.0190513	-77.9987643	-77.9754181	-77.9464044	
36.02679	-78.0190513	-77.9987643	-77.9754181	-77.9464044	
36.03697	-78.0190513	-77.9987643	-77.9754181	-77.9464044	
36.04709	-78.0190513	-77.9987643	-77.9754181	-77.9464044	
36.05724	-78.0190513	-77.9987643	-77.9754181	-77.9464044	
36.06747	-78.0190513	-77.9987643	-77.9754181	-77.9464044	
36.07754	-78.0190513	-77.9987643	-77.9754181	-77.9464044	
36.08773	-78.0190513	-77.9987643	-77.9754181	-77.9464044	
36.09793	-78.0190513	-77.9987643	-77.9754181	-77.9464044	
36.10979	-78.0190513	-77.9987643	-77.9754181	-77.9464044	
36.11833	-78.0190513	-77.9987643	-77.9754181	-77.9464044	
36.12837	-78.0190513	-77.9987643	-77.9754181	-77.9464044	
36.14673	-78.0190513	-77.9987643	-77.9754181	-77.9464044	
36.1514	-78.0190513	-77.9987643	-77.9754181	-77.9464044	
36.16151	-78.0190513	-77.9987643	-77.9754181	-77.9464044	
36.17181	-78.0190513	-77.9987643	-77.9754181	-77.9464044	
36.18186	-78.0190513	-77.9987643	-77.9754181	-77.9464044	
36.19275	-78.0190513	-77.9987643	-77.9754181	-77.9464044	
36.20212	-78.0190513	-77.9987643	-77.9754181	-77.9464044	
36.21225	-78.0190513	-77.9987643	-77.9754181	-77.9464044	
36.22244	-78.0190513	-77.9987643	-77.9754181	-77.9464044	
36.2327	-78.0190513	-77.9987643	-77.9754181	-77.9464044	
36.24291	-78.0190513	-77.9987643	-77.9754181	-77.9464044	
36.25298	-78.0190513	-77.9987643	-77.9754181	-77.9464044	
36.26317	-78.0190513	-77.9987643	-77.9754181	-77.9464044	
36.27338	-78.0190513	-77.9987643	-77.9754181	-77.9464044	
36.28353	-78.0190513	-77.9987643	-77.9754181	-77.9464044	
36.29368	-78.0190513	-77.9987643	-77.9754181	-77.9464044	
36.3039	-78.0190513	-77.9987643	-77.9754181	-77.9464044	
36.31402	-78.0190513	-77.9987643	-77.9754181	-77.9464044	
36.32422	-78.0190513	-77.9987643	-77.9754181	-77.9464044	
36.33439	-78.0190513	-77.9987643	-77.9754181	-77.9464044	
36.34454	-78.0190513	-77.9987643	-77.9754181	-77.9464044	
36.35477	-78.0190513	-77.9987643	-77.9754181	-77.9464044	
36.36491	-78.0190513	-77.9987643	-77.9754181	-77.9464044	
36.37502	-78.0190513	-77.9987643	-77.9754181	-77.9464044	
36.38523	-78.0190513	-77.9987643	-77.9754181	-77.9464044	
36.3954	-78.0190513	-77.9987643	-77.9754181	-77.9464044	
36.40553	-78.0190513	-77.9987643	-77.9754181	-77.9464044	
36.41567	-78.0190513	-77.9987643	-77.9754181	-77.9464044	
36.42604	-78.0190513	-77.9987643	-77.9754181	-77.9464044	
36.44402	-78.0190513	-77.9987643	-77.9754181	-77.9464044	
36.44866	-78.0190513	-77.9987643	-77.9754181	-77.9464044	
36.4588	-78.0190513	-77.9987643	-77.9754181	-77.9464044	
36.46903	-78.0190513	-77.9987643	-77.9754181	-77.9464044	
36.47912	-78.0190513	-77.9987643	-77.9754181	-77.9464044	
36.48933	-78.0190513	-77.9987643	-77.9754181	-77.9464044	
36.49944	-78.0190513	-77.9987643	-77.9754181	-77.9464044	
36.51141	-78.0190513	-77.9987643	-77.9754181	-77.9464044	
36.51971	-78.0190513	-77.9987643	-77.9754181	-77.9464044	
36.52995	-78.0190513	-77.9987643	-77.9754181	-77.9464044	
36.54012	-78.0190513	-77.9987643	-77.9754181	-77.9464044	
36.55027	-78.0190513	-77.9987643	-77.9754181	-77.9464044	
36.56042	-78.0190513	-77.9987643	-77.9754181	-77.9464044	
36.57063	-78.0190513	-77.9987643	-77.9754181	-77.9464044	
36.58077	-78.0190513	-77.9987643	-77.9754181	-77.9464044	
36.59086	-78.0190513	-77.9987643	-77.9754181	-77.9464044	
36.60108	-78.0190513	-77.9987643	-77.9754181	-77.9464044	
36.61917	-78.0190513	-77.9987643	-77.9754181	-77.9464044	
36.62379	-78.0190513	-77.9987643	-77.9754181	-77.9464044	
36.634	-78.0190513	-77.9987643	-77.9754181	-77.9464044	
36.64421	-78.0190513	-77.9987643	-77.9754181	-77.9464044	
36.65437	-78.0190513	-77.9987643	-77.9754181	-77.9464044	
36.66457	-78.0190513	-77.9987643	-77.9754181	-77.9464044	
36.67475	-78.0190513	-77.9987643	-77.9754181	-77.9464044	
36.68493	-78.0190513	-77.9987643	-77.9754181	-77.9464044	
36.69505	-78.0190513	-77.9987643	-77.9754181	-77.9464044	
36.70524	-78.0190513	-77.9987643	-77.9754181	-77.9464044	
36.71543	-78.0190513	-77.9987643	-77.9754181	-77.9464044	
36.72554	-78.0190513	-77.9987643	-77.9754181	-77.9464044	
36.73571	-78.0190513	-77.9987643	-77.9754181	-77.9464044	
36.74585	-78.0190513	-77.9987643	-77.9754181	-77.9464044	
36.75611	-78.0190513	-77.9987643	-77.9754181	-77.9464044	
36.76628	-78.0190513	-77.9987643	-77.9754181	-77.9464044	
36.77638	-78.0190513	-77.9987643	-77.9754181	-77.9464044	
36.78662	-78.0190513	-77.9987643	-77.9754181	-77.9464044	
36.79672	-78.0190513	-77.9987643	-77.9754181	-77.9464044	
36.80688	-78.0190513	-77.9987643	-77.9754181	-77.9464044	
36.81708	-78.0190513	-77.9987643	-77.9754181	-77.9464044	
36.82722	-78.0190513	-77.9987643	-77.9754181	-77.9464044	
36.83737	-78.0190513	-77.9987643	-77.9754181	-77.9464044	
36.84753	-78.0190513	-77.9987643	-77.9754181	-77.9464044	
36.85764	-78.0190513	-77.9987643	-77.9754181	-77.9464044	
36.86793	-78.0190513	-77.9987643	-77.9754181	-77.9464044	
36.87806	-78.0190513	-77.9987643	-77.9754181	-77.9464044	
36.88817	-78.0190513	-77.9987643	-77.9754181	-77.9464044	
36.89832	-78.0190513	-77.9987643	-77.9754181	-77.9464044	
36.90913	-78.0190513	-77.9987643	-77.9754181	-77.9464044	
36.91896	-78.0190513	-77.9987643	-77.9754181	-77.9464044	
36.92916	-78.0190513	-77.9987643	-77.9754181	-77.9464044	
36.93936	-78.0190513	-77.9987643	-77.9754181	-77.9464044	
36.94945	-78.0190513	-77.9987643	-77.9754181	-77.9464044	
36.95955	-78.0190513	-77.9987643	-77.9754181	-77.9464044	
36.96982	-78.0190513	-77.9987643	-77.9754181	-77.9464044	
36.97996	-78.0190513	-77.9987643	-77.9754181	-77.9464044	
36.99012	-78.0190513	-77.9987643	-77.9754181	-77.9464044	
37.00019	-78.0190513	-77.9987643	-77.9754181	-77.9464044	
37.01037	-78.0190513	-77.9987643	-77.9754181	-77.9464044	
37.02055	-78.0190513	-77.9987643	-77.9754181	-77.9464044	
37.03066	-78.0190513	-77.9987643	-77.9754181	-77.9464044	
37.04084	-78.0190513	-77.9987643	-77.9754181	-77.9464044	
37.051	-78.0190513	-77.9987643	-77.9754181	-77.9464044	
37.06917	-78.0190513	-77.9987643	-77.9754181	-77.9464044	
37.07382	-78.0190513	-77.9987643	-77.9754181	-77.9464044	
37.09202	-78.0190513	-77.9987643	-77.9754181	-77.9464044	
37.09666	-78.0190513	-77.9987643	-77.9754181	-77.9464044	
37.10687	-78.0190513	-77.9987643	-77.9754181	-77.9464044	
37.11707	-78.0190513	-77.9987643	-77.9754181	-77.9464044	
37.12715	-78.0190513	-77.9987643	-77.9754181	-77.9464044	
37.13739	-78.0190513	-77.9987643	-77.9754181	-77.9464044	
37.14752	-78.0190513	-77.9987643	-77.9754181	-77.9464044	
37.15765	-78.0190513	-77.9987643	-77.9754181	-77.9464044	
37.16776	-78.0190513	-77.9987643	-77.9754181	-77.9464044	
37.178	-78.0190513	-77.9987643	-77.9754181	-77.9464044	
37.19682	-78.0190513	-77.9987643	-77.9754181	-77.9464044	
37.20154	-78.0190513	-77.9987643	-77.9754181	-77.9464044	
37.21163	-78.0190513	-77.9987643	-77.9754181	-77.9464044	
37.22175	-78.0190513	-77.9987643	-77.9754181	-77.9464044	
37.23194	-78.0190513	-77.9987643	-77.9754181	-77.9464044	
37.24211	-78.0190513	-77.9987643	-77.9754181	-77.9464044	
37.25225	-78.0190513	-77.9987643	-77.9754181	-77.9464044	
37.27043	-78.0190513	-77.9987643	-77.9754181	-77.9464044	
37.27512	-78.0190513	-77.9987643	-77.9754181	-77.9464044	
37.28529	-78.0190513	-77.9987643	-77.9754181	-77.9464044	
37.29539	-78.0190513	-77.9987643	-77.9754181	-77.9464044	
37.30558	-78.0190513	-77.9987643	-77.9754181	-77.9464044	
37.31579	-78.0190513	-77.9987643	-77.9754181	-77.9464044	
37.3259	-78.0190513	-77.9987643	-77.9754181	-77.9464044	
37.33607	-78.0190513	-77.9987643	-77.9754181	-77.9464044	
37.34625	-78.0190513	-77.9987643	-77.9754181	-77.9464044	
37.35641	-78.0190513	-77.9987643	-77.9754181	-77.9464044	
37.36657	-78.0190513	-77.9987643	-77.9754181	-77.9464044	
37.37673	-78.0190513	-77.9987643	-77.9754181	-77.9464044	
37.38698	-78.0190513	-77.9987643	-77.9754181	-77.9464044	
37.39713	-78.0190513	-77.9987643	-77.9754181	-77.9464044	
37.40725	-78.0190513	-77.9987643	-77.9754181	-77.9464044	
37.41742	-78.0190513	-77.9987643	-77.9754181	-77.9464044	
37.42762	-78.0190513	-77.9987643	-77.9754181	-77.9464044	
37.43773	-78.0190513	-77.9987643	-77.9754181	-77.9464044	
37.44791	-78.0190513	-77.9987643	-77.9754181	-77.9464044	
37.45806	-78.0190513	-77.9987643	-77.9754181	-77.9464044	
37.4683	-78.0190513	-77.9987643	-77.9754181	-77.9464044	
37.47848	-78.0190513	-77.9987643	-77.9754181	-77.9464044	
37.48858	-78.0190513	-77.9987643	-77.9754181	-77.9464044	
37.49877	-78.0190513	-77.9987643	-77.9754181	-77.9464044	
37.50895	-78.0190513	-77.9987643	-77.9754181	-77.9464044	
37.51909	-78.0190513	-77.9987643	-77.9754181	-77.9464044	
37.52928	-78.0190513	-77.9987643	-77.9754181	-77.9464044	
37.53944	-78.0190513	-77.9987643	-77.9754181	-77.9464044	
37.54954	-78.0190513	-77.9987643	-77.9754181	-77.9464044	
37.5597	-78.0190513	-77.9987643	-77.9754181	-77.9464044	
37.56986	-78.0190513	-77.9987643	-77.9754181	-77.9464044	
37.58006	-78.0190513	-77.9987643	-77.9754181	-77.9464044	
37.59018	-78.0190513	-77.9987643	-77.9754181	-77.9464044	
37.60037	-78.0190513	-77.9987643	-77.9754181	-77.9464044	
37.61056	-78.0190513	-77.9987643	-77.9754181	-77.9464044	
37.62072	-78.0190513	-77.9987643	-77.9754181	-77.9464044	
37.63082	-78.0190513	-77.9987643	-77.9754181	-77.9464044	
37.64097	-78.0190513	-77.9987643	-77.9754181	-77.9464044	
37.65124	-78.0190513	-77.9987643	-77.9754181	-77.9464044	
37.66144	-78.0190513	-77.9987643	-77.9754181	-77.9464044	
37.67147	-78.0190513	-77.9987643	-77.9754181	-77.9464044	
37.68157	-78.0190513	-77.9987643	-77.9754181	-77.9464044	
37.69179	-78.0190513	-77.9987643	-77.9754181	-77.9464044	
37.70192	-78.0190513	-77.9987643	-77.9754181	-77.9464044	
37.71209	-78.0190513	-77.9987643	-77.9754181	-77.9464044	
37.72222	-78.0190513	-77.9987643	-77.9754181	-77.9464044	
37.7324	-78.0190513	-77.9987643	-77.9754181	-77.9464044	
37.74266	-78.0190513	-77.9987643	-77.9754181	-77.9464044	
37.75276	-78.0190513	-77.9987643	-77.9754181	-77.9464044	
37.76291	-78.0190513	-77.9987643	-77.9754181	-77.9464044	
37.77309	-78.0190513	-77.9987643	-77.9754181	-77.9464044	
37.78321	-78.0190513	-77.9987643	-77.9754181	-77.9464044	
37.79342	-78.0190513	-77.9987643	-77.9754181	-77.9464044	
37.80366	-78.0190513	-77.9987643	-77.9754181	-77.9464044	
37.8138	-78.0190513	-77.9987643	-77.9754181	-77.9464044	
37.82395	-78.0190513	-77.9987643	-77.9754181	-77.9464044	
37.83414	-78.0190513	-77.9987643	-77.9754181	-77.9464044	
37.84433	-78.0190513	-77.9987643	-77.9754181	-77.9464044	
37.85452	-78.0190513	-77.9987643	-77.9754181	-77.9464044	
37.86468	-78.0190513	-77.9987643	-77.9754181	-77.9464044	
37.87488	-78.0190513	-77.9987643	-77.9754181	-77.9464044	
37.88508	-78.0190513	-77.9987643	-77.9754181	-77.9464044	
37.89518	-78.0190513	-77.9987643	-77.9754181	-77.9464044	
37.90538	-78.0190513	-77.9987643	-77.9754181	-77.9464044	
37.9156	-78.0190513	-77.9987643	-77.9754181	-77.9464044	
37.92588	-78.0190513	-77.9987643	-77.9754181	-77.9464044	
37.93584	-78.0190513	-77.9987643	-77.9754181	-77.9464044	
37.94601	-78.0190513	-77.9987643	-77.9754181	-77.9464044	
37.95628	-78.0190513	-77.9987643	-77.9754181	-77.9464044	
37.96648	-78.0190513	-77.9987643	-77.9754181	-77.9464044	
37.97657	-78.0190513	-77.9987643	-77.9754181	-77.9464044	
37.98683	-78.0190513	-77.9987643	-77.9754181	-77.9464044	
37.99701	-78.0190513	-77.9987643	-77.9754181	-77.9464044	
38.00704	-78.0190513	-77.9987643	-77.9754181	-77.9464044	
38.01729	-78.0190513	-77.9987643	-77.9754181	-77.9464044	
38.02744	-78.0190513	-77.9987643	-77.9754181	-77.9464044	
38.03757	-78.0190513	-77.9987643	-77.9754181	-77.9464044	
38.04771	-78.0190513	-77.9987643	-77.9754181	-77.9464044	
38.0579	-78.0190513	-77.9987643	-77.9754181	-77.9464044	
38.06815	-78.0190513	-77.9987643	-77.9754181	-77.9464044	
38.07831	-78.0190513	-77.9987643	-77.9754181	-77.9464044	
38.08846	-78.0190513	-77.9987643	-77.9754181	-77.9464044	
38.09871	-78.0190513	-77.9987643	-77.9754181	-77.9464044	
38.10885	-78.0190513	-77.9987643	-77.9754181	-77.9464044	
38.11901	-78.0190513	-77.9987643	-77.9754181	-77.9464044	
38.12911	-78.0190513	-77.9987643	-77.9754181	-77.9464044	
38.13936	-78.0190513	-77.9987643	-77.9754181	-77.9464044	
38.14947	-78.0190513	-77.9987643	-77.9754181	-77.9464044	
38.15958	-78.0190513	-77.9987643	-77.9754181	-77.9464044	
38.16973	-78.0190513	-77.9987643	-77.9754181	-77.9464044	
38.17992	-78.0190513	-77.9987643	-77.9754181	-77.9464044	
38.19008	-78.0190513	-77.9987643	-77.9754181	-77.9464044	
38.20024	-78.0190513	-77.9987643	-77.9754181	-77.9464044	
38.21037	-78.0190513	-77.9987643	-77.9754181	-77.9464044	
38.2205	-78.0190513	-77.9987643	-77.9754181	-77.9464044	
38.23099	-78.0190513	-77.9987643	-77.9754181	-77.9464044	
38.24086	-78.0190513	-77.9987643	-77.9754181	-77.9464044	
38.25113	-78.0190513	-77.9987643	-77.9754181	-77.9464044	
38.26134	-78.0190513	-77.9987643	-77.9754181	-77.9464044	
38.27183	-78.0190513	-77.9987643	-77.9754181	-77.9464044	
38.28155	-78.0190513	-77.9987643	-77.9754181	-77.9464044	
38.29168	-78.0190513	-77.9987643	-77.9754181	-77.9464044	
38.3018	-78.0190513	-77.9987643	-77.9754181	-77.9464044	
38.3119	-78.0190513	-77.9987643	-77.9754181	-77.9464044	
38.32214	-78.0190513	-77.9987643	-77.9754181	-77.9464044	
38.34027	-78.0190513	-77.9987643	-77.9754181	-77.9464044	
38.3449	-78.0190513	-77.9987643	-77.9754181	-77.9464044	
38.35513	-78.0190513	-77.9987643	-77.9754181	-77.9464044	
38.36527	-78.0190513	-77.9987643	-77.9754181	-77.9464044	
38.3754	-78.0190513	-77.9987643	-77.9754181	-77.9464044	
38.38562	-78.0190513	-77.9987643	-77.9754181	-77.9464044	
38.39575	-78.0190513	-77.9987643	-77.9754181	-77.9464044	
38.40591	-78.0190513	-77.9987643	-77.9754181	-77.9464044	
38.41607	-78.0190513	-77.9987643	-77.9754181	-77.9464044	
38.42645	-78.0190513	-77.9987643	-77.9754181	-77.9464044	
38.43647	-78.0190513	-77.9987643	-77.9754181	-77.9464044	
38.44663	-78.0190513	-77.9987643	-77.9754181	-77.9464044	
38.45689	-78.0190513	-77.9987643	-77.9754181	-77.9464044	
38.46712	-78.0190513	-77.9987643	-77.9754181	-77.9376777	
38.47725	-78.0190513	-77.9987643	-77.9754181	-77.9376777	
38.4874	-78.0190513	-77.9987643	-77.9754181	-77.9376777	
38.49753	-78.0190513	-77.9987643	-77.9754181	-77.9376777	
38.50773	-78.0190513	-77.9987643	-77.9754181	-77.9376777	
38.5179	-78.0190513	-77.9987643	-77.9754181	-77.9464044	
38.52802	-78.0190513	-77.9987643	-77.9754181	-77.9376777	
38.53822	-78.0190513	-77.9987643	-77.9754181	-77.9376777	
38.54844	-78.0190513	-77.9987643	-77.9754181	-77.9376777	
38.55868	-78.0190513	-77.9987643	-77.9754181	-77.9376777	
38.56875	-78.0190513	-77.9987643	-77.9754181	-77.9376777	
38.57894	-78.0190513	-77.9987643	-77.9754181	-77.9376777	
38.58916	-78.0190513	-77.9987643	-77.9754181	-77.9376777	
38.59923	-78.0190513	-77.9987643	-77.9754181	-77.9376777	
38.60943	-78.0190513	-77.9987643	-77.9754181	-77.9376777	
38.61956	-78.0190513	-77.9987643	-77.9754181	-77.9464044	
38.62968	-78.0190513	-77.9987643	-77.9754181	-77.9464044	
38.63985	-78.0190513	-77.9987643	-77.9754181	-77.9464044	
38.65004	-78.0190513	-77.9987643	-77.9754181	-77.9464044	
38.66027	-78.0190513	-77.9987643	-77.9754181	-77.9464044	
38.67039	-78.0190513	-77.9987643	-77.9754181	-77.9464044	
38.68054	-78.0190513	-77.9987643	-77.9754181	-77.9464044	
38.69076	-78.0190513	-77.9987643	-77.9754181	-77.9464044	
38.70091	-78.0190513	-77.9987643	-77.9754181	-77.9464044	
38.71099	-78.0190513	-77.9987643	-77.9754181	-77.9464044	
38.72911	-78.0190513	-77.9987643	-77.9754181	-77.9464044	
38.73376	-78.0190513	-77.9987643	-77.9754181	-77.9464044	
38.74392	-78.0190513	-77.9987643	-77.9754181	-77.9464044	
38.75408	-78.0190513	-77.9987643	-77.9754181	-77.9464044	
38.7644	-78.0190513	-77.9987643	-77.9754181	-77.9464044	
38.77452	-78.0190513	-77.9987643	-77.9754181	-77.9464044	
38.78465	-78.0190513	-77.9987643	-77.9754181	-77.9464044	
38.79489	-78.0190513	-77.9987643	-77.9754181	-77.9464044	
38.8051	-78.0190513	-77.9987643	-77.9754181	-77.9464044	
38.81521	-78.0190513	-77.9987643	-77.9754181	-77.9464044	
38.82544	-78.0190513	-77.9987643	-77.9754181	-77.9464044	
38.8356	-78.0190513	-77.9987643	-77.9754181	-77.9464044	
38.84571	-78.0190513	-77.9987643	-77.9754181	-77.9464044	
38.85589	-78.0190513	-77.9987643	-77.9754181	-77.9464044	
38.86607	-78.0190513	-77.9987643	-77.9754181	-77.9464044	
38.88422	-78.0190513	-77.9987643	-77.9754181	-77.9464044	
38.88884	-78.0190513	-77.9987643	-77.9754181	-77.9464044	
38.89925	-78.0190513	-77.9987643	-77.9754181	-77.9464044	
38.90926	-78.0190513	-77.9987643	-77.9754181	-77.9464044	
38.91934	-78.0190513	-77.9987643	-77.9754181	-77.9464044	
38.92972	-78.0190513	-77.9987643	-77.9754181	-77.9464044	
38.93985	-78.0190513	-77.9987643	-77.9754181	-77.9464044	
38.95005	-78.0190513	-77.9987643	-77.9754181	-77.9464044	
38.9602	-78.0190513	-77.9987643	-77.9754181	-77.9464044	
38.97032	-78.0190513	-77.9987643	-77.9754181	-77.9464044	
38.98052	-78.0190513	-77.9987643	-77.9754181	-77.9464044	
38.99068	-78.0190513	-77.9987643	-77.9754181	-77.9464044	
39.00079	-78.0190513	-77.9987643	-77.9754181	-77.9464044	
39.01095	-78.0190513	-77.9987643	-77.9754181	-77.9464044	
39.02921	-78.0190513	-77.9987643	-77.9754181	-77.9464044	
39.03385	-78.0190513	-77.9987643	-77.9754181	-77.9464044	
39.04405	-78.0190513	-77.9987643	-77.9754181	-77.9464044	
39.05418	-78.0190513	-77.9987643	-77.9754181	-77.9464044	
39.06438	-78.0190513	-77.9987643	-77.9754181	-77.9464044	
39.0745	-78.0190513	-77.9987643	-77.9754181	-77.9464044	
39.08471	-78.0190513	-77.9987643	-77.9754181	-77.9464044	
39.09483	-78.0190513	-77.9987643	-77.9754181	-77.9464044	
39.105	-78.0190513	-77.9987643	-77.9754181	-77.9464044	
39.11683	-78.0190513	-77.9987643	-77.9754181	-77.9464044	
39.12536	-78.0190513	-77.9987643	-77.9754181	-77.9464044	
39.13549	-78.0190513	-77.9987643	-77.9754181	-77.9464044	
39.14569	-78.0190513	-77.9987643	-77.9754181	-77.9464044	
39.15585	-78.0190513	-77.9987643	-77.9754181	-77.9464044	
39.16597	-78.0190513	-77.9987643	-77.9754181	-77.9464044	
39.17616	-78.0190513	-77.9987643	-77.9754181	-77.9464044	
39.18632	-78.0190513	-77.9987643	-77.9754181	-77.9464044	
39.19737	-78.0190513	-77.9987643	-77.9754181	-77.9464044	
39.20668	-78.0190513	-77.9987643	-77.9754181	-77.9464044	
39.21676	-78.0190513	-77.9987643	-77.9754181	-77.9464044	
39.22696	-78.0190513	-77.9987643	-77.9754181	-77.9464044	
39.23721	-78.0190513	-77.9987643	-77.9754181	-77.9464044	
39.24726	-78.0190513	-77.9987643	-77.9754181	-77.9464044	
39.25746	-78.0190513	-77.9987643	-77.9754181	-77.9464044	
39.26766	-78.0190513	-77.9987643	-77.9754181	-77.9464044	
39.27774	-78.0190513	-77.9987643	-77.9754181	-77.9464044	
39.28791	-78.0190513	-77.9987643	-77.9754181	-77.9464044	
39.29812	-78.0190513	-77.9987643	-77.9754181	-77.9464044	
39.31622	-78.0190513	-77.9987643	-77.9754181	-77.9464044	
39.32087	-78.0190513	-77.9987643	-77.9754181	-77.9464044	
39.33107	-78.0190513	-77.9987643	-77.9754181	-77.9464044	
39.34136	-78.0190513	-77.9987643	-77.9754181	-77.9464044	
39.35134	-78.0190513	-77.9987643	-77.9754181	-77.9464044	
39.36158	-78.0190513	-77.9987643	-77.9754181	-77.9464044	
39.37167	-78.0190513	-77.9987643	-77.9754181	-77.9464044	
39.38179	-78.0190513	-77.9987643	-77.9754181	-77.9464044	
39.39195	-78.0190513	-77.9987643	-77.9754181	-77.9464044	
39.40211	-78.0190513	-77.9987643	-77.9754181	-77.9464044	
39.41229	-78.0190513	-77.9987643	-77.9754181	-77.9464044	
39.42246	-78.0190513	-77.9987643	-77.9754181	-77.9464044	
39.43269	-78.0190513	-77.9987643	-77.9754181	-77.9464044	
39.44291	-78.0190513	-77.9987643	-77.9754181	-77.9464044	
39.45298	-78.0190513	-77.9987643	-77.9754181	-77.9464044	
39.46317	-78.0190513	-77.9987643	-77.9754181	-77.9464044	
39.47336	-78.0190513	-77.9987643	-77.9754181	-77.9464044	
39.48354	-78.0190513	-77.9987643	-77.9754181	-77.9464044	
39.49367	-78.0190513	-77.9987643	-77.9754181	-77.9464044	
39.50381	-78.0190513	-77.9987643	-77.9754181	-77.9464044	
39.51399	-78.0190513	-77.9987643	-77.9754181	-77.9464044	
39.52416	-78.0190513	-77.9987643	-77.9754181	-77.9464044	
39.54221	-78.0190513	-77.9987643	-77.9754181	-77.9464044	
39.54692	-78.0190513	-77.9987643	-77.9754181	-77.9464044	
39.55702	-78.0190513	-77.9987643	-77.9754181	-77.9464044	
39.56718	-78.0190513	-77.9987643	-77.9754181	-77.9464044	
39.57732	-78.0190513	-77.9987643	-77.9754181	-77.9464044	
39.58752	-78.0190513	-77.9987643	-77.9754181	-77.9464044	
39.59767	-78.0190513	-77.9987643	-77.9754181	-77.9464044	
39.60782	-78.0190513	-77.9987643	-77.9754181	-77.9464044	
39.61797	-78.0190513	-77.9987643	-77.9754181	-77.9464044	
39.62815	-78.0190513	-77.9987643	-77.9754181	-77.9464044	
39.63882	-78.0190513	-77.9987643	-77.9754181	-77.9464044	
39.64846	-78.0190513	-77.9987643	-77.9754181	-77.9464044	
39.65858	-78.0190513	-77.9987643	-77.9754181	-77.9464044	
39.66886	-78.0190513	-77.9987643	-77.9754181	-77.9464044	
39.67893	-78.0190513	-77.9987643	-77.9754181	-77.9464044	
39.68915	-78.0190513	-77.9987643	-77.9754181	-77.9464044	
39.69932	-78.0190513	-77.9987643	-77.9754181	-77.9464044	
39.70946	-78.0190513	-77.9987643	-77.9754181	-77.9464044	
39.71959	-78.0190513	-77.9987643	-77.9754181	-77.9464044	
39.72984	-78.0190513	-77.9987643	-77.9754181	-77.9464044	
39.73992	-78.0190513	-77.9987643	-77.9754181	-77.9464044	
39.75006	-78.0190513	-77.9987643	-77.9754181	-77.9464044	
39.7602	-78.0190513	-77.9987643	-77.9754181	-77.9464044	
39.77038	-78.0190513	-77.9987643	-77.9754181	-77.9464044	
39.78055	-78.0190513	-77.9987643	-77.9754181	-77.9464044	
39.79089	-78.0190513	-77.9987643	-77.9754181	-77.9464044	
39.80101	-78.0190513	-77.9987643	-77.9754181	-77.9464044	
39.81112	-78.0190513	-77.9987643	-77.9754181	-77.9464044	
39.82135	-78.0190513	-77.9987643	-77.9754181	-77.9464044	
39.83133	-78.0190513	-77.9987643	-77.9754181	-77.9464044	
39.84199	-78.0190513	-77.9987643	-77.9754181	-77.9464044	
39.85169	-78.0190513	-77.9987643	-77.9754181	-77.9464044	
39.86182	-78.0190513	-77.9987643	-77.9754181	-77.9464044	
39.87196	-78.0190513	-77.9987643	-77.9754181	-77.9464044	
39.8821	-78.0190513	-77.9987643	-77.9754181	-77.9464044	
39.89233	-78.0190513	-77.9987643	-77.9754181	-77.9464044	
39.90251	-78.0190513	-77.9987643	-77.9754181	-77.9464044	
39.92057	-78.0190513	-77.9987643	-77.9754181	-77.9464044	
39.92529	-78.0190513	-77.9987643	-77.9754181	-77.9464044	
39.9354	-78.0190513	-77.9987643	-77.9754181	-77.9464044	
39.94557	-78.0190513	-77.9987643	-77.9754181	-77.9464044	
39.95573	-78.0190513	-77.9987643	-77.9754181	-77.9464044	
39.96588	-78.0190513	-77.9987643	-77.9754181	-77.9464044	
39.97604	-78.0190513	-77.9987643	-77.9754181	-77.9464044	
39.98619	-78.0190513	-77.9987643	-77.9754181	-77.9464044	
40.0044	-78.0190513	-77.9987643	-77.9754181	-77.9464044	
40.00905	-78.0190513	-77.9987643	-77.9754181	-77.9464044	
40.01931	-78.0190513	-77.9987643	-77.9754181	-77.9464044	
40.02943	-78.0190513	-77.9987643	-77.9754181	-77.9464044	
40.03958	-78.0190513	-77.9987643	-77.9754181	-77.9464044	
40.04979	-78.0190513	-77.9987643	-77.9754181	-77.9464044	
40.05998	-78.0190513	-77.9987643	-77.9754181	-77.9464044	
40.07007	-78.0190513	-77.9987643	-77.9754181	-77.9464044	
40.0802	-78.0190513	-77.9987643	-77.9754181	-77.9464044	
40.09039	-78.0190513	-77.9987643	-77.9754181	-77.9464044	
40.10059	-78.0190513	-77.9987643	-77.9754181	-77.9464044	
40.12816	-78.0190513	-77.9987643	-77.9754181	-77.9464044	
40.13307	-78.0190513	-77.9987643	-77.9754181	-77.9464044	
40.14312	-78.0190513	-77.9987643	-77.9754181	-77.9464044	
40.15335	-78.0190513	-77.9987643	-77.9754181	-77.9464044	
40.1635	-78.0190513	-77.9987643	-77.9754181	-77.9464044	
40.17369	-78.0190513	-77.9987643	-77.9754181	-77.9464044	
40.18383	-78.0190513	-77.9987643	-77.9754181	-77.9464044	
40.19398	-78.0190513	-77.9987643	-77.9754181	-77.9464044	
40.20418	-78.0190513	-77.9987643	-77.9754181	-77.9464044	
40.21435	-78.0190513	-77.9987643	-77.9754181	-77.9464044	
40.22442	-78.0190513	-77.9987643	-77.9754181	-77.9464044	
40.23464	-78.0190513	-77.9987643	-77.9754181	-77.9464044	
40.24482	-78.0190513	-77.9987643	-77.9754181	-77.9464044	
40.25492	-78.0190513	-77.9987643	-77.9754181	-77.9464044	
40.26511	-78.0190513	-77.9987643	-77.9754181	-77.9464044	
40.27533	-78.0190513	-77.9987643	-77.9754181	-77.9464044	
40.28547	-78.0190513	-77.9987643	-77.9754181	-77.9464044	
40.29558	-78.0190513	-77.9987643	-77.9754181	-77.9464044	
40.30579	-78.0190513	-77.9987643	-77.9754181	-77.9464044	
40.31598	-78.0190513	-77.9987643	-77.9754181	-77.9464044	
40.32612	-78.0190513	-77.9987643	-77.9754181	-77.9464044	
40.33625	-78.0190513	-77.9987643	-77.9754181	-77.9464044	
40.34644	-78.0190513	-77.9987643	-77.9754181	-77.9464044	
40.35663	-78.0190513	-77.9987643	-77.9754181	-77.9464044	
40.36684	-78.0190513	-77.9987643	-77.9754181	-77.9464044	
40.37696	-78.0190513	-77.9987643	-77.9754181	-77.9464044	
40.38715	-78.0190513	-77.9987643	-77.9754181	-77.9464044	
40.39735	-78.0190513	-77.9987643	-77.9754181	-77.9464044	
40.40742	-78.0190513	-77.9987643	-77.9754181	-77.9464044	
40.41763	-78.0190513	-77.9987643	-77.9754181	-77.9464044	
40.42777	-78.0190513	-77.9987643	-77.9754181	-77.9464044	
40.43793	-78.0190513	-77.9987643	-77.9754181	-77.9464044	
40.44807	-78.0190513	-77.9987643	-77.9754181	-77.9464044	
40.45819	-78.0190513	-77.9987643	-77.9754181	-77.9464044	
40.46866	-78.0190513	-77.9987643	-77.9754181	-77.9464044	
40.47883	-78.0190513	-77.9987643	-77.9754181	-77.9464044	
40.48894	-78.0190513	-77.9987643	-77.9754181	-77.9464044	
40.49911	-78.0190513	-77.9987643	-77.9754181	-77.9464044	
40.5093	-78.0190513	-77.9987643	-77.9754181	-77.9464044	
40.5194	-78.0190513	-77.9987643	-77.9754181	-77.9464044	
40.52965	-78.0190513	-77.9987643	-77.9754181	-77.9464044	
40.53988	-78.0190513	-77.9987643	-77.9754181	-77.9464044	
40.5499	-78.0190513	-77.9987643	-77.9754181	-77.9464044	
40.56005	-78.0190513	-77.9987643	-77.9754181	-77.9464044	
40.5702	-78.0190513	-77.9987643	-77.9754181	-77.9464044	
40.58045	-78.0190513	-77.9987643	-77.9754181	-77.9464044	
40.59058	-78.0190513	-77.9987643	-77.9754181	-77.9464044	
40.60075	-78.0190513	-77.9987643	-77.9754181	-77.9464044	
40.61092	-78.0190513	-77.9987643	-77.9754181	-77.9464044	
40.62119	-78.0190513	-77.9987643	-77.9754181	-77.9464044	
40.63128	-78.0190513	-77.9987643	-77.9754181	-77.9464044	
40.64139	-78.0190513	-77.9987643	-77.9754181	-77.9464044	
40.65156	-78.0190513	-77.9987643	-77.9754181	-77.9464044	
40.66174	-78.0190513	-77.9987643	-77.9754181	-77.9464044	
40.67186	-78.0190513	-77.9987643	-77.9754181	-77.9464044	
40.68201	-78.0190513	-77.9987643	-77.9754181	-77.9464044	
40.69218	-78.0190513	-77.9987643	-77.9754181	-77.9464044	
40.7024	-78.0190513	-77.9987643	-77.9754181	-77.9464044	
40.71252	-78.0190513	-77.9987643	-77.9754181	-77.9464044	
40.72277	-78.0190513	-77.9987643	-77.9754181	-77.9464044	
40.73291	-78.0190513	-77.9987643	-77.9754181	-77.9464044	
40.74302	-78.0190513	-77.9987643	-77.9754181	-77.9464044	
40.75314	-78.0190513	-77.9987643	-77.9754181	-77.9464044	
40.76338	-78.0190513	-77.9987643	-77.9754181	-77.9464044	
40.77355	-78.0190513	-77.9987643	-77.9754181	-77.9464044	
40.78367	-78.0190513	-77.9987643	-77.9754181	-77.9464044	
40.79384	-78.0190513	-77.9987643	-77.9754181	-77.9464044	
40.80419	-78.0190513	-77.9987643	-77.9754181	-77.9464044	
40.81418	-78.0190513	-77.9987643	-77.9754181	-77.9464044	
40.82433	-78.0190513	-77.9987643	-77.9754181	-77.9464044	
40.83452	-78.0190513	-77.9987643	-77.9754181	-77.9464044	
40.84471	-78.0190513	-77.9987643	-77.9754181	-77.9464044	
40.85486	-78.0190513	-77.9987643	-77.9754181	-77.9464044	
40.86503	-78.0190513	-77.9987643	-77.9754181	-77.9464044	
40.87524	-78.0190513	-77.9987643	-77.9754181	-77.9464044	
40.88543	-78.0190513	-77.9987643	-77.9754181	-77.9464044	
40.89547	-78.0190513	-77.9987643	-77.9754181	-77.9464044	
40.90573	-78.0190513	-77.9987643	-77.9754181	-77.9464044	
40.91592	-78.0190513	-77.9987643	-77.9754181	-77.9464044	
40.92604	-78.0190513	-77.9987643	-77.9754181	-77.9464044	
40.9363	-78.0190513	-77.9987643	-77.9754181	-77.9464044	
40.95531	-78.0190513	-77.9987643	-77.9754181	-77.9464044	
40.96004	-78.0190513	-77.9987643	-77.9754181	-77.9464044	
40.9702	-78.0190513	-77.9987643	-77.9754181	-77.9464044	
40.98037	-78.0190513	-77.9987643	-77.9754181	-77.9464044	
40.99055	-78.0190513	-77.9987643	-77.9754181	-77.9464044	
41.00065	-78.0190513	-77.9987643	-77.9754181	-77.9464044	
41.01081	-78.0190513	-77.9987643	-77.9754181	-77.9464044	
41.02105	-78.0190513	-77.9987643	-77.9754181	-77.9464044	
41.03126	-78.0190513	-77.9987643	-77.9754181	-77.9464044	
41.04135	-78.0190513	-77.9987643	-77.9754181	-77.9464044	
41.05159	-78.0190513	-77.9987643	-77.9754181	-77.9464044	
41.06169	-78.0190513	-77.9987643	-77.9754181	-77.9464044	
41.07176	-78.0190513	-77.9987643	-77.9754181	-77.9464044	
41.08196	-78.0190513	-77.9987643	-77.9754181	-77.9464044	
41.09217	-78.0190513	-77.9987643	-77.9754181	-77.9464044	
41.10227	-78.0190513	-77.9987643	-77.9754181	-77.9464044	
41.11244	-78.0190513	-77.9987643	-77.9754181	-77.9464044	
41.12322	-78.0190513	-77.9987643	-77.9754181	-77.9464044	
41.13341	-78.0190513	-77.9987643	-77.9754181	-77.9464044	
41.14346	-78.0190513	-77.9987643	-77.9754181	-77.9464044	
41.15371	-78.0190513	-77.9987643	-77.9754181	-77.9464044	
41.16381	-78.0190513	-77.9987643	-77.9754181	-77.9464044	
41.17398	-78.0190513	-77.9987643	-77.9754181	-77.9464044	
41.18411	-78.0190513	-77.9987643	-77.9754181	-77.9464044	
41.19425	-78.0190513	-77.9987643	-77.9754181	-77.9464044	
41.20454	-78.0190513	-77.9987643	-77.9754181	-77.9464044	
41.21462	-78.0190513	-77.9987643	-77.9754181	-77.9464044	
41.22476	-78.0190513	-77.9987643	-77.9754181	-77.9464044	
41.23501	-78.0190513	-77.9987643	-77.9754181	-77.9464044	
41.24515	-78.0190513	-77.9987643	-77.9754181	-77.9464044	
41.25549	-78.0190513	-77.9987643	-77.9754181	-77.9464044	
41.26545	-78.0190513	-77.9987643	-77.9754181	-77.9464044	
41.27568	-78.0190513	-77.9987643	-77.9754181	-77.9464044	
41.28584	-78.0190513	-77.9987643	-77.9754181	-77.9464044	
41.29586	-78.0190513	-77.9987643	-77.9754181	-77.9464044	
41.30609	-78.0190513	-77.9987643	-77.9754181	-77.9464044	
41.31625	-78.0190513	-77.9987643	-77.9754181	-77.9464044	
41.32641	-78.0190513	-77.9987643	-77.9754181	-77.9464044	
41.33654	-78.0190513	-77.9987643	-77.9754181	-77.9464044	
41.34671	-78.0190513	-77.9987643	-77.9754181	-77.9464044	
41.3569	-78.0190513	-77.9987643	-77.9754181	-77.9464044	
41.36709	-78.0190513	-77.9987643	-77.9754181	-77.9464044	
41.37724	-78.0190513	-77.9987643	-77.9754181	-77.9464044	
41.38748	-78.0190513	-77.9987643	-77.9754181	-77.9464044	
41.39779	-78.0190513	-77.9987643	-77.9754181	-77.9464044	
41.40774	-78.0190513	-77.9987643	-77.9754181	-77.9464044	
41.4179	-78.0190513	-77.9987643	-77.9754181	-77.9464044	
41.4281	-78.0190513	-77.9987643	-77.9754181	-77.9464044	
41.43824	-78.0190513	-77.9987643	-77.9754181	-77.9464044	
41.44848	-78.0190513	-77.9987643	-77.9754181	-77.9464044	
41.45858	-78.0190513	-77.9987643	-77.9754181	-77.9464044	
41.46885	-78.0190513	-77.9987643	-77.9754181	-77.9464044	
41.479	-78.0190513	-77.9987643	-77.9754181	-77.9464044	
41.48914	-78.0190513	-77.9987643	-77.9754181	-77.9464044	
41.49933	-78.0190513	-77.9987643	-77.9754181	-77.9464044	
41.50946	-78.0190513	-77.9987643	-77.9754181	-77.9464044	
41.52141	-78.0190513	-77.9987643	-77.9754181	-77.9464044	
41.53165	-78.0190513	-77.9987643	-77.9754181	-77.9464044	
41.54175	-78.0190513	-77.9987643	-77.9754181	-77.9464044	
41.55187	-78.0190513	-77.9987643	-77.9754181	-77.9464044	
41.56203	-78.0190513	-77.9987643	-77.9754181	-77.9464044	
41.57225	-78.0190513	-77.9987643	-77.9754181	-77.9464044	
41.58234	-78.0190513	-77.9987643	-77.9754181	-77.9464044	
41.59251	-78.0190513	-77.9987643	-77.9754181	-77.9464044	
41.60271	-78.0190513	-77.9987643	-77.9754181	-77.9464044	
41.61286	-78.0190513	-77.9987643	-77.9754181	-77.9464044	
41.62305	-78.0190513	-77.9987643	-77.9754181	-77.9464044	
41.63322	-78.0190513	-77.9987643	-77.9754181	-77.9464044	
41.64341	-78.0190513	-77.9987643	-77.9754181	-77.9464044	
41.65356	-78.0190513	-77.9987643	-77.9754181	-77.9464044	
41.6637	-78.0190513	-77.9987643	-77.9754181	-77.9464044	
41.67408	-78.0190513	-77.9987643	-77.9754181	-77.9464044	
41.6842	-78.0190513	-77.9987643	-77.9754181	-77.9464044	
41.69432	-78.0190513	-77.9987643	-77.9754181	-77.9464044	
41.70453	-78.0190513	-77.9987643	-77.9754181	-77.9464044	
41.71466	-78.0190513	-77.9987643	-77.9754181	-77.9464044	
41.72529	-78.0190513	-77.9987643	-77.9754181	-77.9464044	
41.73539	-78.0190513	-77.9987643	-77.9754181	-77.9464044	
41.74551	-78.0190513	-77.9987643	-77.9754181	-77.9464044	
41.75572	-78.0190513	-77.9987643	-77.9754181	-77.9464044	
41.76582	-78.0190513	-77.9987643	-77.9754181	-77.9464044	
41.77607	-78.0190513	-77.9987643	-77.9754181	-77.9464044	
