7.6751	-14.022901	-14.0062672	-13.9792678	-13.9713607	
7.68524	-14.0282796	-14.0062672	-13.9846463	-13.9713607	
7.695392	-14.0357274	-14.0062672	-13.9920942	-13.9713607	
7.705571	-14.0452743	-14.0062672	-14.001641	-13.9713607	
7.715756	-14.0569014	-14.0062672	-14.0132682	-13.9713607	
7.726089	-14.0708519	-14.0062672	-14.0272186	-13.9713607	
7.736119	-14.0863688	-14.0149939	-14.0427356	-13.9800873	
7.746223	-14.1040492	-14.0149939	-14.060416	-13.988814	
7.75636	-14.1238499	-14.0237205	-14.0802167	-13.9975406	
7.766589	-14.145923	-14.0324472	-14.1022897	-14.0149939	
7.776917	-14.170352	-14.0499005	-14.1267188	-14.0324472	
7.787102	-14.196516	-14.0673538	-14.1528828	-14.0673538	
7.805347	-14.2515215	-14.0935337	-14.2078883	-14.1022604	
7.810047	-14.2654736	-14.1284403	-14.2218403	-14.1458936	
7.820132	-14.2980343	-14.1633469	-14.2544011	-14.1895268	
7.838384	-14.365113	-14.1982535	-14.3214798	-14.2418867	
7.84319	-14.3825705	-14.2506133	-14.3389373	-14.3116999	
7.85333	-14.4220439	-14.3029732	-14.3784106	-14.3640597	
7.863571	-14.4640319	-14.3466065	-14.4203987	-14.4164196	
7.873702	-14.5076169	-14.407693	-14.4639837	-14.4775061	
7.883847	-14.5532759	-14.4687795	-14.5096427	-14.529866	
7.894076	-14.6014224	-14.529866	-14.5577891	-14.5909525	
7.904207	-14.6511699	-14.5996792	-14.6075366	-14.6345858	
7.914321	-14.7028676	-14.6607657	-14.6592344	-14.6869457	
7.924499	-14.7571954	-14.7305789	-14.7135622	-14.7305789	
7.934855	-14.814445	-14.8003921	-14.7708117	-14.7829388	
7.944866	-14.8715066	-14.8614786	-14.8278733	-14.826572	
7.955047	-14.9318151	-14.9312918	-14.8881819	-14.8702052	
7.96517	-14.9938597	-14.9923783	-14.9502265	-14.9138385	
7.975387	-15.058611	-15.0534648	-15.0149777	-14.9661983	
7.985579	-15.1252398	-15.1145513	-15.0816066	-15.0098316	
7.995676	-15.1932554	-15.1756378	-15.1496222	-15.0709181	
8.00587	-15.2640548	-15.2367244	-15.2204216	-15.123278	
8.016061	-15.3368887	-15.2978109	-15.2932554	-15.1843645	
8.026165	-15.4111409	-15.3588974	-15.3675077	-15.2541777	
8.036319	-15.48782	-15.4287106	-15.4441867	-15.3327175	
8.046516	-15.5672863	-15.4985238	-15.523653	-15.4199839	
8.056715	-15.6480986	-15.5683369	-15.6044654	-15.5072504	
8.066915	-15.7314042	-15.6381501	-15.687771	-15.6032435	
8.076987	-15.8156299	-15.7079633	-15.7719966	-15.69051	
8.087261	-15.9037558	-15.7952297	-15.8601225	-15.7952297	
8.097352	-15.9922336	-15.8824962	-15.9486004	-15.8912228	
8.10751	-16.083414	-15.9784893	-16.0397808	-15.9872159	
8.117712	-16.1770661	-16.0657558	-16.1334328	-16.0919357	
8.127791	-16.2716368	-16.1617489	-16.2280036	-16.1966555	
8.137989	-16.3693971	-16.2751953	-16.3257639	-16.2839219	
8.14905	-16.4780538	-16.379915	-16.4344206	-16.379915	
8.158292	-16.5702438	-16.4933614	-16.5266106	-16.4759081	
8.168427	-16.6715838	-16.6068078	-16.6279506	-16.5806279	
8.186539	-16.8527538	-16.8162473	-16.8091206	-16.7551608	
8.199205	-16.9793938	-16.8686072	-16.9357606	-16.7987941	
8.203821	-17.0255038	-17.0169602	-16.9818706	-16.9296937	
8.214001	-17.1272938	-17.1391333	-17.0836606	-17.0431401	
8.224201	-17.2293338	-17.2525797	-17.1857006	-17.1565865	
8.234333	-17.3306438	-17.3747527	-17.2870106	-17.2700329	
8.244488	-17.4321638	-17.4881991	-17.3885306	-17.3834793	
8.254648	-17.5338138	-17.5929189	-17.4901806	-17.4881991	
8.264856	-17.6358638	-17.6976386	-17.5922306	-17.5929189	
8.275005	-17.7373338	-17.8023584	-17.6937006	-17.6976386	
8.285113	-17.8384238	-17.8983515	-17.7947906	-17.8023584	
8.295346	-17.9407738	-17.9943446	-17.8971406	-17.9070781	
8.305541	-18.0427238	-18.0816111	-17.9990906	-18.0030712	
8.315615	-18.1434538	-18.1688775	-18.0998206	-18.0990643	
8.325799	-18.2453138	-18.256144	-18.2016806	-18.2037841	
8.335992	-18.3472238	-18.3521371	-18.3035906	-18.3085039	
8.346087	-18.4481838	-18.4394035	-18.4045506	-18.404497	
8.356299	-18.5503338	-18.52667	-18.5067006	-18.5004901	
8.366471	-18.6519938	-18.6139365	-18.6083606	-18.6052098	
8.376722	-18.7545038	-18.7012029	-18.7108706	-18.6924763	
8.386814	-18.8554538	-18.797196	-18.8118206	-18.7884694	
8.396981	-18.9571538	-18.8844625	-18.9135206	-18.8844625	
8.407225	-19.0595538	-18.9804556	-19.0159206	-18.971729	
8.417344	-19.1607538	-19.0764487	-19.1171206	-19.0677221	
8.427463	-19.2619238	-19.1811685	-19.2182906	-19.1637152	
8.437601	-19.3632938	-19.2858882	-19.3196606	-19.2684349	
8.447928	-19.4666538	-19.390608	-19.4230206	-19.3557014	
8.457919	-19.5665638	-19.4953277	-19.5229306	-19.4604212	
8.468101	-19.6683238	-19.6175008	-19.6246906	-19.5651409	
8.478241	-19.7697538	-19.7309472	-19.7261206	-19.6785873	
8.488516	-19.8724638	-19.8531202	-19.8288306	-19.7920337	
8.506552	-20.0528938	-20.0625598	-20.0092606	-19.9927466	
8.519273	-20.1801038	-20.1149196	-20.1364706	-20.0451065	
8.523912	-20.2264738	-20.254546	-20.1828406	-20.1760062	
8.534152	-20.3288538	-20.3679924	-20.2852206	-20.2981792	
8.544439	-20.4317238	-20.4814388	-20.3880906	-20.4203522	
8.554671	-20.5340438	-20.5948852	-20.4904106	-20.5337986	
8.564801	-20.6353938	-20.6908783	-20.5917606	-20.6385184	
8.574955	-20.7372438	-20.795598	-20.6936106	-20.7519648	
8.585162	-20.8389438	-20.8915911	-20.7953106	-20.8566846	
8.595257	-20.9398738	-20.9788576	-20.8962406	-20.9614043	
8.605448	-21.0418238	-21.0748507	-20.9981906	-21.0661241	
8.615661	-21.1439438	-21.1708438	-21.1003106	-21.1533905	
8.625779	-21.2451138	-21.2581103	-21.2014806	-21.2581103	
8.635929	-21.3465938	-21.3541034	-21.3029606	-21.3453768	
8.646126	-21.4485638	-21.4500965	-21.4049306	-21.4326432	
8.656264	-21.5499438	-21.537363	-21.5063106	-21.5199097	
8.666521	-21.6525538	-21.6333561	-21.6089206	-21.6071761	
8.676644	-21.7537738	-21.7293492	-21.7101406	-21.6944426	
8.686776	-21.8551038	-21.8166156	-21.8114706	-21.7817091	
8.696952	-21.9568538	-21.9126088	-21.9132206	-21.8515222	
8.707113	-22.0584438	-22.0086019	-22.0148106	-21.9387887	
8.717275	-22.1600738	-22.1133216	-22.1164406	-22.0260552	
8.727482	-22.2621638	-22.2093147	-22.2185306	-22.1220483	
8.73765	-22.3638138	-22.3140345	-22.3201806	-22.2093147	
8.747733	-22.4646538	-22.4187542	-22.4210206	-22.3053078	
8.757922	-22.5665138	-22.5322006	-22.5228806	-22.4100276	
8.768114	-22.6685038	-22.6369204	-22.6248706	-22.5147474	
8.778207	-22.7694238	-22.7416402	-22.7257906	-22.6281938	
8.788423	-22.8715638	-22.8550866	-22.8279306	-22.7416402	
8.798582	-22.9741238	-22.968533	-22.9304906	-22.8550866	
8.80882	-23.0755038	-23.0819794	-23.0318706	-22.968533	
8.818928	-23.1765938	-23.1866991	-23.1329606	-23.0819794	
8.829044	-23.2777538	-23.3001455	-23.2341206	-23.2041524	
8.839297	-23.3802938	-23.4048653	-23.3366606	-23.3175988	
8.849417	-23.4814938	-23.509585	-23.4378606	-23.4223186	
8.85948	-23.5821438	-23.6143048	-23.5385106	-23.5270383	
8.869661	-23.6839238	-23.7102979	-23.6402906	-23.6404847	
8.879907	-23.7864038	-23.8150176	-23.7427706	-23.7452045	
8.890049	-23.8878338	-23.9110108	-23.8442006	-23.8499242	
8.901799	-24.0053438	-24.0070039	-23.9617106	-23.9459173	
8.910322	-24.0905038	-24.102997	-24.0468706	-24.0506371	
8.92055	-24.1927938	-24.1989901	-24.1491606	-24.1466302	
8.930719	-24.2945038	-24.2949832	-24.2508706	-24.2426233	
8.94085	-24.3958738	-24.3997029	-24.3522406	-24.3298898	
8.951066	-24.4979838	-24.4869694	-24.4543506	-24.4258829	
8.969178	-24.6791038	-24.5829625	-24.6354706	-24.521876	
8.973829	-24.7255938	-24.6964089	-24.6819606	-24.6353224	
8.984075	-24.8280738	-24.792402	-24.7844406	-24.7313155	
8.994148	-24.9288038	-24.8883951	-24.8851706	-24.818582	
9.004271	-25.0300038	-24.9931149	-24.9863706	-24.9233017	
9.014408	-25.1313738	-25.089108	-25.0877406	-25.0280215	
9.024699	-25.2343038	-25.1938278	-25.1906706	-25.1240146	
9.034802	-25.3353138	-25.2898209	-25.2916806	-25.2200077	
9.046339	-25.4507238	-25.3945406	-25.4070906	-25.3247274	
9.055087	-25.5381838	-25.4992604	-25.4945506	-25.4294472	
9.065297	-25.6402838	-25.6039801	-25.5966506	-25.534167	
9.075389	-25.7412338	-25.7086999	-25.6976006	-25.6388867	
9.085581	-25.8431138	-25.8221463	-25.7994806	-25.7523331	
9.095733	-25.9446338	-25.9355927	-25.9010006	-25.8657795	
9.105929	-26.0465938	-26.0403124	-26.0029606	-25.9792259	
9.116035	-26.1476538	-26.1450322	-26.1040206	-26.0926723	
9.126214	-26.2494538	-26.2497519	-26.2058206	-26.2148454	
9.136369	-26.3509838	-26.3631984	-26.3073506	-26.3195651	
9.244257	-27.4299538	-27.4453025	-27.3863206	-27.4103959	
9.258074	-27.5625384	-27.5849288	-27.5189052	-27.5500222	
9.268236	-27.658452	-27.6809219	-27.6148188	-27.6460154	
9.278504	-27.7533256	-27.7856417	-27.7096924	-27.7332818	
9.288701	-27.8455762	-27.8816348	-27.801943	-27.8205483	
9.2989	-27.9358358	-27.9776279	-27.8922025	-27.9078147	
9.308993	-28.0231775	-28.073621	-27.9795443	-27.9950812	
9.319205	-28.109579	-28.1696141	-28.0659458	-28.0823477	
9.32936	-28.193495	-28.2481539	-28.1498617	-28.1608875	
9.340156	-28.2804973	-28.3354204	-28.2368641	-28.2394273	
9.35044	-28.3613039	-28.4314135	-28.3176707	-28.3266938	
9.359923	-28.434223	-28.5012267	-28.3905898	-28.4052336	
9.369958	-28.5093457	-28.5797665	-28.4657125	-28.4837734	
9.380449	-28.5858003	-28.6495797	-28.5421671	-28.5535866	
9.390474	-28.6569919	-28.7106662	-28.6133587	-28.6233997	
9.400482	-28.7261083	-28.7804794	-28.6824751	-28.6932129	
9.410576	-28.7939067	-28.8502925	-28.7502734	-28.7630261	
9.42074	-28.8602258	-28.9026524	-28.8165926	-28.8328392	
9.430877	-28.9244716	-28.9637389	-28.8808384	-28.8851991	
9.441144	-28.9874725	-29.0248255	-28.9438392	-28.9462856	
9.451305	-29.0479244	-29.0771853	-29.0042912	-29.0073722	
9.461433	-29.1062442	-29.1382719	-29.0626109	-29.0684587	
9.471596	-29.1628151	-29.1906317	-29.1191819	-29.1295452	
9.481769	-29.217516	-29.2429916	-29.1738827	-29.1819051	
9.491829	-29.2697267	-29.2866248	-29.2260935	-29.234265	
9.502026	-29.3207197	-29.3389847	-29.2770865	-29.2866248	
9.512174	-29.3695513	-29.3913446	-29.3259181	-29.3302581	
9.522328	-29.4164904	-29.4349778	-29.3728572	-29.3738913	
9.532429	-29.4613296	-29.4786111	-29.4176964	-29.4175245	
9.550761	-29.5351114	-29.5571509	-29.4914782	-29.4873377	
9.55546	-29.5542039	-29.5746042	-29.5105706	-29.504791	
9.565606	-29.5930838	-29.6182374	-29.5494506	-29.5396976	
9.575794	-29.6302589	-29.6618706	-29.5866257	-29.5746042	
9.585987	-29.6655704	-29.6967772	-29.6219372	-29.6007841	
9.596059	-29.6986761	-29.7404105	-29.6550429	-29.6356907	
9.60652	-29.7310815	-29.7665904	-29.6874483	-29.6705973	
9.616481	-29.760216	-29.801497	-29.7165827	-29.6967772	
9.627125	-29.7893124	-29.8276769	-29.7456791	-29.7229572	
9.637236	-29.8152376	-29.8538569	-29.7716044	-29.7404105	
9.647408	-29.8395343	-29.8800368	-29.7959011	-29.775317	
9.657562	-29.8620394	-29.9062167	-29.8184061	-29.7927703	
9.667689	-29.8827591	-29.92367	-29.8391259	-29.8102236	
9.677875	-29.9018763	-29.94985	-29.8582431	-29.8364036	
9.688012	-29.9192309	-29.9585766	-29.8755977	-29.8538569	
9.698138	-29.9349253	-29.9760299	-29.8912921	-29.8800368	
9.708311	-29.9490756	-29.9847565	-29.9054424	-29.8974901	
9.718488	-29.9616399	-29.9934832	-29.9180066	-29.9149434	
9.729154	-29.9730877	-29.9934832	-29.9294545	-29.92367	
9.739309	-29.9825575	-30.0022098	-29.9389243	-29.9323967	
9.749441	-29.9906222	-30.0022098	-29.946989	-29.94985	
9.759603	-29.9973768	-30.0022098	-29.9537436	-29.94985	
9.769829	-30.0029227	-30.0022098	-29.9592894	-29.94985	
9.779928	-30.0072973	-30.0022098	-29.963664	-29.94985	
9.79014	-30.010706	-30.0022098	-29.9670728	-29.94985	
9.800288	-30.0132448	-30.0022098	-29.9696116	-29.94985	
9.810399	-30.0190513	-30.0022098	-29.9754181	-29.94985	
9.82058	-30.0190513	-30.0022098	-29.9754181	-29.94985	
9.830723	-30.0190513	-30.0022098	-29.9754181	-29.94985	
9.841005	-30.0190513	-30.0022098	-29.9754181	-29.9585766	
9.851201	-30.0190513	-30.0022098	-29.9754181	-29.9585766	
9.861868	-30.0190513	-30.0022098	-29.9754181	-29.9585766	
9.871503	-30.0190513	-30.0022098	-29.9754181	-29.9585766	
9.881684	-30.0190513	-30.0022098	-29.9754181	-29.9585766	
9.891764	-30.0190513	-30.0022098	-29.9754181	-29.9585766	
9.901899	-30.0190513	-30.0022098	-29.9754181	-29.9585766	
9.912163	-30.0190513	-30.0022098	-29.9754181	-29.9585766	
9.922213	-30.0190513	-30.0022098	-29.9754181	-29.9585766	
9.932364	-30.0190513	-30.0022098	-29.9754181	-29.9585766	
9.942536	-30.0190513	-30.0022098	-29.9754181	-29.9585766	
9.960638	-30.0190513	-30.0022098	-29.9754181	-29.9585766	
9.965224	-30.0190513	-30.0022098	-29.9754181	-29.9585766	
9.975488	-30.0190513	-30.0022098	-29.9754181	-29.9585766	
9.985647	-30.0190513	-30.0022098	-29.9754181	-29.9585766	
9.995721	-30.0190513	-30.0022098	-29.9754181	-29.9585766	
10.0059	-30.0190513	-30.0022098	-29.9754181	-29.9585766	
10.01606	-30.0190513	-30.0022098	-29.9754181	-29.9585766	
10.02627	-30.0190513	-30.0022098	-29.9754181	-29.9585766	
10.03641	-30.0190513	-30.0022098	-29.9754181	-29.9585766	
10.04809	-30.0190513	-30.0022098	-29.9754181	-29.9585766	
10.05677	-30.0190513	-30.0022098	-29.9754181	-29.9585766	
10.06691	-30.0190513	-30.0022098	-29.9754181	-29.9585766	
10.07707	-30.0190513	-30.0022098	-29.9754181	-29.9585766	
10.08727	-30.0190513	-30.0022098	-29.9754181	-29.9585766	
10.09743	-30.0190513	-30.0022098	-29.9754181	-29.9585766	
10.10754	-30.0190513	-30.0022098	-29.9754181	-29.9585766	
10.11767	-30.0190513	-30.0022098	-29.9754181	-29.9585766	
10.12793	-30.0190513	-30.0022098	-29.9754181	-29.9585766	
10.13807	-30.0190513	-30.0022098	-29.9754181	-29.9585766	
10.14818	-30.0190513	-30.0022098	-29.9754181	-29.9585766	
10.15838	-30.0190513	-30.0022098	-29.9754181	-29.9585766	
10.16856	-30.0190513	-30.0022098	-29.9754181	-29.9585766	
10.17874	-30.0190513	-30.0022098	-29.9754181	-29.9585766	
10.18888	-30.0190513	-30.0022098	-29.9754181	-29.9585766	
10.19907	-30.0190513	-30.0022098	-29.9754181	-29.9585766	
10.20922	-30.0190513	-30.0022098	-29.9754181	-29.9585766	
10.21935	-30.0190513	-30.0022098	-29.9754181	-29.9585766	
10.22953	-30.0190513	-30.0022098	-29.9754181	-29.9585766	
10.23983	-30.0190513	-30.0022098	-29.9754181	-29.9585766	
10.24992	-30.0190513	-30.0022098	-29.9754181	-29.9585766	
10.26013	-30.0190513	-30.0022098	-29.9754181	-29.9585766	
10.27021	-30.0190513	-30.0022098	-29.9754181	-29.9585766	
10.28037	-30.0190513	-30.0022098	-29.9754181	-29.9585766	
10.29048	-30.0190513	-30.0022098	-29.9754181	-29.9585766	
10.30064	-30.0190513	-30.0022098	-29.9754181	-29.9585766	
10.31085	-30.0190513	-30.0022098	-29.9754181	-29.9585766	
10.32894	-30.0190513	-30.0022098	-29.9754181	-29.9585766	
10.33355	-30.0190513	-30.0022098	-29.9754181	-29.9585766	
10.34383	-30.0190513	-30.0022098	-29.9754181	-29.9585766	
10.35395	-30.0190513	-30.0022098	-29.9754181	-29.9585766	
10.36406	-30.0190513	-30.0022098	-29.9754181	-29.9585766	
10.37422	-30.0190513	-30.0022098	-29.9754181	-29.9585766	
10.38443	-30.0190513	-30.0022098	-29.9754181	-29.9585766	
10.39465	-30.0190513	-30.0022098	-29.9754181	-29.9585766	
10.4048	-30.0190513	-30.0022098	-29.9754181	-29.9585766	
10.41497	-30.0190513	-30.0022098	-29.9754181	-29.9585766	
10.42511	-30.0190513	-30.0022098	-29.9754181	-29.9585766	
10.43535	-30.0190513	-30.0022098	-29.9754181	-29.9585766	
10.44548	-30.0190513	-30.0022098	-29.9754181	-29.9585766	
10.45565	-30.0190513	-30.0022098	-29.9754181	-29.9585766	
10.46589	-30.0190513	-30.0022098	-29.9754181	-29.9585766	
10.47598	-30.0190513	-30.0022098	-29.9754181	-29.9585766	
10.48619	-30.0190513	-30.0022098	-29.9754181	-29.9585766	
10.49626	-30.0190513	-30.0022098	-29.9754181	-29.9585766	
10.50643	-30.0190513	-30.0022098	-29.9754181	-29.9585766	
10.51662	-30.0190513	-30.0022098	-29.9754181	-29.9585766	
10.52677	-30.0190513	-30.0022098	-29.9754181	-29.9585766	
10.53701	-30.0190513	-30.0022098	-29.9754181	-29.9585766	
10.54716	-30.0190513	-30.0022098	-29.9754181	-29.9585766	
10.55727	-30.0190513	-30.0022098	-29.9754181	-29.9585766	
10.5675	-30.0190513	-30.0022098	-29.9754181	-29.9585766	
10.57762	-30.0190513	-30.0022098	-29.9754181	-29.9585766	
10.58772	-30.0190513	-30.0022098	-29.9754181	-29.9585766	
10.59791	-30.0190513	-30.0022098	-29.9754181	-29.9585766	
10.60811	-30.0190513	-30.0022098	-29.9754181	-29.9585766	
10.61824	-30.0190513	-30.0022098	-29.9754181	-29.9585766	
10.62838	-30.0190513	-30.0022098	-29.9754181	-29.9585766	
10.6385	-30.0190513	-30.0022098	-29.9754181	-29.9585766	
10.64875	-30.0190513	-30.0022098	-29.9754181	-29.9585766	
10.65891	-30.0190513	-30.0022098	-29.9754181	-29.9585766	
10.66905	-30.0190513	-30.0022098	-29.9754181	-29.9585766	
10.67919	-30.0190513	-30.0022098	-29.9754181	-29.9585766	
10.68941	-30.0190513	-30.0022098	-29.9754181	-29.9585766	
10.6995	-30.0190513	-30.0022098	-29.9754181	-29.9585766	
10.70969	-30.0190513	-30.0022098	-29.9754181	-29.9585766	
10.71989	-30.0190513	-30.0022098	-29.9754181	-29.9585766	
10.73003	-30.0190513	-30.0022098	-29.9754181	-29.9585766	
10.74014	-30.0190513	-30.0022098	-29.9754181	-29.9585766	
10.75054	-30.0190513	-30.0022098	-29.9754181	-29.9585766	
10.7605	-30.0190513	-30.0022098	-29.9754181	-29.9585766	
10.77062	-30.0190513	-30.0022098	-29.9754181	-29.9585766	
10.78078	-30.0190513	-30.0022098	-29.9754181	-29.9585766	
10.79097	-30.0190513	-30.0022098	-29.9754181	-29.9585766	
10.80123	-30.0190513	-30.0022098	-29.9754181	-29.9585766	
10.81133	-30.0190513	-30.0022098	-29.9754181	-29.9585766	
10.82142	-30.0190513	-30.0022098	-29.9754181	-29.9585766	
10.83164	-30.0190513	-30.0022098	-29.9754181	-29.9585766	
10.84183	-30.0190513	-30.0022098	-29.9754181	-29.9585766	
10.85185	-30.0190513	-30.0022098	-29.9754181	-29.9585766	
10.86218	-30.0190513	-30.0022098	-29.9754181	-29.9585766	
10.87227	-30.0190513	-30.0022098	-29.9754181	-29.9585766	
10.88239	-30.0190513	-30.0022098	-29.9754181	-29.9585766	
10.89256	-30.0190513	-30.0022098	-29.9754181	-29.9585766	
10.91341	-30.0190513	-30.0022098	-29.9754181	-29.9585766	
10.91808	-30.0190513	-30.0022098	-29.9754181	-29.9585766	
10.92819	-30.0190513	-30.0022098	-29.9754181	-29.9585766	
10.93837	-30.0190513	-30.0022098	-29.9754181	-29.9585766	
10.94847	-30.0190513	-30.0022098	-29.9754181	-29.9585766	
10.95871	-30.0190513	-30.0022098	-29.9754181	-29.9585766	
10.9689	-30.0190513	-30.0022098	-29.9754181	-29.9585766	
10.97906	-30.0190513	-30.0022098	-29.9754181	-29.9585766	
10.98917	-30.0190513	-30.0022098	-29.9754181	-29.9585766	
10.99935	-30.0190513	-30.0022098	-29.9754181	-29.9585766	
11.00947	-30.0190513	-30.0022098	-29.9754181	-29.9585766	
11.01959	-30.0190513	-30.0022098	-29.9754181	-29.9585766	
11.02982	-30.0190513	-30.0022098	-29.9754181	-29.9585766	
11.04007	-30.0190513	-30.0022098	-29.9754181	-29.9585766	
11.05945	-30.0190513	-30.0022098	-29.9754181	-29.9585766	
11.06413	-30.0190513	-30.0022098	-29.9754181	-29.9585766	
11.07431	-30.0190513	-30.0022098	-29.9754181	-29.9585766	
11.08443	-30.0190513	-30.0022098	-29.9754181	-29.9585766	
11.09457	-30.0190513	-30.0022098	-29.9754181	-29.9585766	
11.10478	-30.0190513	-30.0022098	-29.9754181	-29.9585766	
11.11497	-30.0190513	-30.0022098	-29.9754181	-29.9585766	
11.1251	-30.0190513	-30.0022098	-29.9754181	-29.9585766	
11.13525	-30.0190513	-30.0022098	-29.9754181	-29.9585766	
11.14545	-30.0190513	-30.0022098	-29.9754181	-29.9585766	
11.15633	-30.0190513	-30.0022098	-29.9754181	-29.9585766	
11.16567	-30.0190513	-30.0022098	-29.9754181	-29.9585766	
11.17591	-30.0190513	-30.0022098	-29.9754181	-29.9585766	
11.18602	-30.0190513	-30.0022098	-29.9754181	-29.9585766	
11.19618	-30.0190513	-30.0022098	-29.9754181	-29.9585766	
11.20636	-30.0190513	-30.0022098	-29.9754181	-29.9585766	
11.21655	-30.0190513	-30.0022098	-29.9754181	-29.9585766	
11.22669	-30.0190513	-30.0022098	-29.9754181	-29.9585766	
11.23683	-30.0190513	-30.0022098	-29.9754181	-29.9585766	
11.24702	-30.0190513	-30.0022098	-29.9754181	-29.9585766	
11.25717	-30.0190513	-30.0022098	-29.9754181	-29.9585766	
11.26744	-30.0190513	-30.0022098	-29.9754181	-29.9585766	
11.27763	-30.0190513	-30.0022098	-29.9754181	-29.9585766	
11.28775	-30.0190513	-30.0022098	-29.9754181	-29.9585766	
11.29794	-30.0190513	-30.0022098	-29.9754181	-29.9585766	
11.30803	-30.0190513	-30.0022098	-29.9754181	-29.9585766	
11.31823	-30.0190513	-30.0022098	-29.9754181	-29.9585766	
11.32835	-30.0190513	-30.0022098	-29.9754181	-29.9585766	
11.3385	-30.0190513	-30.0022098	-29.9754181	-29.9585766	
11.34868	-30.0190513	-30.0022098	-29.9754181	-29.9585766	
11.35884	-30.0190513	-30.0022098	-29.9754181	-29.9585766	
11.36906	-30.0190513	-30.0022098	-29.9754181	-29.9585766	
11.37919	-30.0190513	-30.0022098	-29.9754181	-29.9585766	
11.38933	-30.0190513	-30.0022098	-29.9754181	-29.9585766	
11.39959	-30.0190513	-30.0022098	-29.9754181	-29.9585766	
11.40971	-30.0190513	-30.0022098	-29.9754181	-29.9585766	
11.41984	-30.0190513	-30.0022098	-29.9754181	-29.9585766	
11.43003	-30.0190513	-30.0022098	-29.9754181	-29.9585766	
11.44017	-30.0190513	-30.0022098	-29.9754181	-29.9585766	
11.45046	-30.0190513	-30.0022098	-29.9754181	-29.9585766	
11.46041	-30.0190513	-30.0022098	-29.9754181	-29.9585766	
11.4706	-30.0190513	-30.0022098	-29.9754181	-29.9585766	
11.48079	-30.0190513	-30.0022098	-29.9754181	-29.9585766	
11.49291	-30.0190513	-30.0022098	-29.9754181	-29.9585766	
11.50118	-30.0190513	-30.0022098	-29.9754181	-29.9585766	
11.51138	-30.0190513	-30.0022098	-29.9754181	-29.9585766	
11.52143	-30.0190513	-30.0022098	-29.9754181	-29.9585766	
11.53156	-30.0190513	-30.0022098	-29.9754181	-29.9585766	
11.54174	-30.0190513	-30.0022098	-29.9754181	-29.9585766	
11.55189	-30.0190513	-30.0022098	-29.9754181	-29.9585766	
11.56206	-30.0190513	-30.0022098	-29.9754181	-29.9585766	
11.57216	-30.0190513	-30.0022098	-29.9754181	-29.9585766	
11.58238	-30.0190513	-30.0022098	-29.9754181	-29.9585766	
11.59257	-30.0190513	-30.0022098	-29.9754181	-29.9585766	
11.60273	-30.0190513	-30.0022098	-29.9754181	-29.9585766	
11.6128	-30.0190513	-30.0022098	-29.9754181	-29.9585766	
11.62301	-30.0190513	-30.0022098	-29.9754181	-29.9585766	
11.63339	-30.0190513	-30.0022098	-29.9754181	-29.9585766	
11.64355	-30.0190513	-30.0022098	-29.9754181	-29.9585766	
11.6537	-30.0190513	-30.0022098	-29.9754181	-29.9585766	
11.664	-30.0190513	-30.0022098	-29.9754181	-29.9585766	
11.67405	-30.0190513	-30.0022098	-29.9754181	-29.9585766	
11.68422	-30.0190513	-30.0022098	-29.9754181	-29.9585766	
11.69442	-30.0190513	-30.0022098	-29.9754181	-29.9585766	
11.7046	-30.0190513	-30.0022098	-29.9754181	-29.9585766	
11.71473	-30.0190513	-30.0022098	-29.9754181	-29.9585766	
11.72487	-30.0190513	-30.0022098	-29.9754181	-29.9585766	
11.73506	-30.0190513	-30.0022098	-29.9754181	-29.9585766	
11.74525	-30.0190513	-30.0022098	-29.9754181	-29.9585766	
11.75541	-30.0190513	-30.0022098	-29.9754181	-29.9585766	
11.76552	-30.0190513	-30.0022098	-29.9754181	-29.9585766	
11.77575	-30.0190513	-30.0022098	-29.9754181	-29.9585766	
11.78594	-30.0190513	-30.0022098	-29.9754181	-29.9585766	
11.79613	-30.0190513	-30.0022098	-29.9754181	-29.9585766	
11.80638	-30.0190513	-30.0022098	-29.9754181	-29.9585766	
11.81655	-30.0190513	-30.0022098	-29.9754181	-29.9585766	
11.82666	-30.0190513	-30.0022098	-29.9754181	-29.9585766	
11.83681	-30.0190513	-30.0022098	-29.9754181	-29.9585766	
11.84703	-30.0190513	-30.0022098	-29.9754181	-29.9585766	
11.86515	-30.0190513	-30.0022098	-29.9754181	-29.9585766	
11.86982	-30.0190513	-30.0022098	-29.9754181	-29.9585766	
11.88004	-30.0190513	-30.0022098	-29.9754181	-29.9585766	
11.89015	-30.0190513	-30.0022098	-29.9754181	-29.9585766	
11.90026	-30.0190513	-30.0022098	-29.9754181	-29.9585766	
11.91044	-30.0190513	-30.0022098	-29.9754181	-29.9585766	
11.92063	-30.0190513	-30.0022098	-29.9754181	-29.9585766	
11.93075	-30.0190513	-30.0022098	-29.9754181	-29.9585766	
11.94089	-30.0190513	-30.0022098	-29.9754181	-29.9585766	
11.95108	-30.0190513	-30.0022098	-29.9754181	-29.9585766	
11.96133	-30.0190513	-30.0022098	-29.9754181	-29.9585766	
11.97152	-30.0190513	-30.0022098	-29.9754181	-29.9585766	
11.98159	-30.0190513	-30.0022098	-29.9754181	-29.9585766	
11.99179	-30.0190513	-30.0022098	-29.9754181	-29.9585766	
12.00195	-30.0190513	-30.0022098	-29.9754181	-29.9585766	
12.01205	-30.0190513	-30.0022098	-29.9754181	-29.9585766	
12.02221	-30.0190513	-30.0022098	-29.9754181	-29.9585766	
12.0324	-30.0190513	-30.0022098	-29.9754181	-29.9585766	
12.04251	-30.0190513	-30.0022098	-29.9754181	-29.9585766	
12.06208	-30.0190513	-30.0022098	-29.9754181	-29.9585766	
12.06672	-30.0190513	-30.0022098	-29.9754181	-29.9585766	
12.07687	-30.0190513	-30.0022098	-29.9754181	-29.9585766	
12.08709	-30.0190513	-30.0022098	-29.9754181	-29.9585766	
12.09727	-30.0190513	-30.0022098	-29.9754181	-29.9585766	
12.10746	-30.0190513	-30.0022098	-29.9754181	-29.9585766	
12.11759	-30.0190513	-30.0022098	-29.9754181	-29.9585766	
12.1278	-30.0190513	-30.0022098	-29.9754181	-29.9585766	
12.13798	-30.0190513	-30.0022098	-29.9754181	-29.9585766	
12.14806	-30.0190513	-30.0022098	-29.9754181	-29.9585766	
12.159	-30.0190513	-30.0022098	-29.9754181	-29.9585766	
12.16915	-30.0190513	-30.0022098	-29.9754181	-29.9585766	
12.17924	-30.0190513	-30.0022098	-29.9754181	-29.9585766	
12.18941	-30.0190513	-30.0022098	-29.9754181	-29.9585766	
12.19966	-30.0190513	-30.0022098	-29.9754181	-29.9585766	
12.20985	-30.0190513	-30.0022098	-29.9754181	-29.9585766	
12.21996	-30.0190513	-30.0022098	-29.9754181	-29.9585766	
12.23008	-30.0190513	-30.0022098	-29.9754181	-29.9585766	
12.24031	-30.0190513	-30.0022098	-29.9754181	-29.9585766	
12.25037	-30.0190513	-30.0022098	-29.9754181	-29.9585766	
12.26053	-30.0190513	-30.0022098	-29.9754181	-29.9585766	
12.27071	-30.0190513	-30.0022098	-29.9754181	-29.9585766	
12.28084	-30.0190513	-30.0022098	-29.9754181	-29.9585766	
12.29105	-30.0190513	-30.0022098	-29.9754181	-29.9585766	
12.30914	-30.0190513	-30.0022098	-29.9754181	-29.9585766	
12.31382	-30.0190513	-30.0022098	-29.9754181	-29.9585766	
12.32398	-30.0190513	-30.0022098	-29.9754181	-29.9585766	
12.33419	-30.0190513	-30.0022098	-29.9754181	-29.9585766	
12.34432	-30.0190513	-30.0022098	-29.9754181	-29.9585766	
12.35448	-30.0190513	-30.0022098	-29.9754181	-29.9585766	
12.36461	-30.0190513	-30.0022098	-29.9754181	-29.9585766	
12.3748	-30.0190513	-30.0022098	-29.9754181	-29.9585766	
12.38496	-30.0190513	-30.0022098	-29.9754181	-29.9585766	
12.40313	-30.0190513	-30.0022098	-29.9754181	-29.9585766	
12.40785	-30.0190513	-30.0022098	-29.9754181	-29.9585766	
12.41802	-30.0190513	-30.0022098	-29.9754181	-29.9585766	
12.42809	-30.0190513	-30.0022098	-29.9754181	-29.9585766	
12.43828	-30.0190513	-30.0022098	-29.9754181	-29.9585766	
12.44847	-30.0190513	-30.0022098	-29.9754181	-29.9585766	
12.45853	-30.0190513	-30.0022098	-29.9754181	-29.9585766	
12.46875	-30.0190513	-30.0022098	-29.9754181	-29.9585766	
12.47892	-30.0190513	-30.0022098	-29.9754181	-29.9585766	
12.48911	-30.0190513	-30.0022098	-29.9754181	-29.9585766	
12.4992	-30.0190513	-30.0022098	-29.9754181	-29.9585766	
12.50937	-30.0190513	-30.0022098	-29.9754181	-29.9585766	
12.51958	-30.0190513	-30.0022098	-29.9754181	-29.9585766	
12.52978	-30.0190513	-30.0022098	-29.9754181	-29.9585766	
12.53999	-30.0190513	-30.0022098	-29.9754181	-29.9585766	
12.55005	-30.0190513	-30.0022098	-29.9754181	-29.9585766	
12.56024	-30.0190513	-30.0022098	-29.9754181	-29.9585766	
12.57038	-30.0190513	-30.0022098	-29.9754181	-29.9585766	
12.5805	-30.0190513	-30.0022098	-29.9754181	-29.9585766	
12.59066	-30.0190513	-30.0022098	-29.9754181	-29.9585766	
12.60088	-30.0190513	-30.0022098	-29.9754181	-29.9585766	
12.61097	-30.0190513	-30.0022098	-29.9754181	-29.9585766	
12.62124	-30.0190513	-30.0022098	-29.9754181	-29.9585766	
12.63135	-30.0190513	-30.0022098	-29.9754181	-29.9585766	
12.64146	-30.0190513	-30.0022098	-29.9754181	-29.9585766	
12.65159	-30.0190513	-30.0022098	-29.9754181	-29.9585766	
12.6618	-30.0190513	-30.0022098	-29.9754181	-29.9585766	
12.67198	-30.0190513	-30.0022098	-29.9754181	-29.9585766	
12.68215	-30.0190513	-30.0022098	-29.9754181	-29.9585766	
12.69226	-30.0190513	-30.0022098	-29.9754181	-29.9585766	
12.70246	-30.0190513	-30.0022098	-29.9754181	-29.9585766	
12.71267	-30.0190513	-30.0022098	-29.9754181	-29.9585766	
12.72279	-30.0190513	-30.0022098	-29.9754181	-29.9585766	
12.73291	-30.0190513	-30.0022098	-29.9754181	-29.9585766	
12.74315	-30.0190513	-30.0022098	-29.9754181	-29.9585766	
12.75333	-30.0190513	-30.0022098	-29.9754181	-29.9585766	
12.76351	-30.0190513	-30.0022098	-29.9754181	-29.9585766	
12.7736	-30.0190513	-30.0022098	-29.9754181	-29.9585766	
12.78385	-30.0190513	-30.0022098	-29.9754181	-29.9585766	
12.79405	-30.0190513	-30.0022098	-29.9754181	-29.9585766	
12.80413	-30.0190513	-30.0022098	-29.9754181	-29.9585766	
12.8143	-30.0190513	-30.0022098	-29.9754181	-29.9585766	
12.82451	-30.0190513	-30.0022098	-29.9754181	-29.9585766	
12.83462	-30.0190513	-30.0022098	-29.9754181	-29.9585766	
12.84476	-30.0190513	-30.0022098	-29.9754181	-29.9585766	
12.85496	-30.0190513	-30.0022098	-29.9754181	-29.9585766	
12.87318	-30.0190513	-30.0022098	-29.9754181	-29.9585766	
12.87778	-30.0190513	-30.0022098	-29.9754181	-29.9585766	
12.88801	-30.0190513	-30.0022098	-29.9754181	-29.9585766	
12.89814	-30.0190513	-30.0022098	-29.9754181	-29.9585766	
12.90829	-30.0190513	-30.0022098	-29.9754181	-29.9585766	
12.91847	-30.0190513	-30.0022098	-29.9754181	-29.9585766	
12.92867	-30.0190513	-30.0022098	-29.9754181	-29.9585766	
12.93878	-30.0190513	-30.0022098	-29.9754181	-29.9585766	
12.94896	-30.0190513	-30.0022098	-29.9754181	-29.9585766	
12.95909	-30.0190513	-30.0022098	-29.9754181	-29.9585766	
12.96939	-30.0190513	-30.0022098	-29.9754181	-29.9585766	
12.97951	-30.0190513	-30.0022098	-29.9754181	-29.9585766	
12.98959	-30.0190513	-30.0022098	-29.9754181	-29.9585766	
12.99986	-30.0190513	-30.0022098	-29.9754181	-29.9585766	
13.00993	-30.0190513	-30.0022098	-29.9754181	-29.9585766	
13.02012	-30.0190513	-30.0022098	-29.9754181	-29.9585766	
13.03025	-30.0190513	-30.0022098	-29.9754181	-29.9585766	
13.04059	-30.0190513	-30.0022098	-29.9754181	-29.9585766	
13.05091	-30.0190513	-30.0022098	-29.9754181	-29.9585766	
13.06069	-30.0190513	-30.0022098	-29.9754181	-29.9585766	
13.07087	-30.0190513	-30.0022098	-29.9754181	-29.9585766	
13.08102	-30.0190513	-30.0022098	-29.9754181	-29.9585766	
13.09128	-30.0190513	-30.0022098	-29.9754181	-29.9585766	
