53.36204	-110.026381	-110.025556	-109.982748	-109.990649	
53.36829	-110.029507	-110.025556	-109.985874	-109.990649	
53.37835	-110.036944	-110.025556	-109.993311	-109.990649	
53.38856	-110.046588	-110.025556	-110.002954	-109.990649	
53.39871	-110.058242	-110.025556	-110.014609	-109.990649	
53.40886	-110.071935	-110.034283	-110.028302	-109.990649	
53.41904	-110.087754	-110.034283	-110.044121	-109.999376	
53.42917	-110.105557	-110.043009	-110.061924	-110.008103	
53.43932	-110.125457	-110.051736	-110.081823	-110.025556	
53.44952	-110.147534	-110.069189	-110.103901	-110.034283	
53.45979	-110.171866	-110.095369	-110.128233	-110.060463	
53.46991	-110.197886	-110.112823	-110.154253	-110.077916	
53.48007	-110.226096	-110.147729	-110.182463	-110.104096	
53.49014	-110.256035	-110.173909	-110.212402	-110.139002	
53.50032	-110.2884	-110.200089	-110.244767	-110.182636	
53.51049	-110.322829	-110.234996	-110.279196	-110.217542	
53.52064	-110.359204	-110.269902	-110.315571	-110.261175	
53.53076	-110.397523	-110.313535	-110.35389	-110.304809	
53.54097	-110.438327	-110.357169	-110.394694	-110.348442	
53.55116	-110.481062	-110.409528	-110.437429	-110.400802	
53.56131	-110.525757	-110.461888	-110.482124	-110.444435	
53.57144	-110.572335	-110.514248	-110.528702	-110.496795	
53.5817	-110.621719	-110.575335	-110.578086	-110.549155	
53.59179	-110.672245	-110.627695	-110.628611	-110.601515	
53.60197	-110.725506	-110.688781	-110.681873	-110.653875	
53.61203	-110.779768	-110.749868	-110.736135	-110.714961	
53.6223	-110.837467	-110.810954	-110.793833	-110.767321	
53.63242	-110.896403	-110.872041	-110.85277	-110.828408	
53.64256	-110.957522	-110.933127	-110.913889	-110.889494	
53.6528	-111.021275	-110.994214	-110.977641	-110.950581	
53.66295	-111.086548	-111.0553	-111.042915	-111.00294	
53.67335	-111.155661	-111.116387	-111.112027	-111.072754	
53.68382	-111.227425	-111.177473	-111.183792	-111.125113	
53.69375	-111.297393	-111.247287	-111.25376	-111.194927	
53.70391	-111.371055	-111.308373	-111.327421	-111.256013	
53.7141	-111.447082	-111.378186	-111.403449	-111.325826	
53.72421	-111.524425	-111.447999	-111.480792	-111.39564	
53.73448	-111.60523	-111.526539	-111.561597	-111.465453	
53.74455	-111.686355	-111.596352	-111.642722	-111.543992	
53.75469	-111.77019	-111.674892	-111.726557	-111.622532	
53.76492	-111.856854	-111.762159	-111.81322	-111.701072	
53.77502	-111.944443	-111.840698	-111.90081	-111.797065	
53.78521	-112.034935	-111.927965	-111.991301	-111.884332	
53.79537	-112.127214	-112.023958	-112.08358	-111.980325	
53.80557	-112.221932	-112.119951	-112.178299	-112.076318	
53.81585	-112.319466	-112.224671	-112.275833	-112.172311	
53.826	-112.418222	-112.329391	-112.374589	-112.277031	
53.83618	-112.518625	-112.43411	-112.474992	-112.381751	
53.84635	-112.621346	-112.547557	-112.577713	-112.495197	
53.85645	-112.722306	-112.661003	-112.678673	-112.608643	
53.86668	-112.824656	-112.77445	-112.781023	-112.72209	
53.87686	-112.926416	-112.896623	-112.882783	-112.852989	
53.88704	-113.028206	-113.018796	-112.984573	-112.966436	
53.89714	-113.129186	-113.132242	-113.085553	-113.079882	
53.90734	-113.231246	-113.245689	-113.187613	-113.193329	
53.91752	-113.333026	-113.367862	-113.289393	-113.306775	
53.92761	-113.433896	-113.481308	-113.390263	-113.420221	
53.93777	-113.535546	-113.586028	-113.491913	-113.533668	
53.94809	-113.638736	-113.690747	-113.595103	-113.638388	
53.9582	-113.739846	-113.795467	-113.696213	-113.751834	
53.96833	-113.841176	-113.900187	-113.797543	-113.856554	
53.97845	-113.942346	-113.987453	-113.898713	-113.952547	
53.98869	-114.044766	-114.083447	-114.001133	-114.057267	
53.99889	-114.146726	-114.17944	-114.103093	-114.15326	
54.0089	-114.246796	-114.266706	-114.203163	-114.249253	
54.01915	-114.349336	-114.353973	-114.305703	-114.336519	
54.02927	-114.450606	-114.441239	-114.406973	-114.423786	
54.03944	-114.552246	-114.528506	-114.508613	-114.519779	
54.0496	-114.653776	-114.615772	-114.610143	-114.607045	
54.05972	-114.754996	-114.703038	-114.711363	-114.703038	
54.06996	-114.857426	-114.799032	-114.813793	-114.790305	
54.08012	-114.959056	-114.886298	-114.915423	-114.877571	
54.09025	-115.060366	-114.982291	-115.016733	-114.964838	
54.10048	-115.162626	-115.078284	-115.118993	-115.060831	
54.11061	-115.263956	-115.183004	-115.220323	-115.156824	
54.12074	-115.365246	-115.287724	-115.321613	-115.261544	
54.13087	-115.466526	-115.40117	-115.422893	-115.357537	
54.14104	-115.568236	-115.50589	-115.524603	-115.470983	
54.16062	-115.764106	-115.732783	-115.720473	-115.680423	
54.16528	-115.810686	-115.785143	-115.767053	-115.724056	
54.17543	-115.912186	-115.907316	-115.868553	-115.837502	
54.18559	-116.013706	-116.029489	-115.970073	-115.959676	
54.19579	-116.115726	-116.142935	-116.072093	-116.064395	
54.2061	-116.218906	-116.256381	-116.175273	-116.177842	
54.21688	-116.326736	-116.378555	-116.283103	-116.291288	
54.2263	-116.420876	-116.483274	-116.377243	-116.404734	
54.23648	-116.522676	-116.587994	-116.479043	-116.509454	
54.24665	-116.624286	-116.692714	-116.580653	-116.614174	
54.25674	-116.725196	-116.797434	-116.681563	-116.718894	
54.26693	-116.827106	-116.8847	-116.783473	-116.823613	
54.27711	-116.928906	-116.971966	-116.885273	-116.91088	
54.28729	-117.030796	-117.06796	-116.987163	-117.006873	
54.29742	-117.131966	-117.155226	-117.088333	-117.102866	
54.30758	-117.235526	-117.242493	-117.191893	-117.190133	
54.31778	-117.335626	-117.321032	-117.291993	-117.277399	
54.32791	-117.436876	-117.408299	-117.393243	-117.355939	
54.33807	-117.540836	-117.495565	-117.497203	-117.451932	
54.34827	-117.640556	-117.582832	-117.596923	-117.530472	
54.35847	-117.742576	-117.670098	-117.698943	-117.626465	
54.3686	-117.844356	-117.766091	-117.800723	-117.713731	
54.37876	-117.945436	-117.862084	-117.901803	-117.809725	
54.38905	-118.048306	-117.966804	-118.004673	-117.896991	
54.39914	-118.149186	-118.071524	-118.105553	-117.992984	
54.40925	-118.250336	-118.176244	-118.206703	-118.088977	
54.41944	-118.352296	-118.280963	-118.308663	-118.193697	
54.42962	-118.454036	-118.39441	-118.410403	-118.298417	
54.43969	-118.554736	-118.507856	-118.511103	-118.403136	
54.45007	-118.658956	-118.621303	-118.615323	-118.516583	
54.46019	-118.759896	-118.734749	-118.716263	-118.630029	
54.4704	-118.861806	-118.856922	-118.818173	-118.752202	
54.48055	-118.963316	-118.970368	-118.919683	-118.865649	
54.49068	-119.064626	-119.083815	-119.020993	-118.987822	
54.50088	-119.166686	-119.188535	-119.123053	-119.109995	
54.51104	-119.268296	-119.301981	-119.224663	-119.232168	
54.52125	-119.370366	-119.415427	-119.326733	-119.345614	
54.53139	-119.471736	-119.520147	-119.428103	-119.459061	
54.54159	-119.573816	-119.61614	-119.530183	-119.572507	
54.55166	-119.674406	-119.72086	-119.630773	-119.69468	
54.5618	-119.775866	-119.816853	-119.732233	-119.790673	
54.57197	-119.877956	-119.90412	-119.834323	-119.895393	
54.58228	-119.980616	-120.000113	-119.936983	-119.991386	
54.59237	-120.081546	-120.096106	-120.037913	-120.087379	
54.60251	-120.182896	-120.183372	-120.139263	-120.183372	
54.61279	-120.285806	-120.279365	-120.242173	-120.261912	
54.62305	-120.388326	-120.366632	-120.344693	-120.357905	
54.63314	-120.489206	-120.462625	-120.445573	-120.436445	
54.64382	-120.596056	-120.558618	-120.552423	-120.523711	
54.65352	-120.693056	-120.645885	-120.649423	-120.610978	
54.66366	-120.794446	-120.741878	-120.750813	-120.698244	
54.67383	-120.896096	-120.837871	-120.852463	-120.785511	
54.68398	-120.998086	-120.933864	-120.954453	-120.881504	
54.69429	-121.100756	-121.038584	-121.057123	-120.986224	
54.70446	-121.202486	-121.134577	-121.158853	-121.082217	
54.71457	-121.303536	-121.239296	-121.259903	-121.17821	
54.72482	-121.406016	-121.352743	-121.362383	-121.291656	
54.73502	-121.508046	-121.457463	-121.464413	-121.405103	
54.74507	-121.608576	-121.579636	-121.564943	-121.518549	
54.75523	-121.710186	-121.684355	-121.666553	-121.631996	
54.76544	-121.812286	-121.806528	-121.768653	-121.754169	
54.77552	-121.913036	-121.919975	-121.869403	-121.867615	
54.7857	-122.014856	-122.033421	-121.971223	-121.981061	
54.79589	-122.116786	-122.146868	-122.073153	-122.094508	
54.80608	-122.218596	-122.269041	-122.174963	-122.207954	
54.81646	-122.322436	-122.382487	-122.278803	-122.321401	
54.82655	-122.423306	-122.487207	-122.379673	-122.42612	
54.8368	-122.525906	-122.591927	-122.482273	-122.522113	
54.84697	-122.627546	-122.696646	-122.583913	-122.626833	
54.85704	-122.728236	-122.79264	-122.684603	-122.731553	
54.86722	-122.830046	-122.879906	-122.786413	-122.818819	
54.87733	-122.931196	-122.975899	-122.887563	-122.906086	
54.88753	-123.033146	-123.063166	-122.989513	-122.993352	
54.89761	-123.133906	-123.150432	-123.090273	-123.080619	
54.90784	-123.236276	-123.228972	-123.192643	-123.159159	
54.91805	-123.338346	-123.316238	-123.294713	-123.246425	
54.92821	-123.439906	-123.403505	-123.396273	-123.324965	
54.93842	-123.539078	-123.490771	-123.495445	-123.420958	
54.94857	-123.6355	-123.586764	-123.591867	-123.508225	
54.95874	-123.730229	-123.674031	-123.686596	-123.604218	
54.96884	-123.822208	-123.770024	-123.778575	-123.691484	
54.97908	-123.914298	-123.866017	-123.870665	-123.796204	
54.98916	-124.001498	-123.970737	-123.957865	-123.892197	
54.99934	-124.088281	-124.06673	-124.044647	-123.98819	
55.0094	-124.17208	-124.162723	-124.128446	-124.084183	
55.01957	-124.254884	-124.267443	-124.21125	-124.180176	
55.02972	-124.3355	-124.372162	-124.291866	-124.284896	
55.04014	-124.416209	-124.459429	-124.372576	-124.372162	
55.05012	-124.491499	-124.555422	-124.447866	-124.468156	
55.06022	-124.565828	-124.651415	-124.522194	-124.555422	
55.07042	-124.63888	-124.729955	-124.595247	-124.651415	
55.08059	-124.709774	-124.808495	-124.666141	-124.738682	
55.09073	-124.778476	-124.887035	-124.734842	-124.808495	
55.10089	-124.845392	-124.948121	-124.801759	-124.878308	
55.11107	-124.910419	-125.009208	-124.866786	-124.948121	
55.12126	-124.973541	-125.070294	-124.929908	-125.017934	
55.13138	-125.034329	-125.122654	-124.990695	-125.079021	
55.14161	-125.093723	-125.166287	-125.05009	-125.140107	
55.15312	-125.158003	-125.209921	-125.11437	-125.183741	
55.16178	-125.205193	-125.253554	-125.161559	-125.227374	
55.17199	-125.258663	-125.28846	-125.21503	-125.26228	
55.19016	-125.346372	-125.349547	-125.302738	-125.323367	
55.19479	-125.368895	-125.367	-125.325262	-125.332094	
55.205	-125.416108	-125.401907	-125.372475	-125.358274	
55.21514	-125.461137	-125.436813	-125.417504	-125.384453	
55.22527	-125.504231	-125.47172	-125.460598	-125.41936	
55.23545	-125.545593	-125.506627	-125.50196	-125.44554	
55.24554	-125.58479	-125.541533	-125.541157	-125.47172	
55.25574	-125.6225	-125.585166	-125.578867	-125.506627	
55.26592	-125.658282	-125.620073	-125.614649	-125.541533	
55.27612	-125.692218	-125.663706	-125.648585	-125.57644	
55.28633	-125.724377	-125.707339	-125.680744	-125.611346	
55.29656	-125.754699	-125.742246	-125.711066	-125.646253	
55.30666	-125.782871	-125.785879	-125.739238	-125.689886	
55.31688	-125.809556	-125.820786	-125.765923	-125.733519	
55.32709	-125.83437	-125.864419	-125.790736	-125.768426	
55.33711	-125.857044	-125.899326	-125.81341	-125.812059	
55.34738	-125.878489	-125.934232	-125.834856	-125.855692	
55.35754	-125.897966	-125.960412	-125.854333	-125.890599	
55.36765	-125.915683	-125.986592	-125.87205	-125.925506	
55.37778	-125.931764	-126.004045	-125.88813	-125.951685	
55.38795	-125.946282	-126.021499	-125.902649	-125.977865	
55.39818	-125.95926	-126.038952	-125.915627	-125.995319	
55.4083	-125.970559	-126.047679	-125.926926	-126.012772	
55.41846	-125.98042	-126.047679	-125.936787	-126.012772	
55.42868	-125.988891	-126.047679	-125.945258	-126.012772	
55.43884	-125.995951	-126.038952	-125.952318	-126.012772	
55.44899	-126.001754	-126.021499	-125.958121	-126.012772	
55.4593	-126.006446	-126.012772	-125.962813	-126.004045	
55.4693	-126.010019	-126.004045	-125.966386	-125.995319	
55.47946	-126.012744	-125.995319	-125.969111	-125.977865	
55.48956	-126.019051	-125.986592	-125.975418	-125.969139	
55.49969	-126.019051	-125.986592	-125.975418	-125.951685	
55.50989	-126.019051	-125.977865	-125.975418	-125.942959	
55.52004	-126.019051	-125.986592	-125.975418	-125.934232	
55.5302	-126.019051	-125.986592	-125.975418	-125.925506	
55.54032	-126.019051	-125.995319	-125.975418	-125.925506	
55.55062	-126.019051	-126.004045	-125.975418	-125.934232	
55.56066	-126.019051	-126.012772	-125.975418	-125.942959	
55.57128	-126.019051	-126.021499	-125.975418	-125.951685	
55.58138	-126.019051	-126.030225	-125.975418	-125.960412	
55.59154	-126.019051	-126.038952	-125.975418	-125.977865	
55.6016	-126.019051	-126.047679	-125.975418	-125.986592	
55.61206	-126.019051	-126.056405	-125.975418	-125.995319	
55.622	-126.019051	-126.056405	-125.975418	-126.012772	
55.63217	-126.019051	-126.056405	-125.975418	-126.012772	
55.64232	-126.019051	-126.047679	-125.975418	-126.021499	
55.65242	-126.019051	-126.047679	-125.975418	-126.012772	
55.66314	-126.019051	-126.038952	-125.975418	-126.012772	
55.67285	-126.019051	-126.030225	-125.975418	-126.012772	
55.68303	-126.019051	-126.030225	-125.975418	-126.004045	
55.69321	-126.019051	-126.021499	-125.975418	-125.995319	
55.70342	-126.019051	-126.012772	-125.975418	-125.986592	
55.71367	-126.019051	-126.012772	-125.975418	-125.977865	
55.72374	-126.019051	-126.004045	-125.975418	-125.969139	
55.73392	-126.019051	-125.995319	-125.975418	-125.960412	
55.74402	-126.019051	-125.995319	-125.975418	-125.951685	
55.7542	-126.019051	-125.986592	-125.975418	-125.942959	
55.76435	-126.019051	-125.986592	-125.975418	-125.942959	
55.77456	-126.019051	-125.986592	-125.975418	-125.934232	
55.78472	-126.019051	-125.995319	-125.975418	-125.934232	
55.79489	-126.019051	-126.004045	-125.975418	-125.934232	
55.80509	-126.019051	-126.004045	-125.975418	-125.942959	
55.81538	-126.019051	-126.012772	-125.975418	-125.942959	
55.82539	-126.019051	-126.012772	-125.975418	-125.951685	
55.83559	-126.019051	-126.021499	-125.975418	-125.969139	
55.84576	-126.019051	-126.021499	-125.975418	-125.977865	
55.85586	-126.019051	-126.030225	-125.975418	-125.986592	
55.86607	-126.019051	-126.030225	-125.975418	-125.995319	
55.87649	-126.019051	-126.030225	-125.975418	-126.012772	
55.88646	-126.019051	-126.038952	-125.975418	-126.012772	
55.89665	-126.019051	-126.038952	-125.975418	-126.012772	
55.90675	-126.019051	-126.047679	-125.975418	-126.021499	
55.91692	-126.019051	-126.047679	-125.975418	-126.021499	
55.92717	-126.019051	-126.047679	-125.975418	-126.012772	
55.93722	-126.019051	-126.038952	-125.975418	-126.012772	
55.94763	-126.019051	-126.030225	-125.975418	-126.004045	
55.95761	-126.019051	-126.030225	-125.975418	-125.995319	
55.96771	-126.019051	-126.021499	-125.975418	-125.977865	
55.9779	-126.019051	-126.021499	-125.975418	-125.977865	
55.98809	-126.019051	-126.012772	-125.975418	-125.960412	
55.9983	-126.019051	-126.012772	-125.975418	-125.951685	
56.00836	-126.019051	-126.012772	-125.975418	-125.942959	
56.01857	-126.019051	-126.012772	-125.975418	-125.942959	
56.02903	-126.019051	-126.012772	-125.975418	-125.942959	
56.03898	-126.019051	-126.012772	-125.975418	-125.934232	
56.04907	-126.019051	-126.012772	-125.975418	-125.934232	
56.05916	-126.019051	-126.012772	-125.975418	-125.942959	
56.06939	-126.019051	-126.012772	-125.975418	-125.942959	
56.07949	-126.019051	-126.012772	-125.975418	-125.951685	
56.0897	-126.019051	-126.021499	-125.975418	-125.960412	
56.09986	-126.019051	-126.021499	-125.975418	-125.969139	
56.11009	-126.019051	-126.021499	-125.975418	-125.977865	
56.12017	-126.019051	-126.012772	-125.975418	-125.986592	
56.13029	-126.019051	-126.012772	-125.975418	-125.995319	
56.14046	-126.019051	-126.012772	-125.975418	-126.004045	
56.151	-126.019051	-126.012772	-125.975418	-126.012772	
56.16081	-126.019051	-126.012772	-125.975418	-126.012772	
56.17096	-126.019051	-126.012772	-125.975418	-126.004045	
56.18126	-126.019051	-126.012772	-125.975418	-125.995319	
56.19135	-126.019051	-126.012772	-125.975418	-125.995319	
56.20145	-126.019051	-126.012772	-125.975418	-125.977865	
56.21161	-126.019051	-126.012772	-125.975418	-125.977865	
56.22253	-126.019051	-126.012772	-125.975418	-125.977865	
56.23189	-126.019051	-126.012772	-125.975418	-125.969139	
56.24202	-126.019051	-126.012772	-125.975418	-125.960412	
56.25218	-126.019051	-126.012772	-125.975418	-125.951685	
56.26249	-126.019051	-126.012772	-125.975418	-125.951685	
56.2806	-126.019051	-126.012772	-125.975418	-125.951685	
56.28526	-126.019051	-126.012772	-125.975418	-125.960412	
56.29559	-126.019051	-126.012772	-125.975418	-125.960412	
56.30558	-126.019051	-126.012772	-125.975418	-125.969139	
56.31577	-126.019051	-126.012772	-125.975418	-125.977865	
56.32592	-126.019051	-126.012772	-125.975418	-125.977865	
56.33605	-126.019051	-126.012772	-125.975418	-125.977865	
56.34627	-126.019051	-126.012772	-125.975418	-125.986592	
56.35638	-126.019051	-126.012772	-125.975418	-125.986592	
56.36658	-126.019051	-126.012772	-125.975418	-125.986592	
56.37675	-126.019051	-126.012772	-125.975418	-125.977865	
56.38688	-126.019051	-126.012772	-125.975418	-125.977865	
56.39708	-126.019051	-126.012772	-125.975418	-125.977865	
56.40726	-126.019051	-126.012772	-125.975418	-125.977865	
56.41736	-126.019051	-126.012772	-125.975418	-125.977865	
56.42754	-126.019051	-126.012772	-125.975418	-125.977865	
56.43774	-126.019051	-126.012772	-125.975418	-125.977865	
56.44803	-126.019051	-126.012772	-125.975418	-125.977865	
56.45798	-126.019051	-126.012772	-125.975418	-125.977865	
56.46818	-126.019051	-126.012772	-125.975418	-125.977865	
56.47852	-126.019051	-126.012772	-125.975418	-125.977865	
56.48871	-126.019051	-126.012772	-125.975418	-125.977865	
56.49874	-126.019051	-126.012772	-125.975418	-125.977865	
56.509	-126.019051	-126.012772	-125.975418	-125.977865	
56.51922	-126.019051	-126.012772	-125.975418	-125.977865	
56.53113	-126.019051	-126.012772	-125.975418	-125.977865	
56.54138	-126.019051	-126.012772	-125.975418	-125.977865	
56.55141	-126.019051	-126.012772	-125.975418	-125.977865	
56.56157	-126.019051	-126.012772	-125.975418	-125.977865	
56.57165	-126.019051	-126.012772	-125.975418	-125.977865	
56.5821	-126.019051	-126.012772	-125.975418	-125.977865	
56.59199	-126.019051	-126.012772	-125.975418	-125.977865	
56.60213	-126.019051	-126.012772	-125.975418	-125.977865	
56.61234	-126.019051	-126.012772	-125.975418	-125.977865	
56.62255	-126.019051	-126.012772	-125.975418	-125.977865	
56.64068	-126.019051	-126.012772	-125.975418	-125.977865	
56.64532	-126.019051	-126.012772	-125.975418	-125.977865	
56.65549	-126.019051	-126.012772	-125.975418	-125.977865	
56.66564	-126.019051	-126.012772	-125.975418	-125.977865	
56.67581	-126.019051	-126.012772	-125.975418	-125.977865	
56.68602	-126.019051	-126.012772	-125.975418	-125.977865	
56.69613	-126.019051	-126.012772	-125.975418	-125.977865	
56.70632	-126.019051	-126.012772	-125.975418	-125.977865	
56.71644	-126.019051	-126.012772	-125.975418	-125.977865	
56.72665	-126.019051	-126.012772	-125.975418	-125.977865	
56.73682	-126.019051	-126.012772	-125.975418	-125.977865	
56.74696	-126.019051	-126.012772	-125.975418	-125.977865	
56.75713	-126.019051	-126.012772	-125.975418	-125.977865	
56.76734	-126.019051	-126.012772	-125.975418	-125.977865	
56.77743	-126.019051	-126.012772	-125.975418	-125.977865	
56.78765	-126.019051	-126.012772	-125.975418	-125.977865	
56.79783	-126.019051	-126.012772	-125.975418	-125.977865	
56.80793	-126.019051	-126.012772	-125.975418	-125.977865	
56.81814	-126.019051	-126.012772	-125.975418	-125.977865	
56.82835	-126.019051	-126.012772	-125.975418	-125.977865	
56.83857	-126.019051	-126.012772	-125.975418	-125.977865	
56.84876	-126.019051	-126.012772	-125.975418	-125.977865	
56.85893	-126.019051	-126.012772	-125.975418	-125.977865	
56.86906	-126.019051	-126.012772	-125.975418	-125.977865	
56.87926	-126.019051	-126.012772	-125.975418	-125.977865	
56.88933	-126.019051	-126.012772	-125.975418	-125.977865	
56.89975	-126.019051	-126.012772	-125.975418	-125.977865	
56.90974	-126.019051	-126.012772	-125.975418	-125.977865	
56.91986	-126.019051	-126.012772	-125.975418	-125.977865	
56.92995	-126.019051	-126.012772	-125.975418	-125.977865	
56.94012	-126.019051	-126.012772	-125.975418	-125.977865	
56.95032	-126.019051	-126.012772	-125.975418	-125.977865	
56.96045	-126.019051	-126.012772	-125.975418	-125.977865	
56.97057	-126.019051	-126.012772	-125.975418	-125.977865	
56.98078	-126.019051	-126.012772	-125.975418	-125.977865	
56.99094	-126.019051	-126.012772	-125.975418	-125.977865	
57.00104	-126.019051	-126.012772	-125.975418	-125.977865	
57.01905	-126.019051	-126.012772	-125.975418	-125.977865	
57.02376	-126.019051	-126.012772	-125.975418	-125.977865	
57.03388	-126.019051	-126.012772	-125.975418	-125.977865	
57.04405	-126.019051	-126.012772	-125.975418	-125.977865	
57.05419	-126.019051	-126.012772	-125.975418	-125.977865	
57.07224	-126.019051	-126.012772	-125.975418	-125.977865	
57.07696	-126.019051	-126.012772	-125.975418	-125.977865	
57.08708	-126.019051	-126.012772	-125.975418	-125.977865	
57.09719	-126.019051	-126.012772	-125.975418	-125.977865	
57.10736	-126.019051	-126.012772	-125.975418	-125.977865	
57.11751	-126.019051	-126.012772	-125.975418	-125.977865	
57.12769	-126.019051	-126.012772	-125.975418	-125.977865	
57.13785	-126.019051	-126.012772	-125.975418	-125.977865	
57.148	-126.019051	-126.012772	-125.975418	-125.977865	
57.15892	-126.019051	-126.012772	-125.975418	-125.977865	
57.16858	-126.019051	-126.012772	-125.975418	-125.977865	
57.17872	-126.019051	-126.012772	-125.975418	-125.977865	
57.18898	-126.019051	-126.012772	-125.975418	-125.977865	
57.19909	-126.019051	-126.012772	-125.975418	-125.977865	
57.20922	-126.019051	-126.012772	-125.975418	-125.977865	
57.21937	-126.019051	-126.012772	-125.975418	-125.977865	
57.22956	-126.019051	-126.012772	-125.975418	-125.977865	
57.23969	-126.019051	-126.012772	-125.975418	-125.977865	
57.2499	-126.019051	-126.012772	-125.975418	-125.977865	
57.26016	-126.019051	-126.012772	-125.975418	-125.977865	
57.27021	-126.019051	-126.012772	-125.975418	-125.977865	
57.28036	-126.019051	-126.012772	-125.975418	-125.977865	
57.29052	-126.019051	-126.012772	-125.975418	-125.977865	
57.30067	-126.019051	-126.012772	-125.975418	-125.977865	
57.31085	-126.019051	-126.012772	-125.975418	-125.977865	
57.32098	-126.019051	-126.012772	-125.975418	-125.977865	
57.33119	-126.019051	-126.012772	-125.975418	-125.977865	
57.34138	-126.019051	-126.012772	-125.975418	-125.977865	
57.35153	-126.019051	-126.012772	-125.975418	-125.977865	
57.3616	-126.019051	-126.012772	-125.975418	-125.977865	
57.37176	-126.019051	-126.012772	-125.975418	-125.977865	
57.38195	-126.019051	-126.012772	-125.975418	-125.977865	
57.39208	-126.019051	-126.012772	-125.975418	-125.977865	
57.40222	-126.019051	-126.012772	-125.975418	-125.977865	
57.41238	-126.019051	-126.012772	-125.975418	-125.977865	
57.42263	-126.019051	-126.012772	-125.975418	-125.977865	
57.44073	-126.019051	-126.012772	-125.975418	-125.977865	
57.44561	-126.019051	-126.012772	-125.975418	-125.977865	
57.45574	-126.019051	-126.012772	-125.975418	-125.977865	
57.46592	-126.019051	-126.012772	-125.975418	-125.977865	
57.47606	-126.019051	-126.012772	-125.975418	-125.977865	
57.48624	-126.019051	-126.012772	-125.975418	-125.977865	
57.4964	-126.019051	-126.012772	-125.975418	-125.977865	
57.50653	-126.019051	-126.012772	-125.975418	-125.977865	
57.51675	-126.019051	-126.012772	-125.975418	-125.977865	
57.52692	-126.019051	-126.012772	-125.975418	-125.977865	
57.53701	-126.019051	-126.012772	-125.975418	-125.977865	
57.54725	-126.019051	-126.012772	-125.975418	-125.977865	
57.55739	-126.019051	-126.012772	-125.975418	-125.977865	
57.56751	-126.019051	-126.012772	-125.975418	-125.977865	
57.57764	-126.019051	-126.012772	-125.975418	-125.977865	
57.58781	-126.019051	-126.012772	-125.975418	-125.977865	
57.59801	-126.019051	-126.012772	-125.975418	-125.977865	
57.60814	-126.019051	-126.012772	-125.975418	-125.977865	
57.61826	-126.019051	-126.012772	-125.975418	-125.977865	
57.62845	-126.019051	-126.012772	-125.975418	-125.977865	
57.6387	-126.019051	-126.012772	-125.975418	-125.977865	
57.64886	-126.019051	-126.012772	-125.975418	-125.977865	
57.65893	-126.019051	-126.012772	-125.975418	-125.977865	
57.66915	-126.019051	-126.012772	-125.975418	-125.977865	
57.67937	-126.019051	-126.012772	-125.975418	-125.977865	
57.68944	-126.019051	-126.012772	-125.975418	-125.977865	
57.69965	-126.019051	-126.012772	-125.975418	-125.977865	
57.70991	-126.019051	-126.012772	-125.975418	-125.977865	
57.72028	-126.019051	-126.012772	-125.975418	-125.977865	
57.73014	-126.019051	-126.012772	-125.975418	-125.977865	
57.74028	-126.019051	-126.012772	-125.975418	-125.977865	
57.75043	-126.019051	-126.012772	-125.975418	-125.977865	
57.76061	-126.019051	-126.012772	-125.975418	-125.977865	
57.77078	-126.019051	-126.012772	-125.975418	-125.977865	
57.78101	-126.019051	-126.012772	-125.975418	-125.977865	
57.79125	-126.019051	-126.012772	-125.975418	-125.977865	
57.80131	-126.019051	-126.012772	-125.975418	-125.977865	
57.81141	-126.019051	-126.012772	-125.975418	-125.977865	
57.82162	-126.019051	-126.012772	-125.975418	-125.977865	
57.83174	-126.019051	-126.012772	-125.975418	-125.977865	
57.84189	-126.019051	-126.012772	-125.975418	-125.977865	
57.85201	-126.019051	-126.012772	-125.975418	-125.977865	
57.86227	-126.019051	-126.012772	-125.975418	-125.977865	
57.87235	-126.019051	-126.012772	-125.975418	-125.977865	
57.88254	-126.019051	-126.012772	-125.975418	-125.977865	
57.89272	-126.019051	-126.012772	-125.975418	-125.977865	
57.90291	-126.019051	-126.012772	-125.975418	-125.977865	
57.91304	-126.019051	-126.012772	-125.975418	-125.977865	
57.92319	-126.019051	-126.012772	-125.975418	-125.977865	
57.93342	-126.019051	-126.012772	-125.975418	-125.977865	
57.94356	-126.019051	-126.012772	-125.975418	-125.977865	
57.95373	-126.019051	-126.012772	-125.975418	-125.977865	
57.96393	-126.019051	-126.012772	-125.975418	-125.977865	
57.97407	-126.019051	-126.012772	-125.975418	-125.977865	
57.98423	-126.019051	-126.012772	-125.975418	-125.977865	
57.99438	-126.019051	-126.012772	-125.975418	-125.977865	
58.00453	-126.019051	-126.012772	-125.975418	-125.977865	
58.01477	-126.019051	-126.012772	-125.975418	-125.977865	
58.02495	-126.019051	-126.012772	-125.975418	-125.977865	
58.03508	-126.019051	-126.012772	-125.975418	-125.977865	
58.04527	-126.019051	-126.012772	-125.975418	-125.977865	
58.05542	-126.019051	-126.012772	-125.975418	-125.977865	
58.06558	-126.019051	-126.012772	-125.975418	-125.977865	
58.07579	-126.019051	-126.012772	-125.975418	-125.977865	
58.08597	-126.019051	-126.012772	-125.975418	-125.977865	
58.09608	-126.019051	-126.012772	-125.975418	-125.977865	
58.10622	-126.019051	-126.012772	-125.975418	-125.977865	
58.11636	-126.019051	-126.012772	-125.975418	-125.977865	
58.12664	-126.019051	-126.012772	-125.975418	-125.977865	
58.13671	-126.019051	-126.012772	-125.975418	-125.977865	
58.14685	-126.019051	-126.012772	-125.975418	-125.977865	
58.15849	-126.019051	-126.012772	-125.975418	-125.977865	
58.16721	-126.019051	-126.012772	-125.975418	-125.977865	
58.17735	-126.019051	-126.012772	-125.975418	-125.977865	
58.1875	-126.019051	-126.012772	-125.975418	-125.977865	
58.19768	-126.019051	-126.012772	-125.975418	-125.977865	
58.20782	-126.019051	-126.012772	-125.975418	-125.977865	
58.21798	-126.019051	-126.012772	-125.975418	-125.977865	
58.22817	-126.019051	-126.012772	-125.975418	-125.977865	
58.2384	-126.019051	-126.012772	-125.975418	-125.977865	
58.24858	-126.019051	-126.012772	-125.975418	-125.977865	
58.25879	-126.019051	-126.012772	-125.975418	-125.977865	
58.26893	-126.019051	-126.012772	-125.975418	-125.977865	
58.2791	-126.019051	-126.012772	-125.975418	-125.977865	
58.28921	-126.019051	-126.012772	-125.975418	-125.977865	
58.29935	-126.019051	-126.012772	-125.975418	-125.977865	
58.30953	-126.019051	-126.012772	-125.975418	-125.977865	
58.31971	-126.019051	-126.012772	-125.975418	-125.977865	
58.32983	-126.019051	-126.012772	-125.975418	-125.977865	
58.34004	-126.019051	-126.012772	-125.975418	-125.977865	
58.35016	-126.019051	-126.012772	-125.975418	-125.977865	
58.36031	-126.019051	-126.012772	-125.975418	-125.977865	
58.37048	-126.019051	-126.012772	-125.975418	-125.977865	
58.3806	-126.019051	-126.012772	-125.975418	-125.977865	
58.39082	-126.019051	-126.012772	-125.975418	-125.977865	
58.40098	-126.019051	-126.012772	-125.975418	-125.977865	
58.41118	-126.019051	-126.012772	-125.975418	-125.977865	
58.42137	-126.019051	-126.012772	-125.975418	-125.977865	
58.4315	-126.019051	-126.012772	-125.975418	-125.977865	
58.4416	-126.019051	-126.012772	-125.975418	-125.977865	
58.452	-126.019051	-126.012772	-125.975418	-125.977865	
58.46212	-126.019051	-126.012772	-125.975418	-125.977865	
58.4721	-126.019051	-126.012772	-125.975418	-125.977865	
58.48223	-126.019051	-126.012772	-125.975418	-125.977865	
58.49238	-126.019051	-126.012772	-125.975418	-125.977865	
58.5105	-126.019051	-126.012772	-125.975418	-125.977865	
58.51514	-126.019051	-126.012772	-125.975418	-125.977865	
58.52536	-126.019051	-126.012772	-125.975418	-125.977865	
58.53553	-126.019051	-126.012772	-125.975418	-125.977865	
58.54561	-126.019051	-126.012772	-125.975418	-125.977865	
58.55584	-126.019051	-126.012772	-125.975418	-125.977865	
58.56604	-126.019051	-126.012772	-125.975418	-125.977865	
58.57613	-126.019051	-126.012772	-125.975418	-125.977865	
58.58629	-126.019051	-126.012772	-125.975418	-125.977865	
58.59655	-126.019051	-126.012772	-125.975418	-125.977865	
58.60676	-126.019051	-126.012772	-125.975418	-125.977865	
58.61688	-126.019051	-126.012772	-125.975418	-125.977865	
58.62703	-126.019051	-126.012772	-125.975418	-125.977865	
58.6372	-126.019051	-126.012772	-125.975418	-125.977865	
58.64745	-126.019051	-126.012772	-125.975418	-125.977865	
58.65747	-126.019051	-126.012772	-125.975418	-125.977865	
58.66769	-126.019051	-126.012772	-125.975418	-125.977865	
58.67781	-126.019051	-126.012772	-125.975418	-125.977865	
58.68794	-126.019051	-126.012772	-125.975418	-125.977865	
58.69835	-126.019051	-126.012772	-125.975418	-125.977865	
58.70829	-126.019051	-126.012772	-125.975418	-125.977865	
58.71849	-126.019051	-126.012772	-125.975418	-125.977865	
58.72869	-126.019051	-126.012772	-125.975418	-125.977865	
58.73902	-126.019051	-126.012772	-125.975418	-125.977865	
58.74898	-126.019051	-126.012772	-125.975418	-125.977865	
58.75911	-126.019051	-126.012772	-125.975418	-125.977865	
58.76926	-126.019051	-126.012772	-125.975418	-125.977865	
58.77938	-126.019051	-126.012772	-125.975418	-125.977865	
58.78957	-126.019051	-126.012772	-125.975418	-125.977865	
58.79987	-126.019051	-126.012772	-125.975418	-125.977865	
58.80991	-126.019051	-126.012772	-125.975418	-125.977865	
58.82009	-126.019051	-126.012772	-125.975418	-125.977865	
58.83022	-126.019051	-126.012772	-125.975418	-125.977865	
58.84035	-126.019051	-126.012772	-125.975418	-125.977865	
58.85058	-126.019051	-126.012772	-125.975418	-125.977865	
58.86065	-126.019051	-126.012772	-125.975418	-125.977865	
58.87087	-126.019051	-126.012772	-125.975418	-125.977865	
58.88104	-126.019051	-126.012772	-125.975418	-125.977865	
58.8995	-126.019051	-126.012772	-125.975418	-125.977865	
58.90637	-126.019051	-126.012772	-125.975418	-125.977865	
58.91629	-126.019051	-126.012772	-125.975418	-125.977865	
58.92645	-126.019051	-126.012772	-125.975418	-125.977865	
58.94451	-126.019051	-126.012772	-125.975418	-125.977865	
58.9492	-126.019051	-126.012772	-125.975418	-125.977865	
58.95939	-126.019051	-126.012772	-125.975418	-125.977865	
58.96947	-126.019051	-126.012772	-125.975418	-125.977865	
58.97966	-126.019051	-126.012772	-125.975418	-125.977865	
58.98985	-126.019051	-126.012772	-125.975418	-125.977865	
58.99994	-126.019051	-126.012772	-125.975418	-125.977865	
59.01006	-126.019051	-126.012772	-125.975418	-125.977865	
59.02025	-126.019051	-126.012772	-125.975418	-125.977865	
59.03042	-126.019051	-126.012772	-125.975418	-125.977865	
59.04061	-126.019051	-126.012772	-125.975418	-125.977865	
59.05072	-126.019051	-126.012772	-125.975418	-125.977865	
59.06084	-126.019051	-126.012772	-125.975418	-125.977865	
59.07108	-126.019051	-126.012772	-125.975418	-125.977865	
59.08911	-126.019051	-126.012772	-125.975418	-125.977865	
59.09378	-126.019051	-126.012772	-125.975418	-125.977865	
59.10393	-126.019051	-126.012772	-125.975418	-125.977865	
59.11407	-126.019051	-126.012772	-125.975418	-125.977865	
59.12425	-126.019051	-126.012772	-125.975418	-125.977865	
59.13444	-126.019051	-126.012772	-125.975418	-125.977865	
59.14465	-126.019051	-126.012772	-125.975418	-125.977865	
59.15473	-126.019051	-126.012772	-125.975418	-125.977865	
59.21235	-126.019051	-126.012772	-125.975418	-125.977865	
59.22255	-126.019051	-126.012772	-125.975418	-125.977865	
59.23281	-126.019051	-126.012772	-125.975418	-125.977865	
59.24289	-126.019051	-126.012772	-125.975418	-125.977865	
59.25308	-126.019051	-126.012772	-125.975418	-125.977865	
59.26332	-126.019051	-126.012772	-125.975418	-125.977865	
59.27341	-126.019051	-126.012772	-125.975418	-125.977865	
59.28357	-126.019051	-126.012772	-125.975418	-125.977865	
59.29378	-126.019051	-126.012772	-125.975418	-125.977865	
59.30394	-126.019051	-126.012772	-125.975418	-125.977865	
59.31409	-126.019051	-126.012772	-125.975418	-125.977865	
59.3245	-126.019051	-126.012772	-125.975418	-125.977865	
59.33449	-126.019051	-126.012772	-125.975418	-125.977865	
59.35257	-126.019051	-126.012772	-125.975418	-125.977865	
59.35729	-126.019051	-126.012772	-125.975418	-125.977865	
59.36743	-126.019051	-126.012772	-125.975418	-125.977865	
59.37752	-126.019051	-126.012772	-125.975418	-125.977865	
59.38772	-126.019051	-126.012772	-125.975418	-125.977865	
59.39782	-126.019051	-126.012772	-125.975418	-125.977865	
59.40801	-126.019051	-126.012772	-125.975418	-125.977865	
59.41815	-126.019051	-126.012772	-125.975418	-125.977865	
59.42851	-126.019051	-126.012772	-125.975418	-125.977865	
59.43849	-126.019051	-126.012772	-125.975418	-125.977865	
59.4487	-126.019051	-126.012772	-125.975418	-125.977865	
59.45882	-126.019051	-126.012772	-125.975418	-125.977865	
59.46902	-126.019051	-126.012772	-125.975418	-125.977865	
59.47917	-126.019051	-126.012772	-125.975418	-125.977865	
59.48927	-126.019051	-126.012772	-125.975418	-125.977865	
59.49939	-126.019051	-126.012772	-125.975418	-125.977865	
59.50957	-126.019051	-126.012772	-125.975418	-125.977865	
59.5198	-126.019051	-126.012772	-125.975418	-125.977865	
59.52988	-126.019051	-126.012772	-125.975418	-125.977865	
59.54011	-126.019051	-126.012772	-125.975418	-125.977865	
59.55022	-126.019051	-126.012772	-125.975418	-125.977865	
59.56036	-126.019051	-126.012772	-125.975418	-125.977865	
59.57051	-126.019051	-126.012772	-125.975418	-125.977865	
59.58068	-126.019051	-126.012772	-125.975418	-125.977865	
59.59089	-126.019051	-126.012772	-125.975418	-125.977865	
59.60113	-126.019051	-126.012772	-125.975418	-125.977865	
59.61908	-126.019051	-126.012772	-125.975418	-125.977865	
59.62373	-126.019051	-126.012772	-125.975418	-125.977865	
59.63388	-126.019051	-126.012772	-125.975418	-125.977865	
59.64445	-126.019051	-126.012772	-125.975418	-125.977865	
59.6542	-126.019051	-126.012772	-125.975418	-125.977865	
59.66431	-126.019051	-126.012772	-125.975418	-125.977865	
59.67446	-126.019051	-126.012772	-125.975418	-125.977865	
59.68469	-126.019051	-126.012772	-125.975418	-125.977865	
59.69491	-126.019051	-126.012772	-125.975418	-125.977865	
59.7051	-126.019051	-126.012772	-125.975418	-125.977865	
59.71522	-126.019051	-126.012772	-125.975418	-125.977865	
59.72538	-126.019051	-126.012772	-125.975418	-125.977865	
59.73562	-126.019051	-126.012772	-125.975418	-125.977865	
59.74571	-126.019051	-126.012772	-125.975418	-125.977865	
59.75588	-126.019051	-126.012772	-125.975418	-125.977865	
59.76606	-126.019051	-126.012772	-125.975418	-125.977865	
59.77618	-126.019051	-126.012772	-125.975418	-125.977865	
59.78634	-126.019051	-126.012772	-125.975418	-125.977865	
59.79654	-126.019051	-126.012772	-125.975418	-125.977865	
59.80677	-126.019051	-126.012772	-125.975418	-125.977865	
59.81696	-126.019051	-126.012772	-125.975418	-125.977865	
59.82706	-126.019051	-126.012772	-125.975418	-125.977865	
59.83732	-126.019051	-126.012772	-125.975418	-125.977865	
59.84743	-126.019051	-126.012772	-125.975418	-125.977865	
59.85751	-126.019051	-126.012772	-125.975418	-125.977865	
59.86769	-126.019051	-126.012772	-125.975418	-125.977865	
59.87788	-126.019051	-126.012772	-125.975418	-125.977865	
59.88801	-126.019051	-126.012772	-125.975418	-125.977865	
59.89816	-126.019051	-126.012772	-125.975418	-125.977865	
59.90833	-126.019051	-126.012772	-125.975418	-125.977865	
59.9185	-126.019051	-126.012772	-125.975418	-125.977865	
59.92869	-126.019051	-126.012772	-125.975418	-125.977865	
59.93882	-126.019051	-126.012772	-125.975418	-125.977865	
59.94896	-126.019051	-126.012772	-125.975418	-125.977865	
59.95946	-126.019051	-126.012772	-125.975418	-125.977865	
59.96929	-126.019051	-126.012772	-125.975418	-125.977865	
59.97947	-126.019051	-126.012772	-125.975418	-125.977865	
59.98964	-126.019051	-126.012772	-125.975418	-125.977865	
60.00028	-126.019051	-126.012772	-125.975418	-125.977865	
60.00991	-126.019051	-126.012772	-125.975418	-125.977865	
60.0201	-126.019051	-126.012772	-125.975418	-125.977865	
60.03027	-126.019051	-126.012772	-125.975418	-125.977865	
60.04037	-126.019051	-126.012772	-125.975418	-125.977865	
60.05055	-126.019051	-126.012772	-125.975418	-125.977865	
60.06072	-126.019051	-126.012772	-125.975418	-125.977865	
60.07091	-126.019051	-126.012772	-125.975418	-125.977865	
60.08106	-126.019051	-126.012772	-125.975418	-125.977865	
60.09125	-126.019051	-126.012772	-125.975418	-125.977865	
60.10147	-126.019051	-126.012772	-125.975418	-125.977865	
60.11162	-126.019051	-126.012772	-125.975418	-125.977865	
60.12167	-126.019051	-126.012772	-125.975418	-125.977865	
60.13185	-126.019051	-126.012772	-125.975418	-125.977865	
60.14205	-126.019051	-126.012772	-125.975418	-125.977865	
60.15216	-126.019051	-126.012772	-125.975418	-125.977865	
60.16375	-126.019051	-126.012772	-125.975418	-125.977865	
60.17249	-126.019051	-126.012772	-125.975418	-125.977865	
60.18277	-126.019051	-126.012772	-125.975418	-125.977865	
60.19283	-126.019051	-126.012772	-125.975418	-125.977865	
60.20303	-126.019051	-126.012772	-125.975418	-125.977865	
60.21326	-126.019051	-126.012772	-125.975418	-125.977865	
60.22338	-126.019051	-126.012772	-125.975418	-125.977865	
60.23356	-126.019051	-126.012772	-125.975418	-125.977865	
60.24364	-126.019051	-126.012772	-125.975418	-125.977865	
60.25383	-126.019051	-126.012772	-125.975418	-125.977865	
60.26422	-126.019051	-126.012772	-125.975418	-125.977865	
60.27414	-126.019051	-126.012772	-125.975418	-125.977865	
60.28432	-126.019051	-126.012772	-125.975418	-125.977865	
60.29455	-126.019051	-126.012772	-125.975418	-125.977865	
60.30471	-126.019051	-126.012772	-125.975418	-125.977865	
60.31487	-126.019051	-126.012772	-125.975418	-125.977865	
60.32502	-126.019051	-126.012772	-125.975418	-125.977865	
60.33523	-126.019051	-126.012772	-125.975418	-125.977865	
60.34533	-126.019051	-126.012772	-125.975418	-125.977865	
60.3555	-126.019051	-126.012772	-125.975418	-125.977865	
60.36593	-126.019051	-126.012772	-125.975418	-125.977865	
60.37586	-126.019051	-126.012772	-125.975418	-125.977865	
60.38599	-126.019051	-126.012772	-125.975418	-125.977865	
60.3962	-126.019051	-126.012772	-125.975418	-125.977865	
60.40634	-126.019051	-126.012772	-125.975418	-125.977865	
60.41648	-126.019051	-126.012772	-125.975418	-125.977865	
60.42665	-126.019051	-126.012772	-125.975418	-125.977865	
60.43683	-126.019051	-126.012772	-125.975418	-125.977865	
60.44699	-126.019051	-126.012772	-125.975418	-125.977865	
60.45734	-126.019051	-126.012772	-125.975418	-125.977865	
60.46752	-126.019051	-126.012772	-125.975418	-125.977865	
60.47776	-126.019051	-126.012772	-125.975418	-125.977865	
60.48791	-126.019051	-126.012772	-125.975418	-125.977865	
60.49797	-126.019051	-126.012772	-125.975418	-125.977865	
60.50813	-126.019051	-126.012772	-125.975418	-125.977865	
60.51835	-126.019051	-126.012772	-125.975418	-125.977865	
60.52849	-126.019051	-126.012772	-125.975418	-125.977865	
60.53866	-126.019051	-126.012772	-125.975418	-125.977865	
60.54906	-126.019051	-126.012772	-125.975418	-125.977865	
60.5591	-126.019051	-126.012772	-125.975418	-125.977865	
60.58523	-126.019051	-126.012772	-125.975418	-125.977865	
60.58996	-126.019051	-126.012772	-125.975418	-125.977865	
60.60007	-126.019051	-126.012772	-125.975418	-125.977865	
60.6102	-126.019051	-126.012772	-125.975418	-125.977865	
60.62035	-126.019051	-126.012772	-125.975418	-125.977865	
60.63056	-126.019051	-126.012772	-125.975418	-125.977865	
60.64072	-126.019051	-126.012772	-125.975418	-125.977865	
60.65086	-126.019051	-126.012772	-125.975418	-125.977865	
60.66103	-126.019051	-126.012772	-125.975418	-125.977865	
60.67934	-126.019051	-126.012772	-125.975418	-125.977865	
60.68406	-126.019051	-126.012772	-125.975418	-125.977865	
60.69418	-126.019051	-126.012772	-125.975418	-125.977865	
60.70437	-126.019051	-126.012772	-125.975418	-125.977865	
60.71451	-126.019051	-126.012772	-125.975418	-125.977865	
60.72469	-126.019051	-126.012772	-125.975418	-125.977865	
60.73499	-126.019051	-126.012772	-125.975418	-125.977865	
60.74511	-126.019051	-126.012772	-125.975418	-125.977865	
60.75523	-126.019051	-126.012772	-125.975418	-125.977865	
60.76549	-126.019051	-126.012772	-125.975418	-125.977865	
60.77567	-126.019051	-126.012772	-125.975418	-125.977865	
60.78576	-126.019051	-126.012772	-125.975418	-125.977865	
60.79593	-126.019051	-126.012772	-125.975418	-125.977865	
60.80613	-126.019051	-126.012772	-125.975418	-125.977865	
60.81622	-126.019051	-126.012772	-125.975418	-125.977865	
60.82639	-126.019051	-126.012772	-125.975418	-125.977865	
60.83656	-126.019051	-126.012772	-125.975418	-125.977865	
60.84674	-126.019051	-126.012772	-125.975418	-125.977865	
60.85688	-126.019051	-126.012772	-125.975418	-125.977865	
60.86704	-126.019051	-126.012772	-125.975418	-125.977865	
60.87723	-126.019051	-126.012772	-125.975418	-125.977865	
60.88743	-126.019051	-126.012772	-125.975418	-125.977865	
60.8975	-126.019051	-126.012772	-125.975418	-125.977865	
60.9077	-126.019051	-126.012772	-125.975418	-125.977865	
60.91792	-126.019051	-126.012772	-125.975418	-125.977865	
60.92806	-126.019051	-126.012772	-125.975418	-125.977865	
60.93818	-126.019051	-126.012772	-125.975418	-125.977865	
60.94842	-126.019051	-126.012772	-125.975418	-125.977865	
60.95868	-126.019051	-126.012772	-125.975418	-125.977865	
60.96879	-126.019051	-126.012772	-125.975418	-125.977865	
60.97891	-126.019051	-126.012772	-125.975418	-125.977865	
60.98907	-126.019051	-126.012772	-125.975418	-125.977865	
60.9993	-126.019051	-126.012772	-125.975418	-125.977865	
61.00935	-126.019051	-126.012772	-125.975418	-125.977865	
61.0195	-126.019051	-126.012772	-125.975418	-125.977865	
61.02985	-126.019051	-126.012772	-125.975418	-125.977865	
61.0399	-126.019051	-126.012772	-125.975418	-125.977865	
61.05041	-126.019051	-126.012772	-125.975418	-125.977865	
61.06018	-126.019051	-126.012772	-125.975418	-125.977865	
61.07034	-126.019051	-126.012772	-125.975418	-125.977865	
61.08044	-126.019051	-126.012772	-125.975418	-125.977865	
61.09059	-126.019051	-126.012772	-125.975418	-125.977865	
61.10083	-126.019051	-126.012772	-125.975418	-125.977865	
61.11099	-126.019051	-126.012772	-125.975418	-125.977865	
61.12114	-126.019051	-126.012772	-125.975418	-125.977865	
61.13129	-126.019051	-126.012772	-125.975418	-125.977865	
61.14148	-126.019051	-126.012772	-125.975418	-125.977865	
61.15157	-126.019051	-126.012772	-125.975418	-125.977865	
61.16167	-126.019051	-126.012772	-125.975418	-125.977865	
61.17188	-126.019051	-126.012772	-125.975418	-125.977865	
61.18205	-126.019051	-126.012772	-125.975418	-125.977865	
61.19213	-126.019051	-126.012772	-125.975418	-125.977865	
61.20236	-126.019051	-126.012772	-125.975418	-125.977865	
61.21249	-126.019051	-126.012772	-125.975418	-125.977865	
61.23145	-126.019051	-126.012772	-125.975418	-125.977865	
61.2361	-126.019051	-126.012772	-125.975418	-125.977865	
61.24625	-126.019051	-126.012772	-125.975418	-125.977865	
61.25638	-126.019051	-126.012772	-125.975418	-125.977865	
61.26657	-126.019051	-126.012772	-125.975418	-125.977865	
61.27672	-126.019051	-126.012772	-125.975418	-125.977865	
61.28696	-126.019051	-126.012772	-125.975418	-125.977865	
61.29706	-126.019051	-126.012772	-125.975418	-125.977865	
61.3074	-126.019051	-126.012772	-125.975418	-125.977865	
61.31747	-126.019051	-126.012772	-125.975418	-125.977865	
61.32755	-126.019051	-126.012772	-125.975418	-125.977865	
61.33771	-126.019051	-126.012772	-125.975418	-125.977865	
61.34786	-126.019051	-126.012772	-125.975418	-125.977865	
61.35806	-126.019051	-126.012772	-125.975418	-125.977865	
61.36819	-126.019051	-126.012772	-125.975418	-125.977865	
61.37832	-126.019051	-126.012772	-125.975418	-125.977865	
61.38849	-126.019051	-126.012772	-125.975418	-125.977865	
61.39867	-126.019051	-126.012772	-125.975418	-125.977865	
61.40884	-126.019051	-126.012772	-125.975418	-125.977865	
61.419	-126.019051	-126.012772	-125.975418	-125.977865	
61.42913	-126.019051	-126.012772	-125.975418	-125.977865	
61.43935	-126.019051	-126.012772	-125.975418	-125.977865	
61.44946	-126.019051	-126.012772	-125.975418	-125.977865	
61.45957	-126.019051	-126.012772	-125.975418	-125.977865	
61.46984	-126.019051	-126.012772	-125.975418	-125.977865	
61.47995	-126.019051	-126.012772	-125.975418	-125.977865	
61.49007	-126.019051	-126.012772	-125.975418	-125.977865	
61.50023	-126.019051	-126.012772	-125.975418	-125.977865	
61.51038	-126.019051	-126.012772	-125.975418	-125.977865	
61.52054	-126.019051	-126.012772	-125.975418	-125.977865	
61.53253	-126.019051	-126.012772	-125.975418	-125.977865	
61.55065	-126.019051	-126.012772	-125.975418	-125.977865	
61.55525	-126.019051	-126.012772	-125.975418	-125.977865	
61.56554	-126.019051	-126.012772	-125.975418	-125.977865	
61.57563	-126.019051	-126.012772	-125.975418	-125.977865	
61.58578	-126.019051	-126.012772	-125.975418	-125.977865	
61.59596	-126.019051	-126.012772	-125.975418	-125.977865	
61.60612	-126.019051	-126.012772	-125.975418	-125.977865	
61.61626	-126.019051	-126.012772	-125.975418	-125.977865	
61.62646	-126.019051	-126.012772	-125.975418	-125.977865	
61.63664	-126.019051	-126.012772	-125.975418	-125.977865	
61.64684	-126.019051	-126.012772	-125.975418	-125.977865	
61.65697	-126.019051	-126.012772	-125.975418	-125.977865	
61.66714	-126.019051	-126.012772	-125.975418	-125.977865	
61.67731	-126.019051	-126.012772	-125.975418	-125.977865	
61.6875	-126.019051	-126.012772	-125.975418	-125.977865	
61.69762	-126.019051	-126.012772	-125.975418	-125.977865	
61.70776	-126.019051	-126.012772	-125.975418	-125.977865	
61.71799	-126.019051	-126.012772	-125.975418	-125.977865	
61.72817	-126.019051	-126.012772	-125.975418	-125.977865	
61.73826	-126.019051	-126.012772	-125.975418	-125.977865	
61.74848	-126.019051	-126.012772	-125.975418	-125.977865	
61.75869	-126.019051	-126.012772	-125.975418	-125.977865	
61.76881	-126.019051	-126.012772	-125.975418	-125.977865	
61.77895	-126.019051	-126.012772	-125.975418	-125.977865	
61.7891	-126.019051	-126.012772	-125.975418	-125.977865	
61.79928	-126.019051	-126.012772	-125.975418	-125.977865	
61.80947	-126.019051	-126.012772	-125.975418	-125.977865	
61.8198	-126.019051	-126.012772	-125.975418	-125.977865	
61.83015	-126.019051	-126.012772	-125.975418	-125.977865	
61.84005	-126.019051	-126.012772	-125.975418	-125.977865	
61.85009	-126.019051	-126.012772	-125.975418	-125.977865	
61.86026	-126.019051	-126.012772	-125.975418	-125.977865	
61.8706	-126.019051	-126.012772	-125.975418	-125.977865	
61.88054	-126.019051	-126.012772	-125.975418	-125.977865	
61.8907	-126.019051	-126.012772	-125.975418	-125.977865	
61.9009	-126.019051	-126.012772	-125.975418	-125.977865	
61.91115	-126.019051	-126.012772	-125.975418	-125.977865	
61.92957	-126.019051	-126.012772	-125.975418	-125.977865	
61.93452	-126.019051	-126.012772	-125.975418	-125.977865	
61.94438	-126.019051	-126.012772	-125.975418	-125.977865	
61.95452	-126.019051	-126.012772	-125.975418	-125.977865	
61.96478	-126.019051	-126.012772	-125.975418	-125.977865	
61.97501	-126.019051	-126.012772	-125.975418	-125.977865	
61.98515	-126.019051	-126.012772	-125.975418	-125.977865	
61.99526	-126.019051	-126.012772	-125.975418	-125.977865	
62.0055	-126.019051	-126.012772	-125.975418	-125.977865	
62.01565	-126.019051	-126.012772	-125.975418	-125.977865	
62.02583	-126.019051	-126.012772	-125.975418	-125.977865	
62.03593	-126.019051	-126.012772	-125.975418	-125.977865	
62.04615	-126.019051	-126.012772	-125.975418	-125.977865	
62.05626	-126.019051	-126.012772	-125.975418	-125.977865	
62.06646	-126.019051	-126.012772	-125.975418	-125.977865	
62.07658	-126.019051	-126.012772	-125.975418	-125.977865	
62.08681	-126.019051	-126.012772	-125.975418	-125.977865	
62.09694	-126.019051	-126.012772	-125.975418	-125.977865	
62.10709	-126.019051	-126.012772	-125.975418	-125.977865	
62.11732	-126.019051	-126.012772	-125.975418	-125.977865	
62.12743	-126.019051	-126.012772	-125.975418	-125.977865	
62.13763	-126.019051	-126.012772	-125.975418	-125.977865	
62.14779	-126.019051	-126.012772	-125.975418	-125.977865	
62.15798	-126.019051	-126.012772	-125.975418	-125.977865	
62.16971	-126.019051	-126.012772	-125.975418	-125.977865	
62.17826	-126.019051	-126.012772	-125.975418	-125.977865	
62.18847	-126.019051	-126.012772	-125.975418	-125.977865	
62.19881	-126.019051	-126.012772	-125.975418	-125.977865	
62.20884	-126.019051	-126.012772	-125.975418	-125.977865	
62.21904	-126.019051	-126.012772	-125.975418	-125.977865	
62.22994	-126.019051	-126.012772	-125.975418	-125.977865	
62.23926	-126.019051	-126.012772	-125.975418	-125.977865	
62.24946	-126.019051	-126.012772	-125.975418	-125.977865	
62.25959	-126.019051	-126.012772	-125.975418	-125.977865	
62.26986	-126.019051	-126.012772	-125.975418	-125.977865	
62.28009	-126.019051	-126.012772	-125.975418	-125.977865	
62.29014	-126.019051	-126.012772	-125.975418	-125.977865	
62.30031	-126.019051	-126.012772	-125.975418	-125.977865	
62.31047	-126.019051	-126.012772	-125.975418	-125.977865	
62.32057	-126.019051	-126.012772	-125.975418	-125.977865	
62.33072	-126.019051	-126.012772	-125.975418	-125.977865	
62.34101	-126.019051	-126.012772	-125.975418	-125.977865	
62.35115	-126.019051	-126.012772	-125.975418	-125.977865	
62.36128	-126.019051	-126.012772	-125.975418	-125.977865	
62.37136	-126.019051	-126.012772	-125.975418	-125.977865	
62.38163	-126.019051	-126.012772	-125.975418	-125.977865	
62.39168	-126.019051	-126.012772	-125.975418	-125.977865	
62.40183	-126.019051	-126.012772	-125.975418	-125.977865	
62.41194	-126.019051	-126.012772	-125.975418	-125.977865	
62.42219	-126.019051	-126.012772	-125.975418	-125.977865	
62.43229	-126.019051	-126.012772	-125.975418	-125.977865	
62.44242	-126.019051	-126.012772	-125.975418	-125.977865	
62.45256	-126.019051	-126.012772	-125.975418	-125.977865	
62.46305	-126.019051	-126.012772	-125.975418	-125.977865	
62.47317	-126.019051	-126.012772	-125.975418	-125.977865	
62.48333	-126.019051	-126.012772	-125.975418	-125.977865	
