62.50114	-126.028589	-126.012772	-125.984955	-125.977865	
62.50588	-126.030938	-126.012772	-125.987305	-125.977865	
62.51605	-126.038631	-126.012772	-125.994998	-125.977865	
62.52617	-126.048323	-126.021499	-126.004689	-125.977865	
62.53635	-126.060151	-126.021499	-126.016517	-125.977865	
62.5465	-126.074008	-126.030225	-126.030375	-125.977865	
62.55668	-126.089973	-126.030225	-126.04634	-125.986592	
62.56687	-126.108044	-126.047679	-126.064411	-125.995319	
62.58493	-126.148009	-126.073859	-126.104376	-126.012772	
62.58963	-126.158216	-126.082585	-126.114583	-126.030225	
62.59979	-126.182918	-126.100038	-126.139285	-126.047679	
62.60988	-126.209465	-126.126218	-126.165832	-126.082585	
62.62002	-126.238204	-126.152398	-126.194571	-126.117492	
62.63057	-126.270397	-126.187305	-126.226764	-126.161125	
62.64066	-126.303168	-126.222212	-126.259535	-126.213485	
62.65047	-126.336923	-126.248391	-126.29329	-126.257118	
62.66061	-126.373924	-126.283298	-126.33029	-126.309478	
62.67083	-126.413273	-126.326931	-126.36964	-126.361838	
62.68099	-126.454483	-126.370564	-126.41085	-126.405471	
62.69122	-126.498028	-126.414198	-126.454395	-126.457831	
62.70137	-126.543367	-126.466558	-126.499734	-126.501464	
62.7115	-126.590587	-126.518917	-126.546953	-126.553824	
62.7216	-126.639763	-126.580004	-126.59613	-126.597457	
62.73174	-126.691142	-126.641091	-126.647509	-126.641091	
62.74198	-126.745145	-126.710904	-126.701512	-126.69345	
62.75208	-126.800458	-126.77199	-126.756824	-126.74581	
62.76218	-126.857834	-126.833077	-126.814201	-126.79817	
62.7724	-126.917996	-126.894163	-126.874363	-126.85053	
62.78257	-126.979891	-126.95525	-126.936257	-126.911617	
62.79274	-127.043794	-127.016336	-127.000161	-126.972703	
62.80284	-127.109354	-127.077423	-127.065721	-127.03379	
62.81305	-127.177787	-127.138509	-127.134154	-127.094876	
62.82339	-127.249196	-127.199596	-127.205563	-127.173416	
62.83359	-127.321669	-127.269409	-127.278035	-127.243229	
62.84375	-127.395924	-127.339222	-127.35229	-127.321769	
62.8539	-127.472195	-127.400309	-127.428562	-127.391582	
62.86411	-127.550986	-127.470122	-127.507352	-127.478849	
62.87432	-127.631877	-127.539935	-127.588244	-127.548662	
62.88442	-127.713833	-127.618475	-127.6702	-127.635928	
62.89459	-127.798594	-127.697015	-127.754961	-127.705741	
62.90521	-127.88933	-127.784281	-127.845697	-127.793008	
62.91523	-127.976905	-127.871548	-127.933272	-127.880274	
62.92542	-128.067987	-127.967541	-128.024354	-127.967541	
62.93565	-128.161615	-128.063534	-128.117982	-128.063534	
62.94575	-128.255996	-128.168254	-128.212363	-128.1508	
62.9559	-128.352968	-128.264247	-128.309334	-128.246793	
62.96612	-128.452785	-128.377693	-128.409151	-128.351513	
62.97626	-128.553667	-128.49114	-128.510034	-128.456233	
62.98639	-128.654967	-128.613313	-128.611334	-128.560953	
62.99656	-128.756657	-128.726759	-128.713024	-128.665672	
63.00669	-128.858027	-128.848932	-128.814394	-128.770392	
63.01685	-128.959607	-128.971105	-128.915974	-128.892565	
63.02707	-129.062107	-129.084551	-129.018474	-128.997285	
63.0372	-129.163127	-129.197998	-129.119494	-129.110731	
63.04739	-129.264997	-129.311444	-129.221364	-129.224178	
63.05752	-129.366297	-129.424891	-129.322664	-129.337624	
63.06776	-129.468707	-129.52961	-129.425074	-129.442344	
63.07795	-129.570597	-129.625604	-129.526964	-129.547064	
63.08813	-129.672367	-129.730323	-129.628734	-129.651783	
63.09825	-129.773547	-129.826316	-129.729914	-129.756503	
63.10844	-129.875477	-129.92231	-129.831844	-129.852496	
63.11869	-129.977967	-130.009576	-129.934334	-129.948489	
63.12887	-130.082447	-130.096842	-130.038814	-130.044483	
63.13892	-130.180347	-130.184109	-130.136714	-130.131749	
63.14911	-130.282247	-130.271375	-130.238614	-130.227742	
63.15932	-130.384227	-130.358642	-130.340594	-130.306282	
63.17092	-130.500367	-130.445908	-130.456734	-130.393548	
63.17956	-130.586747	-130.533175	-130.543114	-130.480815	
63.18995	-130.690617	-130.620441	-130.646984	-130.568081	
63.20017	-130.792797	-130.716434	-130.749164	-130.655348	
63.21007	-130.891807	-130.812427	-130.848174	-130.751341	
63.22024	-130.993567	-130.917147	-130.949934	-130.838607	
63.23123	-131.103527	-131.021867	-131.059894	-130.9346	
63.24051	-131.196177	-131.126587	-131.152544	-131.03932	
63.25063	-131.297447	-131.231306	-131.253814	-131.14404	
63.26078	-131.398937	-131.336026	-131.355304	-131.24876	
63.27096	-131.500737	-131.449473	-131.457104	-131.370933	
63.28907	-131.681737	-131.650185	-131.638104	-131.580372	
63.29389	-131.730017	-131.702545	-131.686384	-131.632732	
63.30398	-131.830857	-131.815992	-131.787224	-131.754905	
63.31404	-131.931477	-131.938165	-131.887844	-131.877078	
63.32425	-132.033637	-132.051611	-131.990004	-131.999251	
63.33441	-132.135207	-132.156331	-132.091574	-132.121424	
63.34455	-132.236627	-132.269777	-132.192994	-132.234871	
63.35469	-132.338017	-132.383224	-132.294384	-132.348317	
63.36486	-132.439767	-132.487944	-132.396134	-132.453037	
63.37508	-132.541877	-132.592663	-132.498244	-132.557757	
63.38524	-132.643477	-132.697383	-132.599844	-132.662476	
63.39539	-132.745067	-132.793376	-132.701434	-132.75847	
63.40564	-132.847487	-132.889369	-132.803854	-132.854463	
63.41578	-132.948867	-132.976636	-132.905234	-132.950456	
63.42588	-133.049837	-133.072629	-133.006204	-133.037722	
63.43603	-133.151407	-133.168622	-133.107774	-133.133715	
63.44624	-133.253467	-133.247162	-133.209834	-133.212255	
63.45634	-133.354477	-133.334428	-133.310844	-133.308248	
63.46673	-133.458437	-133.421695	-133.414804	-133.395515	
63.47689	-133.559987	-133.517688	-133.516354	-133.482781	
63.48711	-133.662167	-133.604954	-133.618534	-133.570048	
63.49721	-133.763247	-133.692221	-133.719614	-133.666041	
63.50741	-133.865207	-133.788214	-133.821574	-133.762034	
63.51766	-133.967737	-133.884207	-133.924104	-133.858027	
63.5278	-134.069147	-133.988927	-134.025514	-133.962747	
63.53788	-134.169907	-134.093646	-134.126274	-134.05874	
63.54806	-134.271647	-134.198366	-134.228014	-134.16346	
63.55826	-134.373697	-134.320539	-134.330064	-134.285633	
63.56845	-134.475607	-134.433986	-134.431974	-134.390352	
63.5786	-134.577647	-134.556159	-134.534014	-134.503799	
63.58877	-134.678847	-134.669605	-134.635214	-134.617245	
63.59897	-134.780847	-134.791778	-134.737214	-134.739418	
63.60924	-134.883507	-134.913951	-134.839874	-134.844138	
63.61937	-134.984787	-135.027398	-134.941154	-134.948858	
63.62956	-135.086697	-135.140844	-135.043064	-135.071031	
63.63972	-135.188317	-135.25429	-135.144684	-135.175751	
63.64986	-135.289657	-135.35901	-135.246024	-135.28047	
63.65996	-135.390777	-135.46373	-135.347144	-135.38519	
63.67016	-135.492707	-135.559723	-135.449074	-135.481183	
63.68056	-135.596727	-135.655716	-135.553094	-135.577176	
63.69046	-135.695677	-135.751709	-135.652044	-135.681896	
63.70063	-135.797407	-135.838976	-135.753774	-135.769163	
63.71094	-135.900547	-135.926242	-135.856914	-135.856429	
63.72092	-136.000377	-136.013509	-135.956744	-135.943695	
63.73111	-136.102247	-136.100775	-136.058614	-136.030962	
63.74132	-136.204347	-136.179315	-136.160714	-136.118228	
63.75143	-136.305437	-136.257855	-136.261804	-136.205495	
63.76191	-136.410287	-136.345121	-136.366654	-136.284035	
63.77173	-136.508377	-136.432388	-136.464744	-136.380028	
63.78192	-136.610297	-136.528381	-136.566664	-136.467294	
63.79211	-136.712167	-136.624374	-136.668534	-136.554561	
63.80215	-136.812607	-136.71164	-136.768974	-136.641827	
63.81242	-136.915297	-136.81636	-136.871664	-136.73782	
63.82269	-137.018087	-136.92108	-136.974454	-136.833813	
63.84061	-137.197187	-137.113066	-137.153554	-137.017073	
63.84524	-137.243517	-137.156699	-137.199884	-137.060706	
63.85543	-137.345397	-137.270146	-137.301764	-137.174153	
63.86565	-137.447647	-137.383592	-137.404014	-137.287599	
63.87576	-137.548717	-137.497038	-137.505084	-137.401045	
63.88597	-137.650797	-137.610485	-137.607164	-137.523218	
63.89613	-137.752417	-137.723931	-137.708784	-137.636665	
63.90624	-137.853457	-137.846104	-137.809824	-137.767565	
63.91643	-137.955377	-137.959551	-137.911744	-137.881011	
63.92667	-138.057877	-138.072997	-138.014244	-138.011911	
63.93676	-138.158707	-138.186444	-138.115074	-138.134084	
63.94712	-138.262317	-138.29989	-138.218684	-138.24753	
63.95708	-138.362277	-138.40461	-138.318644	-138.369703	
63.9674	-138.465127	-138.518056	-138.421494	-138.474423	
63.97756	-138.566717	-138.622776	-138.523084	-138.579143	
63.98775	-138.668617	-138.718769	-138.624984	-138.683862	
63.99789	-138.769967	-138.823489	-138.726334	-138.788582	
64.00805	-138.871557	-138.919482	-138.827924	-138.875849	
64.01819	-138.972987	-139.015475	-138.929354	-138.963115	
64.02841	-139.075217	-139.102741	-139.031584	-139.059108	
64.03856	-139.176777	-139.198734	-139.133144	-139.137648	
64.0487	-139.278127	-139.277274	-139.234494	-139.233641	
64.0588	-139.379077	-139.373267	-139.335444	-139.320908	
64.06919	-139.483097	-139.460534	-139.439464	-139.408174	
64.07924	-139.580526	-139.5478	-139.536892	-139.49544	
64.08938	-139.676907	-139.635067	-139.633274	-139.582707	
64.09951	-139.771112	-139.722333	-139.727479	-139.6787	
64.10978	-139.864604	-139.818326	-139.82097	-139.765966	
64.1203	-139.958066	-139.905593	-139.914433	-139.870686	
64.13804	-140.108417	-140.080126	-140.064783	-140.045219	
64.15072	-140.213322	-140.202299	-140.169689	-140.176119	
64.15537	-140.251691	-140.254659	-140.208058	-140.219752	
64.16558	-140.33354	-140.350652	-140.289907	-140.324472	
64.18448	-140.476321	-140.525185	-140.432688	-140.499005	
64.18921	-140.512261	-140.568818	-140.468628	-140.542638	
64.20741	-140.641789	-140.734624	-140.598156	-140.708444	
64.21201	-140.674722	-140.778257	-140.631089	-140.743351	
64.22223	-140.74531	-140.856797	-140.701677	-140.813164	
64.23322	-140.81892	-140.92661	-140.775287	-140.882977	
64.24251	-140.879495	-140.996424	-140.835862	-140.935337	
64.26062	-140.98993	-141.092417	-140.946296	-141.022604	
64.26529	-141.018511	-141.10987	-140.974878	-141.040057	
64.27544	-141.078303	-141.153503	-141.03467	-141.074963	
64.28564	-141.136384	-141.197136	-141.09275	-141.118597	
64.29581	-141.192364	-141.24077	-141.148731	-141.153503	
64.30593	-141.246108	-141.275676	-141.202475	-141.18841	
64.31607	-141.298039	-141.31931	-141.254406	-141.223316	
64.3263	-141.348389	-141.354216	-141.304756	-141.258223	
64.3366	-141.397177	-141.389123	-141.353544	-141.29313	
64.3466	-141.442629	-141.424029	-141.398996	-141.336763	
64.35673	-141.486761	-141.458936	-141.443128	-141.371669	
64.36696	-141.52937	-141.493842	-141.485737	-141.415303	
64.37704	-141.569516	-141.528749	-141.525882	-141.458936	
64.38725	-141.608349	-141.563656	-141.564716	-141.511296	
64.39743	-141.644939	-141.607289	-141.601306	-141.563656	
64.40758	-141.679645	-141.650922	-141.636011	-141.616016	
64.41778	-141.712634	-141.685829	-141.669001	-141.668375	
64.42788	-141.743506	-141.729462	-141.699873	-141.720735	
64.43818	-141.773041	-141.781822	-141.729408	-141.764368	
64.4483	-141.800273	-141.825455	-141.75664	-141.808002	
64.45857	-141.826021	-141.869088	-141.782388	-141.851635	
64.4686	-141.849565	-141.903995	-141.805932	-141.886542	
64.47878	-141.871419	-141.938901	-141.827786	-141.912721	
64.48913	-141.891948	-141.965081	-141.848314	-141.930175	
64.49899	-141.909893	-141.999988	-141.86626	-141.947628	
64.5092	-141.926725	-142.017441	-141.883092	-141.965081	
64.51946	-141.941949	-142.034895	-141.898316	-141.965081	
64.52963	-141.955418	-142.034895	-141.911784	-141.965081	
64.53967	-141.967189	-142.034895	-141.923555	-141.956355	
64.55003	-141.977708	-142.034895	-141.934075	-141.947628	
64.56014	-141.986545	-142.017441	-141.942912	-141.938901	
64.57021	-141.99398	-142.008715	-141.950347	-141.930175	
64.58037	-142.000175	-141.999988	-141.956542	-141.930175	
64.5906	-142.005191	-141.982535	-141.961557	-141.930175	
64.60071	-142.009089	-141.973808	-141.965455	-141.930175	
64.61081	-142.012049	-141.965081	-141.968416	-141.930175	
64.62115	-142.01425	-141.965081	-141.970617	-141.930175	
64.63126	-142.019051	-141.965081	-141.975418	-141.938901	
64.64137	-142.019051	-141.965081	-141.975418	-141.947628	
64.65997	-142.019051	-141.973808	-141.975418	-141.965081	
64.66467	-142.019051	-141.982535	-141.975418	-141.973808	
64.67481	-142.019051	-141.999988	-141.975418	-141.982535	
64.68505	-142.019051	-142.017441	-141.975418	-141.991261	
64.69522	-142.019051	-142.034895	-141.975418	-141.999988	
64.7054	-142.019051	-142.043621	-141.975418	-141.999988	
64.71556	-142.019051	-142.061074	-141.975418	-141.999988	
64.72581	-142.019051	-142.069801	-141.975418	-141.991261	
64.73595	-142.019051	-142.069801	-141.975418	-141.982535	
64.74604	-142.019051	-142.069801	-141.975418	-141.982535	
64.75619	-142.019051	-142.069801	-141.975418	-141.982535	
64.76641	-142.019051	-142.061074	-141.975418	-141.982535	
64.7765	-142.019051	-142.052348	-141.975418	-141.982535	
64.78702	-142.019051	-142.034895	-141.975418	-141.973808	
64.79689	-142.019051	-142.026168	-141.975418	-141.973808	
64.80708	-142.019051	-142.008715	-141.975418	-141.965081	
64.81724	-142.019051	-141.999988	-141.975418	-141.965081	
64.82741	-142.019051	-141.982535	-141.975418	-141.965081	
64.8376	-142.019051	-141.973808	-141.975418	-141.965081	
64.84776	-142.019051	-141.965081	-141.975418	-141.965081	
64.85784	-142.019051	-141.965081	-141.975418	-141.965081	
64.86804	-142.019051	-141.965081	-141.975418	-141.965081	
64.87823	-142.019051	-141.965081	-141.975418	-141.965081	
64.88837	-142.019051	-141.982535	-141.975418	-141.965081	
64.89847	-142.019051	-141.991261	-141.975418	-141.965081	
64.90875	-142.019051	-142.008715	-141.975418	-141.965081	
64.91889	-142.019051	-142.026168	-141.975418	-141.965081	
64.92901	-142.019051	-142.034895	-141.975418	-141.965081	
64.93917	-142.019051	-142.052348	-141.975418	-141.965081	
64.94931	-142.019051	-142.069801	-141.975418	-141.965081	
64.95955	-142.019051	-142.078528	-141.975418	-141.965081	
64.97766	-142.019051	-142.078528	-141.975418	-141.965081	
64.98238	-142.019051	-142.069801	-141.975418	-141.965081	
64.99252	-142.019051	-142.061074	-141.975418	-141.965081	
65.00266	-142.019051	-142.052348	-141.975418	-141.965081	
65.01283	-142.019051	-142.034895	-141.975418	-141.965081	
65.02304	-142.019051	-142.017441	-141.975418	-141.965081	
65.03319	-142.019051	-141.999988	-141.975418	-141.965081	
65.0434	-142.019051	-141.982535	-141.975418	-141.965081	
65.05348	-142.019051	-141.965081	-141.975418	-141.965081	
65.06368	-142.019051	-141.965081	-141.975418	-141.965081	
65.07389	-142.019051	-141.956355	-141.975418	-141.965081	
65.08404	-142.019051	-141.965081	-141.975418	-141.965081	
65.09425	-142.019051	-141.965081	-141.975418	-141.965081	
65.10439	-142.019051	-141.982535	-141.975418	-141.965081	
65.11453	-142.019051	-141.999988	-141.975418	-141.965081	
65.12476	-142.019051	-142.017441	-141.975418	-141.965081	
65.13491	-142.019051	-142.034895	-141.975418	-141.965081	
65.14504	-142.019051	-142.043621	-141.975418	-141.965081	
65.15522	-142.019051	-142.061074	-141.975418	-141.965081	
65.16539	-142.019051	-142.069801	-141.975418	-141.965081	
65.177	-142.019051	-142.078528	-141.975418	-141.965081	
65.18578	-142.019051	-142.078528	-141.975418	-141.965081	
65.19585	-142.019051	-142.069801	-141.975418	-141.965081	
65.2061	-142.019051	-142.061074	-141.975418	-141.965081	
65.21628	-142.019051	-142.052348	-141.975418	-141.965081	
65.22638	-142.019051	-142.034895	-141.975418	-141.965081	
65.23732	-142.019051	-142.017441	-141.975418	-141.965081	
65.24747	-142.019051	-141.999988	-141.975418	-141.965081	
65.25759	-142.019051	-141.982535	-141.975418	-141.965081	
65.26772	-142.019051	-141.965081	-141.975418	-141.965081	
65.27801	-142.019051	-141.956355	-141.975418	-141.965081	
65.28813	-142.019051	-141.947628	-141.975418	-141.965081	
65.29824	-142.019051	-141.947628	-141.975418	-141.965081	
65.30844	-142.019051	-141.947628	-141.975418	-141.965081	
65.31857	-142.019051	-141.956355	-141.975418	-141.965081	
65.32873	-142.019051	-141.965081	-141.975418	-141.965081	
65.3389	-142.019051	-141.982535	-141.975418	-141.965081	
65.34912	-142.019051	-141.999988	-141.975418	-141.965081	
65.35929	-142.019051	-142.017441	-141.975418	-141.965081	
65.36945	-142.019051	-142.034895	-141.975418	-141.965081	
65.37958	-142.019051	-142.052348	-141.975418	-141.965081	
65.38983	-142.019051	-142.069801	-141.975418	-141.965081	
65.39995	-142.019051	-142.078528	-141.975418	-141.965081	
65.41006	-142.019051	-142.087254	-141.975418	-141.965081	
65.42025	-142.019051	-142.095981	-141.975418	-141.965081	
65.43042	-142.019051	-142.087254	-141.975418	-141.965081	
65.44057	-142.019051	-142.087254	-141.975418	-141.965081	
65.45067	-142.019051	-142.069801	-141.975418	-141.965081	
65.46104	-142.019051	-142.052348	-141.975418	-141.965081	
65.47104	-142.019051	-142.034895	-141.975418	-141.965081	
65.48124	-142.019051	-142.017441	-141.975418	-141.965081	
65.49136	-142.019051	-141.999988	-141.975418	-141.965081	
65.50153	-142.019051	-141.973808	-141.975418	-141.965081	
65.51166	-142.019051	-141.956355	-141.975418	-141.965081	
65.52184	-142.019051	-141.938901	-141.975418	-141.965081	
65.53199	-142.019051	-141.930175	-141.975418	-141.965081	
65.54217	-142.019051	-141.930175	-141.975418	-141.965081	
65.55234	-142.019051	-141.938901	-141.975418	-141.965081	
65.5624	-142.019051	-141.956355	-141.975418	-141.965081	
65.57263	-142.019051	-141.973808	-141.975418	-141.965081	
65.58286	-142.019051	-141.999988	-141.975418	-141.965081	
65.59295	-142.019051	-142.026168	-141.975418	-141.965081	
65.60312	-142.019051	-142.052348	-141.975418	-141.965081	
65.61328	-142.019051	-142.069801	-141.975418	-141.965081	
65.62356	-142.019051	-142.095981	-141.975418	-141.965081	
65.63363	-142.019051	-142.113434	-141.975418	-141.965081	
65.64379	-142.019051	-142.122161	-141.975418	-141.965081	
65.654	-142.019051	-142.122161	-141.975418	-141.965081	
65.66418	-142.019051	-142.113434	-141.975418	-141.965081	
65.67428	-142.019051	-142.095981	-141.975418	-141.965081	
65.6845	-142.019051	-142.069801	-141.975418	-141.965081	
65.69474	-142.019051	-142.034895	-141.975418	-141.965081	
65.7048	-142.019051	-142.008715	-141.975418	-141.965081	
65.71496	-142.019051	-141.973808	-141.975418	-141.965081	
65.72516	-142.019051	-141.947628	-141.975418	-141.965081	
65.73545	-142.019051	-141.912721	-141.975418	-141.965081	
65.74555	-142.019051	-141.895268	-141.975418	-141.965081	
65.75568	-142.019051	-141.886542	-141.975418	-141.965081	
65.76595	-142.019051	-141.895268	-141.975418	-141.965081	
65.77607	-142.019051	-141.912721	-141.975418	-141.965081	
65.78619	-142.019051	-141.938901	-141.975418	-141.965081	
65.79635	-142.019051	-141.965081	-141.975418	-141.965081	
65.80658	-142.019051	-142.008715	-141.975418	-141.965081	
65.81671	-142.019051	-142.043621	-141.975418	-141.965081	
65.82689	-142.019051	-142.087254	-141.975418	-141.965081	
65.83704	-142.019051	-142.113434	-141.975418	-141.965081	
65.84721	-142.019051	-142.139614	-141.975418	-141.965081	
65.85738	-142.019051	-142.157068	-141.975418	-141.965081	
65.86759	-142.019051	-142.157068	-141.975418	-141.965081	
65.87775	-142.019051	-142.148341	-141.975418	-141.965081	
65.88792	-142.019051	-142.122161	-141.975418	-141.965081	
65.89804	-142.019051	-142.095981	-141.975418	-141.965081	
65.90823	-142.019051	-142.052348	-141.975418	-141.965081	
65.91848	-142.019051	-142.017441	-141.975418	-141.965081	
65.92867	-142.019051	-141.965081	-141.975418	-141.965081	
65.93876	-142.019051	-141.930175	-141.975418	-141.965081	
65.94908	-142.019051	-141.895268	-141.975418	-141.965081	
65.95914	-142.019051	-141.869088	-141.975418	-141.965081	
65.96926	-142.019051	-141.860362	-141.975418	-141.965081	
65.97943	-142.019051	-141.860362	-141.975418	-141.965081	
65.98956	-142.019051	-141.877815	-141.975418	-141.965081	
65.99968	-142.019051	-141.912721	-141.975418	-141.965081	
66.00993	-142.019051	-141.956355	-141.975418	-141.965081	
66.02004	-142.019051	-141.999988	-141.975418	-141.965081	
66.03024	-142.019051	-142.052348	-141.975418	-141.965081	
66.04039	-142.019051	-142.095981	-141.975418	-141.965081	
66.05049	-142.019051	-142.139614	-141.975418	-141.965081	
66.06066	-142.019051	-142.165794	-141.975418	-141.965081	
66.07082	-142.019051	-142.183248	-141.975418	-141.965081	
66.08098	-142.019051	-142.183248	-141.975418	-141.965081	
66.09119	-142.019051	-142.165794	-141.975418	-141.965081	
66.10133	-142.019051	-142.139614	-141.975418	-141.965081	
66.11154	-142.019051	-142.095981	-141.975418	-141.965081	
66.12166	-142.019051	-142.052348	-141.975418	-141.965081	
66.13177	-142.019051	-141.999988	-141.975418	-141.965081	
66.14205	-142.019051	-141.947628	-141.975418	-141.965081	
66.1521	-142.019051	-141.895268	-141.975418	-141.965081	
66.16224	-142.019051	-141.860362	-141.975418	-141.965081	
66.1724	-142.019051	-141.834182	-141.975418	-141.965081	
66.18263	-142.019051	-141.825455	-141.975418	-141.965081	
66.19278	-142.019051	-141.834182	-141.975418	-141.965081	
66.20296	-142.019051	-141.869088	-141.975418	-141.965081	
66.21335	-142.019051	-141.912721	-141.975418	-141.965081	
66.22363	-142.019051	-141.965081	-141.975418	-141.965081	
66.23442	-142.019051	-142.026168	-141.975418	-141.965081	
66.24382	-142.019051	-142.078528	-141.975418	-141.965081	
66.25404	-142.019051	-142.130888	-141.975418	-141.965081	
66.26414	-142.019051	-142.174521	-141.975418	-141.965081	
66.2743	-142.019051	-142.191974	-141.975418	-141.965081	
66.28451	-142.019051	-142.191974	-141.975418	-141.965081	
66.29466	-142.019051	-142.183248	-141.975418	-141.965081	
66.3048	-142.019051	-142.157068	-141.975418	-141.965081	
66.31498	-142.019051	-142.113434	-141.975418	-141.965081	
66.32516	-142.019051	-142.069801	-141.975418	-141.965081	
66.33533	-142.019051	-142.017441	-141.975418	-141.965081	
66.35341	-142.019051	-141.930175	-141.975418	-141.965081	
66.35814	-142.019051	-141.912721	-141.975418	-141.965081	
66.36832	-142.019051	-141.877815	-141.975418	-141.965081	
66.37841	-142.019051	-141.860362	-141.975418	-141.965081	
66.38858	-142.019051	-141.860362	-141.975418	-141.965081	
66.39874	-142.019051	-141.877815	-141.975418	-141.965081	
66.40889	-142.019051	-141.912721	-141.975418	-141.965081	
66.41904	-142.019051	-141.947628	-141.975418	-141.965081	
66.42924	-142.019051	-141.999988	-141.975418	-141.965081	
66.43952	-142.019051	-142.043621	-141.975418	-141.965081	
66.44966	-142.019051	-142.087254	-141.975418	-141.965081	
66.45991	-142.019051	-142.122161	-141.975418	-141.965081	
66.47008	-142.019051	-142.148341	-141.975418	-141.965081	
66.48018	-142.019051	-142.165794	-141.975418	-141.965081	
66.49026	-142.019051	-142.157068	-141.975418	-141.965081	
66.50037	-142.019051	-142.139614	-141.975418	-141.965081	
66.51061	-142.019051	-142.113434	-141.975418	-141.965081	
66.52075	-142.019051	-142.069801	-141.975418	-141.965081	
66.53314	-142.019051	-142.034895	-141.975418	-141.965081	
66.54103	-142.019051	-141.991261	-141.975418	-141.965081	
66.55915	-142.019051	-141.947628	-141.975418	-141.965081	
66.56373	-142.019051	-141.912721	-141.975418	-141.965081	
66.57403	-142.019051	-141.895268	-141.975418	-141.965081	
66.58416	-142.019051	-141.886542	-141.975418	-141.965081	
66.59424	-142.019051	-141.895268	-141.975418	-141.965081	
66.60443	-142.019051	-141.903995	-141.975418	-141.965081	
66.61464	-142.019051	-141.930175	-141.975418	-141.965081	
66.62477	-142.019051	-141.965081	-141.975418	-141.965081	
66.63496	-142.019051	-142.008715	-141.975418	-141.965081	
66.6451	-142.019051	-142.043621	-141.975418	-141.965081	
66.65523	-142.019051	-142.069801	-141.975418	-141.965081	
66.66544	-142.019051	-142.095981	-141.975418	-141.965081	
66.67561	-142.019051	-142.104708	-141.975418	-141.965081	
66.68576	-142.019051	-142.113434	-141.975418	-141.965081	
66.696	-142.019051	-142.113434	-141.975418	-141.965081	
66.70604	-142.019051	-142.104708	-141.975418	-141.965081	
66.71626	-142.019051	-142.087254	-141.975418	-141.965081	
66.72647	-142.019051	-142.069801	-141.975418	-141.965081	
66.7366	-142.019051	-142.034895	-141.975418	-141.965081	
66.74675	-142.019051	-142.008715	-141.975418	-141.965081	
66.75694	-142.019051	-141.982535	-141.975418	-141.965081	
66.76709	-142.019051	-141.965081	-141.975418	-141.965081	
66.77723	-142.019051	-141.947628	-141.975418	-141.965081	
66.7874	-142.019051	-141.938901	-141.975418	-141.965081	
66.79757	-142.019051	-141.938901	-141.975418	-141.965081	
66.80777	-142.019051	-141.938901	-141.975418	-141.965081	
66.81797	-142.019051	-141.956355	-141.975418	-141.965081	
66.8281	-142.019051	-141.965081	-141.975418	-141.965081	
66.83829	-142.019051	-141.991261	-141.975418	-141.965081	
66.84849	-142.019051	-142.008715	-141.975418	-141.965081	
66.85857	-142.019051	-142.034895	-141.975418	-141.965081	
66.86882	-142.019051	-142.052348	-141.975418	-141.965081	
66.87892	-142.019051	-142.069801	-141.975418	-141.965081	
66.8891	-142.019051	-142.078528	-141.975418	-141.965081	
66.89942	-142.019051	-142.078528	-141.975418	-141.965081	
66.90939	-142.019051	-142.069801	-141.975418	-141.965081	
66.92757	-142.019051	-142.052348	-141.975418	-141.965081	
66.93222	-142.019051	-142.052348	-141.975418	-141.965081	
66.94244	-142.019051	-142.034895	-141.975418	-141.965081	
66.95259	-142.019051	-142.017441	-141.975418	-141.965081	
66.9709	-142.019051	-141.991261	-141.975418	-141.965081	
66.98361	-142.019051	-141.965081	-141.975418	-141.965081	
66.98825	-142.019051	-141.965081	-141.975418	-141.965081	
66.99852	-142.019051	-141.947628	-141.975418	-141.965081	
67.00868	-142.019051	-141.947628	-141.975418	-141.965081	
67.01877	-142.019051	-141.947628	-141.975418	-141.965081	
67.02901	-142.019051	-141.947628	-141.975418	-141.965081	
67.03914	-142.019051	-141.965081	-141.975418	-141.965081	
67.04928	-142.019051	-141.973808	-141.975418	-141.965081	
67.05938	-142.019051	-141.999988	-141.975418	-141.965081	
67.06959	-142.019051	-142.017441	-141.975418	-141.965081	
67.07985	-142.019051	-142.034895	-141.975418	-141.965081	
67.08995	-142.019051	-142.052348	-141.975418	-141.965081	
67.10009	-142.019051	-142.069801	-141.975418	-141.965081	
67.11025	-142.019051	-142.087254	-141.975418	-141.965081	
67.12047	-142.019051	-142.087254	-141.975418	-141.965081	
67.13052	-142.019051	-142.087254	-141.975418	-141.965081	
67.14075	-142.019051	-142.087254	-141.975418	-141.965081	
67.1509	-142.019051	-142.069801	-141.975418	-141.965081	
67.16102	-142.019051	-142.061074	-141.975418	-141.965081	
67.17122	-142.019051	-142.043621	-141.975418	-141.965081	
67.19076	-142.019051	-141.999988	-141.975418	-141.965081	
67.19536	-142.019051	-141.991261	-141.975418	-141.965081	
67.20557	-142.019051	-141.965081	-141.975418	-141.965081	
67.21579	-142.019051	-141.956355	-141.975418	-141.965081	
67.22595	-142.019051	-141.947628	-141.975418	-141.965081	
67.23686	-142.019051	-141.947628	-141.975418	-141.965081	
67.24625	-142.019051	-141.947628	-141.975418	-141.965081	
67.25642	-142.019051	-141.965081	-141.975418	-141.965081	
67.2665	-142.019051	-141.973808	-141.975418	-141.965081	
67.27676	-142.019051	-141.999988	-141.975418	-141.965081	
67.28693	-142.019051	-142.017441	-141.975418	-141.965081	
67.29703	-142.019051	-142.043621	-141.975418	-141.965081	
67.30717	-142.019051	-142.069801	-141.975418	-141.965081	
67.31737	-142.019051	-142.087254	-141.975418	-141.965081	
67.32753	-142.019051	-142.104708	-141.975418	-141.965081	
67.33773	-142.019051	-142.113434	-141.975418	-141.965081	
67.3481	-142.019051	-142.122161	-141.975418	-141.965081	
67.3583	-142.019051	-142.113434	-141.975418	-141.965081	
67.36854	-142.019051	-142.104708	-141.975418	-141.965081	
67.37856	-142.019051	-142.095981	-141.975418	-141.965081	
67.38882	-142.019051	-142.078528	-141.975418	-141.965081	
67.39897	-142.019051	-142.061074	-141.975418	-141.965081	
67.40908	-142.019051	-142.043621	-141.975418	-141.965081	
67.41923	-142.019051	-142.026168	-141.975418	-141.965081	
67.42945	-142.019051	-142.008715	-141.975418	-141.965081	
67.43964	-142.019051	-141.999988	-141.975418	-141.965081	
67.44984	-142.019051	-141.991261	-141.975418	-141.965081	
67.45994	-142.019051	-141.982535	-141.975418	-141.965081	
67.47022	-142.019051	-141.982535	-141.975418	-141.965081	
67.48029	-142.019051	-141.991261	-141.975418	-141.965081	
67.49037	-142.019051	-141.999988	-141.975418	-141.965081	
67.50055	-142.019051	-142.008715	-141.975418	-141.965081	
67.5107	-142.019051	-142.017441	-141.975418	-141.965081	
67.52086	-142.019051	-142.034895	-141.975418	-141.965081	
67.53099	-142.019051	-142.034895	-141.975418	-141.965081	
67.54123	-142.019051	-142.043621	-141.975418	-141.965081	
67.55135	-142.019051	-142.043621	-141.975418	-141.965081	
67.56144	-142.019051	-142.034895	-141.975418	-141.965081	
67.57161	-142.019051	-142.026168	-141.975418	-141.965081	
67.5818	-142.019051	-142.008715	-141.975418	-141.965081	
67.59194	-142.019051	-141.999988	-141.975418	-141.965081	
67.60211	-142.019051	-141.982535	-141.975418	-141.965081	
67.61225	-142.019051	-141.965081	-141.975418	-141.965081	
67.62245	-142.019051	-141.956355	-141.975418	-141.965081	
67.63263	-142.019051	-141.947628	-141.975418	-141.965081	
67.64291	-142.019051	-141.947628	-141.975418	-141.965081	
67.65306	-142.019051	-141.947628	-141.975418	-141.965081	
67.66323	-142.019051	-141.947628	-141.975418	-141.965081	
67.6734	-142.019051	-141.947628	-141.975418	-141.965081	
67.68363	-142.019051	-141.956355	-141.975418	-141.965081	
67.69377	-142.019051	-141.965081	-141.975418	-141.965081	
67.70391	-142.019051	-141.965081	-141.975418	-141.965081	
67.71414	-142.019051	-141.973808	-141.975418	-141.965081	
67.72431	-142.019051	-141.982535	-141.975418	-141.965081	
67.73456	-142.019051	-141.982535	-141.975418	-141.965081	
67.7447	-142.019051	-141.991261	-141.975418	-141.965081	
67.75476	-142.019051	-141.991261	-141.975418	-141.965081	
67.76499	-142.019051	-141.999988	-141.975418	-141.965081	
67.77519	-142.019051	-141.999988	-141.975418	-141.965081	
67.78533	-142.019051	-141.999988	-141.975418	-141.965081	
67.79543	-142.019051	-141.999988	-141.975418	-141.965081	
67.80565	-142.019051	-141.991261	-141.975418	-141.965081	
67.81589	-142.019051	-141.991261	-141.975418	-141.965081	
67.82618	-142.019051	-141.991261	-141.975418	-141.965081	
67.83617	-142.019051	-141.982535	-141.975418	-141.965081	
67.84637	-142.019051	-141.982535	-141.975418	-141.965081	
67.85654	-142.019051	-141.991261	-141.975418	-141.965081	
67.86665	-142.019051	-141.991261	-141.975418	-141.965081	
67.87685	-142.019051	-141.999988	-141.975418	-141.965081	
67.88702	-142.019051	-141.999988	-141.975418	-141.965081	
67.89715	-142.019051	-141.999988	-141.975418	-141.965081	
67.90731	-142.019051	-141.991261	-141.975418	-141.965081	
67.91746	-142.019051	-141.982535	-141.975418	-141.965081	
67.9277	-142.019051	-141.982535	-141.975418	-141.965081	
67.93783	-142.019051	-141.982535	-141.975418	-141.965081	
67.94799	-142.019051	-141.982535	-141.975418	-141.965081	
67.95821	-142.019051	-141.991261	-141.975418	-141.965081	
67.96835	-142.019051	-141.999988	-141.975418	-141.965081	
67.97846	-142.019051	-141.999988	-141.975418	-141.965081	
67.98868	-142.019051	-141.999988	-141.975418	-141.965081	
67.99886	-142.019051	-141.999988	-141.975418	-141.965081	
68.00893	-142.019051	-141.999988	-141.975418	-141.965081	
68.01914	-142.019051	-141.999988	-141.975418	-141.965081	
68.0293	-142.019051	-141.999988	-141.975418	-141.965081	
68.03948	-142.019051	-141.999988	-141.975418	-141.965081	
68.0496	-142.019051	-141.999988	-141.975418	-141.965081	
68.05974	-142.019051	-141.999988	-141.975418	-141.965081	
68.06993	-142.019051	-141.999988	-141.975418	-141.965081	
68.0801	-142.019051	-141.999988	-141.975418	-141.965081	
68.09024	-142.019051	-141.999988	-141.975418	-141.965081	
68.10039	-142.019051	-141.999988	-141.975418	-141.965081	
68.11059	-142.019051	-141.999988	-141.975418	-141.965081	
68.12073	-142.019051	-141.999988	-141.975418	-141.965081	
68.13088	-142.019051	-141.999988	-141.975418	-141.965081	
68.14103	-142.019051	-141.999988	-141.975418	-141.965081	
68.15916	-142.019051	-141.999988	-141.975418	-141.965081	
68.1638	-142.019051	-141.999988	-141.975418	-141.965081	
68.174	-142.019051	-141.999988	-141.975418	-141.965081	
68.19338	-142.019051	-141.999988	-141.975418	-141.965081	
68.19803	-142.019051	-141.999988	-141.975418	-141.965081	
68.20824	-142.019051	-141.999988	-141.975418	-141.965081	
68.21859	-142.019051	-141.999988	-141.975418	-141.965081	
68.22879	-142.019051	-141.999988	-141.975418	-141.965081	
68.23969	-142.019051	-141.999988	-141.975418	-141.965081	
68.24901	-142.019051	-141.999988	-141.975418	-141.965081	
68.25917	-142.019051	-141.999988	-141.975418	-141.965081	
68.26934	-142.019051	-141.999988	-141.975418	-141.965081	
68.27957	-142.019051	-141.999988	-141.975418	-141.965081	
68.28979	-142.019051	-141.999988	-141.975418	-141.965081	
68.29987	-142.019051	-141.999988	-141.975418	-141.965081	
68.31007	-142.019051	-141.999988	-141.975418	-141.965081	
68.32026	-142.019051	-141.999988	-141.975418	-141.965081	
68.33033	-142.019051	-141.999988	-141.975418	-141.965081	
68.34053	-142.019051	-141.999988	-141.975418	-141.965081	
68.3507	-142.019051	-141.999988	-141.975418	-141.965081	
68.36081	-142.019051	-141.999988	-141.975418	-141.965081	
68.37097	-142.019051	-141.999988	-141.975418	-141.965081	
68.38121	-142.019051	-141.999988	-141.975418	-141.965081	
68.39141	-142.019051	-142.008715	-141.975418	-141.965081	
68.40146	-142.019051	-142.008715	-141.975418	-141.965081	
68.41158	-142.019051	-142.008715	-141.975418	-141.965081	
68.42176	-142.019051	-142.008715	-141.975418	-141.965081	
68.43195	-142.019051	-142.017441	-141.975418	-141.965081	
68.44213	-142.019051	-142.017441	-141.975418	-141.965081	
68.45219	-142.019051	-142.017441	-141.975418	-141.965081	
68.46242	-142.019051	-142.017441	-141.975418	-141.965081	
68.47267	-142.019051	-142.017441	-141.975418	-141.965081	
68.49064	-142.019051	-142.017441	-141.975418	-141.965081	
68.49526	-142.019051	-142.017441	-141.975418	-141.965081	
68.5054	-142.019051	-142.017441	-141.975418	-141.965081	
68.5158	-142.019051	-142.017441	-141.975418	-141.965081	
68.52578	-142.019051	-142.017441	-141.975418	-141.965081	
68.53598	-142.019051	-142.017441	-141.975418	-141.965081	
68.54618	-142.019051	-142.017441	-141.975418	-141.965081	
68.5563	-142.019051	-142.008715	-141.975418	-141.965081	
68.56653	-142.019051	-142.008715	-141.975418	-141.965081	
68.57668	-142.019051	-142.008715	-141.975418	-141.965081	
68.58679	-142.019051	-141.999988	-141.975418	-141.965081	
68.59697	-142.019051	-141.999988	-141.975418	-141.965081	
68.60717	-142.019051	-141.999988	-141.975418	-141.965081	
68.61751	-142.019051	-141.999988	-141.975418	-141.965081	
68.62744	-142.019051	-141.999988	-141.975418	-141.965081	
68.63763	-142.019051	-141.999988	-141.975418	-141.965081	
68.64792	-142.019051	-141.991261	-141.975418	-141.965081	
68.658	-142.019051	-141.982535	-141.975418	-141.965081	
68.66818	-142.019051	-141.973808	-141.975418	-141.965081	
68.67838	-142.019051	-141.965081	-141.975418	-141.965081	
68.68859	-142.019051	-141.956355	-141.975418	-141.965081	
68.69867	-142.019051	-141.947628	-141.975418	-141.965081	
68.70906	-142.019051	-141.947628	-141.975418	-141.965081	
68.71899	-142.019051	-141.938901	-141.975418	-141.965081	
68.72918	-142.019051	-141.947628	-141.975418	-141.965081	
68.73932	-142.019051	-141.947628	-141.975418	-141.965081	
68.74949	-142.019051	-141.947628	-141.975418	-141.965081	
68.75959	-142.019051	-141.956355	-141.975418	-141.965081	
68.76985	-142.019051	-141.956355	-141.975418	-141.965081	
68.77994	-142.019051	-141.965081	-141.975418	-141.965081	
68.79013	-142.019051	-141.982535	-141.975418	-141.965081	
68.80029	-142.019051	-141.999988	-141.975418	-141.965081	
68.81041	-142.019051	-142.008715	-141.975418	-141.965081	
68.82058	-142.019051	-142.034895	-141.975418	-141.965081	
68.83082	-142.019051	-142.043621	-141.975418	-141.965081	
68.84096	-142.019051	-142.061074	-141.975418	-141.965081	
68.85104	-142.019051	-142.069801	-141.975418	-141.965081	
68.86136	-142.019051	-142.078528	-141.975418	-141.965081	
68.87139	-142.019051	-142.087254	-141.975418	-141.965081	
68.88156	-142.019051	-142.087254	-141.975418	-141.965081	
68.89164	-142.019051	-142.087254	-141.975418	-141.965081	
68.90365	-142.019051	-142.078528	-141.975418	-141.965081	
68.91199	-142.019051	-142.069801	-141.975418	-141.965081	
68.92221	-142.019051	-142.052348	-141.975418	-141.965081	
68.93235	-142.019051	-142.043621	-141.975418	-141.965081	
68.94253	-142.019051	-142.034895	-141.975418	-141.965081	
68.95275	-142.019051	-142.017441	-141.975418	-141.965081	
68.96286	-142.019051	-141.999988	-141.975418	-141.965081	
68.9731	-142.019051	-141.999988	-141.975418	-141.965081	
68.98326	-142.019051	-141.991261	-141.975418	-141.965081	
68.99338	-142.019051	-141.982535	-141.975418	-141.965081	
69.0035	-142.019051	-141.973808	-141.975418	-141.965081	
69.01366	-142.019051	-141.973808	-141.975418	-141.965081	
69.02398	-142.019051	-141.973808	-141.975418	-141.965081	
69.03415	-142.019051	-141.982535	-141.975418	-141.965081	
69.04428	-142.019051	-141.982535	-141.975418	-141.965081	
69.05447	-142.019051	-141.999988	-141.975418	-141.965081	
69.06471	-142.019051	-142.008715	-141.975418	-141.965081	
69.07477	-142.019051	-142.017441	-141.975418	-141.965081	
69.085	-142.019051	-142.026168	-141.975418	-141.965081	
69.09514	-142.019051	-142.034895	-141.975418	-141.965081	
69.10527	-142.019051	-142.043621	-141.975418	-141.965081	
69.11543	-142.019051	-142.052348	-141.975418	-141.965081	
69.12561	-142.019051	-142.052348	-141.975418	-141.965081	
69.13584	-142.019051	-142.061074	-141.975418	-141.965081	
69.14597	-142.019051	-142.052348	-141.975418	-141.965081	
69.15612	-142.019051	-142.052348	-141.975418	-141.965081	
69.16638	-142.019051	-142.043621	-141.975418	-141.965081	
69.17649	-142.019051	-142.034895	-141.975418	-141.965081	
69.196	-142.019051	-142.017441	-141.975418	-141.965081	
69.20072	-142.019051	-142.008715	-141.975418	-141.965081	
69.21081	-142.019051	-141.999988	-141.975418	-141.965081	
69.22101	-142.019051	-141.999988	-141.975418	-141.965081	
69.23123	-142.019051	-141.982535	-141.975418	-141.965081	
69.2421	-142.019051	-141.973808	-141.975418	-141.965081	
69.25225	-142.019051	-141.965081	-141.975418	-141.965081	
69.26244	-142.019051	-141.965081	-141.975418	-141.965081	
69.27263	-142.019051	-141.965081	-141.975418	-141.965081	
69.29064	-142.019051	-141.973808	-141.975418	-141.965081	
69.29534	-142.019051	-141.973808	-141.975418	-141.965081	
69.30548	-142.019051	-141.991261	-141.975418	-141.965081	
69.31563	-142.019051	-141.999988	-141.975418	-141.965081	
69.32582	-142.019051	-142.017441	-141.975418	-141.965081	
69.33601	-142.019051	-142.026168	-141.975418	-141.965081	
69.35426	-142.019051	-142.052348	-141.975418	-141.965081	
69.35898	-142.019051	-142.052348	-141.975418	-141.965081	
69.36912	-142.019051	-142.061074	-141.975418	-141.965081	
69.37925	-142.019051	-142.061074	-141.975418	-141.965081	
69.38942	-142.019051	-142.052348	-141.975418	-141.965081	
69.39959	-142.019051	-142.043621	-141.975418	-141.965081	
69.40979	-142.019051	-142.034895	-141.975418	-141.965081	
69.41994	-142.019051	-142.034895	-141.975418	-141.965081	
69.43005	-142.019051	-142.017441	-141.975418	-141.965081	
69.44024	-142.019051	-142.008715	-141.975418	-141.965081	
69.45043	-142.019051	-141.999988	-141.975418	-141.965081	
69.46053	-142.019051	-141.991261	-141.975418	-141.965081	
69.47076	-142.019051	-141.982535	-141.975418	-141.965081	
69.48089	-142.019051	-141.982535	-141.975418	-141.965081	
69.491	-142.019051	-141.973808	-141.975418	-141.965081	
69.50126	-142.019051	-141.973808	-141.975418	-141.965081	
69.51139	-142.019051	-141.973808	-141.975418	-141.965081	
69.52154	-142.019051	-141.982535	-141.975418	-141.965081	
69.53165	-142.019051	-141.991261	-141.975418	-141.965081	
69.54183	-142.019051	-141.999988	-141.975418	-141.965081	
69.55203	-142.019051	-142.017441	-141.975418	-141.965081	
69.56215	-142.019051	-142.026168	-141.975418	-141.965081	
69.5723	-142.019051	-142.034895	-141.975418	-141.965081	
69.58254	-142.019051	-142.043621	-141.975418	-141.965081	
69.59272	-142.019051	-142.061074	-141.975418	-141.965081	
69.60283	-142.019051	-142.061074	-141.975418	-141.965081	
69.61297	-142.019051	-142.061074	-141.975418	-141.965081	
69.62318	-142.019051	-142.061074	-141.975418	-141.965081	
69.6333	-142.019051	-142.061074	-141.975418	-141.965081	
69.64344	-142.019051	-142.052348	-141.975418	-141.965081	
69.65404	-142.019051	-142.043621	-141.975418	-141.965081	
69.66459	-142.019051	-142.034895	-141.975418	-141.965081	
69.67441	-142.019051	-142.017441	-141.975418	-141.965081	
69.68457	-142.019051	-142.008715	-141.975418	-141.965081	
69.69479	-142.019051	-141.999988	-141.975418	-141.965081	
69.70492	-142.019051	-141.982535	-141.975418	-141.965081	
69.71508	-142.019051	-141.973808	-141.975418	-141.965081	
69.72529	-142.019051	-141.965081	-141.975418	-141.965081	
69.73544	-142.019051	-141.965081	-141.975418	-141.965081	
69.74557	-142.019051	-141.965081	-141.975418	-141.965081	
69.7557	-142.019051	-141.965081	-141.975418	-141.965081	
69.76594	-142.019051	-141.973808	-141.975418	-141.965081	
69.77615	-142.019051	-141.982535	-141.975418	-141.965081	
69.78631	-142.019051	-141.999988	-141.975418	-141.965081	
69.79644	-142.019051	-142.017441	-141.975418	-141.965081	
69.80667	-142.019051	-142.034895	-141.975418	-141.965081	
69.81684	-142.019051	-142.043621	-141.975418	-141.965081	
69.82695	-142.019051	-142.052348	-141.975418	-141.965081	
69.83713	-142.019051	-142.069801	-141.975418	-141.965081	
69.84732	-142.019051	-142.069801	-141.975418	-141.965081	
69.85738	-142.019051	-142.069801	-141.975418	-141.965081	
69.86757	-142.019051	-142.069801	-141.975418	-141.965081	
69.87777	-142.019051	-142.061074	-141.975418	-141.965081	
69.88798	-142.019051	-142.052348	-141.975418	-141.965081	
69.8981	-142.019051	-142.034895	-141.975418	-141.965081	
69.90823	-142.019051	-142.026168	-141.975418	-141.965081	
69.91849	-142.019051	-142.017441	-141.975418	-141.965081	
69.92856	-142.019051	-141.999988	-141.975418	-141.965081	
69.93873	-142.019051	-141.991261	-141.975418	-141.965081	
69.94888	-142.019051	-141.973808	-141.975418	-141.965081	
69.95907	-142.019051	-141.965081	-141.975418	-141.965081	
69.96941	-142.019051	-141.965081	-141.975418	-141.965081	
69.97959	-142.019051	-141.965081	-141.975418	-141.965081	
69.98984	-142.019051	-141.965081	-141.975418	-141.965081	
69.99995	-142.019051	-141.973808	-141.975418	-141.965081	
70.01006	-142.019051	-141.982535	-141.975418	-141.965081	
70.02023	-142.019051	-141.999988	-141.975418	-141.965081	
70.03047	-142.019051	-142.008715	-141.975418	-141.965081	
70.04059	-142.019051	-142.026168	-141.975418	-141.965081	
70.05069	-142.019051	-142.043621	-141.975418	-141.965081	
70.06083	-142.019051	-142.052348	-141.975418	-141.965081	
70.07103	-142.019051	-142.069801	-141.975418	-141.965081	
70.08914	-142.019051	-142.069801	-141.975418	-141.965081	
70.09385	-142.019051	-142.069801	-141.975418	-141.965081	
70.10408	-142.019051	-142.061074	-141.975418	-141.965081	
70.11421	-142.019051	-142.052348	-141.975418	-141.965081	
70.12436	-142.019051	-142.043621	-141.975418	-141.965081	
70.13462	-142.019051	-142.034895	-141.975418	-141.965081	
70.14481	-142.019051	-142.017441	-141.975418	-141.965081	
70.15486	-142.019051	-142.008715	-141.975418	-141.965081	
70.16512	-142.019051	-141.999988	-141.975418	-141.965081	
70.17526	-142.019051	-141.982535	-141.975418	-141.965081	
70.18691	-142.019051	-141.973808	-141.975418	-141.965081	
70.19547	-142.019051	-141.965081	-141.975418	-141.965081	
70.20574	-142.019051	-141.965081	-141.975418	-141.965081	
70.21598	-142.019051	-141.965081	-141.975418	-141.965081	
70.2261	-142.019051	-141.965081	-141.975418	-141.965081	
70.23624	-142.019051	-141.973808	-141.975418	-141.965081	
70.24653	-142.019051	-141.991261	-141.975418	-141.965081	
70.25658	-142.019051	-141.999988	-141.975418	-141.965081	
70.26673	-142.019051	-142.017441	-141.975418	-141.965081	
70.27685	-142.019051	-142.034895	-141.975418	-141.965081	
70.28711	-142.019051	-142.043621	-141.975418	-141.965081	
70.29725	-142.019051	-142.061074	-141.975418	-141.965081	
70.30738	-142.019051	-142.069801	-141.975418	-141.965081	
70.31755	-142.019051	-142.069801	-141.975418	-141.965081	
70.32775	-142.019051	-142.069801	-141.975418	-141.965081	
70.3379	-142.019051	-142.061074	-141.975418	-141.965081	
70.34805	-142.019051	-142.052348	-141.975418	-141.965081	
70.3582	-142.019051	-142.043621	-141.975418	-141.965081	
70.36841	-142.019051	-142.034895	-141.975418	-141.965081	
70.37852	-142.019051	-142.026168	-141.975418	-141.965081	
70.3887	-142.019051	-142.008715	-141.975418	-141.965081	
70.39894	-142.019051	-141.999988	-141.975418	-141.965081	
70.40905	-142.019051	-141.991261	-141.975418	-141.965081	
70.4192	-142.019051	-141.973808	-141.975418	-141.965081	
70.42939	-142.019051	-141.965081	-141.975418	-141.965081	
70.43957	-142.019051	-141.965081	-141.975418	-141.965081	
70.44971	-142.019051	-141.965081	-141.975418	-141.965081	
70.45996	-142.019051	-141.965081	-141.975418	-141.965081	
70.47016	-142.019051	-141.973808	-141.975418	-141.965081	
70.48025	-142.019051	-141.982535	-141.975418	-141.965081	
70.49041	-142.019051	-141.999988	-141.975418	-141.965081	
70.50054	-142.019051	-142.008715	-141.975418	-141.965081	
70.51073	-142.019051	-142.026168	-141.975418	-141.965081	
70.52094	-142.019051	-142.034895	-141.975418	-141.965081	
70.53102	-142.019051	-142.052348	-141.975418	-141.965081	
70.5492	-142.019051	-142.061074	-141.975418	-141.965081	
70.55388	-142.019051	-142.069801	-141.975418	-141.965081	
70.56406	-142.019051	-142.078528	-141.975418	-141.965081	
70.57417	-142.019051	-142.069801	-141.975418	-141.965081	
70.58442	-142.019051	-142.069801	-141.975418	-141.965081	
70.59453	-142.019051	-142.052348	-141.975418	-141.965081	
70.60496	-142.019051	-142.043621	-141.975418	-141.965081	
70.61492	-142.019051	-142.026168	-141.975418	-141.965081	
70.62505	-142.019051	-142.008715	-141.975418	-141.965081	
70.63519	-142.019051	-141.999988	-141.975418	-141.965081	
70.64535	-142.019051	-141.982535	-141.975418	-141.965081	
70.65552	-142.019051	-141.965081	-141.975418	-141.965081	
70.6657	-142.019051	-141.956355	-141.975418	-141.965081	
70.67585	-142.019051	-141.947628	-141.975418	-141.965081	
70.68604	-142.019051	-141.947628	-141.975418	-141.965081	
70.69623	-142.019051	-141.947628	-141.975418	-141.965081	
70.70641	-142.019051	-141.956355	-141.975418	-141.965081	
70.71656	-142.019051	-141.973808	-141.975418	-141.965081	
70.72678	-142.019051	-141.991261	-141.975418	-141.965081	
70.73695	-142.019051	-142.008715	-141.975418	-141.965081	
70.74705	-142.019051	-142.034895	-141.975418	-141.965081	
70.7572	-142.019051	-142.052348	-141.975418	-141.965081	
70.76742	-142.019051	-142.069801	-141.975418	-141.965081	
70.77746	-142.019051	-142.078528	-141.975418	-141.965081	
70.78772	-142.019051	-142.087254	-141.975418	-141.965081	
70.79784	-142.019051	-142.087254	-141.975418	-141.965081	
70.80807	-142.019051	-142.078528	-141.975418	-141.965081	
70.81821	-142.019051	-142.069801	-141.975418	-141.965081	
70.82847	-142.019051	-142.052348	-141.975418	-141.965081	
70.83866	-142.019051	-142.034895	-141.975418	-141.965081	
70.84873	-142.019051	-142.017441	-141.975418	-141.965081	
70.85893	-142.019051	-141.999988	-141.975418	-141.965081	
70.86901	-142.019051	-141.982535	-141.975418	-141.965081	
70.87919	-142.019051	-141.965081	-141.975418	-141.965081	
70.88932	-142.019051	-141.947628	-141.975418	-141.965081	
70.89977	-142.019051	-141.947628	-141.975418	-141.965081	
70.90959	-142.019051	-141.947628	-141.975418	-141.965081	
70.91994	-142.019051	-141.947628	-141.975418	-141.965081	
70.9301	-142.019051	-141.965081	-141.975418	-141.965081	
70.94021	-142.019051	-141.973808	-141.975418	-141.965081	
70.95041	-142.019051	-141.999988	-141.975418	-141.965081	
70.96056	-142.019051	-142.017441	-141.975418	-141.965081	
70.97082	-142.019051	-142.034895	-141.975418	-141.965081	
70.98096	-142.019051	-142.052348	-141.975418	-141.965081	
70.99121	-142.019051	-142.069801	-141.975418	-141.965081	
71.00132	-142.019051	-142.087254	-141.975418	-141.965081	
71.01138	-142.019051	-142.087254	-141.975418	-141.965081	
71.02168	-142.019051	-142.087254	-141.975418	-141.965081	
71.03175	-142.019051	-142.078528	-141.975418	-141.965081	
71.04189	-142.019051	-142.069801	-141.975418	-141.965081	
71.05201	-142.019051	-142.052348	-141.975418	-141.965081	
71.06214	-142.019051	-142.034895	-141.975418	-141.965081	
71.07237	-142.019051	-142.008715	-141.975418	-141.965081	
71.08255	-142.019051	-141.991261	-141.975418	-141.965081	
71.09274	-142.019051	-141.973808	-141.975418	-141.965081	
71.10295	-142.019051	-141.965081	-141.975418	-141.965081	
71.11304	-142.019051	-141.956355	-141.975418	-141.965081	
71.12335	-142.019051	-141.947628	-141.975418	-141.965081	
71.13354	-142.019051	-141.947628	-141.975418	-141.965081	
71.14374	-142.019051	-141.956355	-141.975418	-141.965081	
71.15388	-142.019051	-141.965081	-141.975418	-141.965081	
71.16405	-142.019051	-141.982535	-141.975418	-141.965081	
71.17424	-142.019051	-141.999988	-141.975418	-141.965081	
71.18437	-142.019051	-142.017441	-141.975418	-141.965081	
71.19457	-142.019051	-142.034895	-141.975418	-141.965081	
71.20474	-142.019051	-142.052348	-141.975418	-141.965081	
71.21499	-142.019051	-142.069801	-141.975418	-141.965081	
71.2251	-142.019051	-142.087254	-141.975418	-141.965081	
71.23528	-142.019051	-142.095981	-141.975418	-141.965081	
71.2455	-142.019051	-142.095981	-141.975418	-141.965081	
71.25563	-142.019051	-142.087254	-141.975418	-141.965081	
71.26578	-142.019051	-142.078528	-141.975418	-141.965081	
71.27592	-142.019051	-142.061074	-141.975418	-141.965081	
71.28613	-142.019051	-142.034895	-141.975418	-141.965081	
71.29631	-142.019051	-142.017441	-141.975418	-141.965081	
71.3065	-142.019051	-141.991261	-141.975418	-141.965081	
71.31663	-142.019051	-141.965081	-141.975418	-141.965081	
71.32685	-142.019051	-141.956355	-141.975418	-141.965081	
71.34515	-142.019051	-141.930175	-141.975418	-141.965081	
71.34989	-142.019051	-141.930175	-141.975418	-141.965081	
71.3601	-142.019051	-141.938901	-141.975418	-141.965081	
71.37022	-142.019051	-141.947628	-141.975418	-141.965081	
71.38049	-142.019051	-141.965081	-141.975418	-141.965081	
71.39063	-142.019051	-141.991261	-141.975418	-141.965081	
71.40075	-142.019051	-142.017441	-141.975418	-141.965081	
71.41087	-142.019051	-142.043621	-141.975418	-141.965081	
71.421	-142.019051	-142.069801	-141.975418	-141.965081	
71.43963	-142.019051	-142.078528	-141.975418	-141.965081	
71.4443	-142.019051	-142.087254	-141.975418	-141.965081	
71.45449	-142.019051	-142.087254	-141.975418	-141.965081	
71.46468	-142.019051	-142.087254	-141.975418	-141.965081	
71.47482	-142.019051	-142.078528	-141.975418	-141.965081	
71.48499	-142.019051	-142.061074	-141.975418	-141.965081	
71.49516	-142.019051	-142.043621	-141.975418	-141.965081	
71.50529	-142.019051	-142.026168	-141.975418	-141.965081	
71.51546	-142.019051	-141.999988	-141.975418	-141.965081	
71.52563	-142.019051	-141.982535	-141.975418	-141.965081	
71.53783	-142.019051	-141.965081	-141.975418	-141.965081	
71.54796	-142.019051	-141.947628	-141.975418	-141.965081	
71.55808	-142.019051	-141.938901	-141.975418	-141.965081	
71.56826	-142.019051	-141.938901	-141.975418	-141.965081	
71.57851	-142.019051	-141.947628	-141.975418	-141.965081	
71.58868	-142.019051	-141.965081	-141.975418	-141.965081	
71.59888	-142.019051	-141.973808	-141.975418	-141.965081	
71.60904	-142.019051	-141.999988	-141.975418	-141.965081	
71.61916	-142.019051	-142.017441	-141.975418	-141.965081	
71.62935	-142.019051	-142.043621	-141.975418	-141.965081	
71.63949	-142.019051	-142.069801	-141.975418	-141.965081	
71.64961	-142.019051	-142.078528	-141.975418	-141.965081	
71.65973	-142.019051	-142.087254	-141.975418	-141.965081	
71.66995	-142.019051	-142.087254	-141.975418	-141.965081	
71.68017	-142.019051	-142.078528	-141.975418	-141.965081	
71.69029	-142.019051	-142.069801	-141.975418	-141.965081	
71.70045	-142.019051	-142.052348	-141.975418	-141.965081	
71.71066	-142.019051	-142.034895	-141.975418	-141.965081	
71.72079	-142.019051	-142.017441	-141.975418	-141.965081	
71.73092	-142.019051	-141.999988	-141.975418	-141.965081	
71.74116	-142.019051	-141.982535	-141.975418	-141.965081	
71.7513	-142.019051	-141.965081	-141.975418	-141.965081	
71.76139	-142.019051	-141.947628	-141.975418	-141.965081	
71.77157	-142.019051	-141.938901	-141.975418	-141.965081	
71.78171	-142.019051	-141.938901	-141.975418	-141.965081	
71.79191	-142.019051	-141.938901	-141.975418	-141.965081	
71.80204	-142.019051	-141.956355	-141.975418	-141.965081	
71.81221	-142.019051	-141.973808	-141.975418	-141.965081	
71.82234	-142.019051	-141.999988	-141.975418	-141.965081	
71.8326	-142.019051	-142.017441	-141.975418	-141.965081	
71.84274	-142.019051	-142.034895	-141.975418	-141.965081	
71.85286	-142.019051	-142.061074	-141.975418	-141.965081	
71.86309	-142.019051	-142.078528	-141.975418	-141.965081	
71.87323	-142.019051	-142.095981	-141.975418	-141.965081	
71.88337	-142.019051	-142.104708	-141.975418	-141.965081	
71.89358	-142.019051	-142.104708	-141.975418	-141.965081	
71.90375	-142.019051	-142.087254	-141.975418	-141.965081	
71.91391	-142.019051	-142.069801	-141.975418	-141.965081	
71.92408	-142.019051	-142.052348	-141.975418	-141.965081	
71.93425	-142.019051	-142.026168	-141.975418	-141.965081	
71.94444	-142.019051	-141.999988	-141.975418	-141.965081	
71.95462	-142.019051	-141.973808	-141.975418	-141.965081	
71.96479	-142.019051	-141.956355	-141.975418	-141.965081	
71.97506	-142.019051	-141.938901	-141.975418	-141.965081	
71.98518	-142.019051	-141.930175	-141.975418	-141.965081	
71.99528	-142.019051	-141.930175	-141.975418	-141.965081	
72.00546	-142.019051	-141.930175	-141.975418	-141.965081	
72.01567	-142.019051	-141.938901	-141.975418	-141.965081	
72.02578	-142.019051	-141.965081	-141.975418	-141.965081	
72.03594	-142.019051	-141.982535	-141.975418	-141.965081	
72.04614	-142.019051	-142.008715	-141.975418	-141.965081	
72.05632	-142.019051	-142.034895	-141.975418	-141.965081	
72.07465	-142.019051	-142.061074	-141.975418	-141.965081	
72.07935	-142.019051	-142.087254	-141.975418	-141.965081	
72.0895	-142.019051	-142.104708	-141.975418	-141.965081	
72.09962	-142.019051	-142.104708	-141.975418	-141.965081	
72.10985	-142.019051	-142.104708	-141.975418	-141.965081	
72.11997	-142.019051	-142.104708	-141.975418	-141.965081	
72.13014	-142.019051	-142.087254	-141.975418	-141.965081	
72.14026	-142.019051	-142.069801	-141.975418	-141.965081	
72.15047	-142.019051	-142.043621	-141.975418	-141.965081	
72.16062	-142.019051	-142.017441	-141.975418	-141.965081	
72.17075	-142.019051	-141.982535	-141.975418	-141.965081	
72.18091	-142.019051	-141.965081	-141.975418	-141.965081	
72.19971	-142.019051	-141.938901	-141.975418	-141.965081	
72.20438	-142.019051	-141.930175	-141.975418	-141.965081	
72.2146	-142.019051	-141.921448	-141.975418	-141.965081	
72.22474	-142.019051	-141.930175	-141.975418	-141.965081	
72.23488	-142.019051	-141.938901	-141.975418	-141.965081	
72.24579	-142.019051	-141.956355	-141.975418	-141.965081	
72.25522	-142.019051	-141.973808	-141.975418	-141.965081	
72.26538	-142.019051	-141.999988	-141.975418	-141.965081	
72.27549	-142.019051	-142.034895	-141.975418	-141.965081	
72.28567	-142.019051	-142.061074	-141.975418	-141.965081	
72.29588	-142.019051	-142.078528	-141.975418	-141.965081	
72.306	-142.019051	-142.095981	-141.975418	-141.973808	
72.31617	-142.019051	-142.104708	-141.975418	-141.973808	
72.32635	-142.019051	-142.104708	-141.975418	-141.973808	
72.33649	-142.019051	-142.095981	-141.975418	-141.973808	
72.34669	-142.019051	-142.078528	-141.975418	-141.973808	
72.35684	-142.019051	-142.061074	-141.975418	-141.973808	
72.36706	-142.019051	-142.034895	-141.975418	-141.973808	
72.3772	-142.019051	-142.008715	-141.975418	-141.973808	
72.38737	-142.019051	-141.982535	-141.975418	-141.973808	
72.39753	-142.019051	-141.965081	-141.975418	-141.982535	
72.40771	-142.019051	-141.947628	-141.975418	-141.982535	
72.41783	-142.019051	-141.938901	-141.975418	-141.982535	
72.42801	-142.019051	-141.947628	-141.975418	-141.999988	
72.43819	-142.019051	-141.956355	-141.975418	-141.999988	
72.44841	-142.019051	-141.973808	-141.975418	-142.017441	
72.45855	-142.019051	-141.999988	-141.975418	-142.026168	
72.46905	-142.019051	-142.026168	-141.975418	-142.034895	
72.47893	-142.019051	-142.052348	-141.975418	-142.043621	
72.48915	-142.019051	-142.078528	-141.975418	-142.052348	
72.49913	-142.019051	-142.104708	-141.975418	-142.052348	
72.50938	-142.019051	-142.130888	-141.975418	-142.052348	
72.51954	-142.019051	-142.139614	-141.975418	-142.052348	
72.52962	-142.019051	-142.139614	-141.975418	-142.052348	
72.53983	-142.019051	-142.139614	-141.975418	-142.052348	
72.55004	-142.019051	-142.122161	-141.975418	-142.052348	
72.56017	-142.019051	-142.104708	-141.975418	-142.052348	
72.57029	-142.019051	-142.087254	-141.975418	-142.052348	
72.58059	-142.019051	-142.069801	-141.975418	-142.052348	
72.59082	-142.019051	-142.043621	-141.975418	-142.052348	
72.60091	-142.019051	-142.026168	-141.975418	-142.052348	
72.61104	-142.019051	-141.999988	-141.975418	-142.052348	
72.6213	-142.019051	-141.991261	-141.975418	-142.052348	
72.63138	-142.019051	-141.982535	-141.975418	-142.052348	
72.64164	-142.019051	-141.982535	-141.975418	-142.052348	
72.65164	-142.019051	-141.982535	-141.975418	-142.052348	
72.66184	-142.019051	-141.991261	-141.975418	-142.052348	
72.672	-142.019051	-141.999988	-141.975418	-142.052348	
72.68218	-142.019051	-142.008715	-141.975418	-142.052348	
72.6925	-142.019051	-142.017441	-141.975418	-142.052348	
72.70254	-142.019051	-142.026168	-141.975418	-142.052348	
72.72063	-142.019051	-142.034895	-141.975418	-142.043621	
72.72533	-142.019051	-142.043621	-141.975418	-142.034895	
72.73542	-142.019051	-142.052348	-141.975418	-142.026168	
72.7456	-142.019051	-142.052348	-141.975418	-142.008715	
72.75571	-142.019051	-142.052348	-141.975418	-141.999988	
72.76593	-142.019051	-142.052348	-141.975418	-141.982535	
72.77612	-142.019051	-142.043621	-141.975418	-141.965081	
72.78628	-142.019051	-142.043621	-141.975418	-141.956355	
72.7968	-142.019051	-142.034895	-141.975418	-141.938901	
72.80665	-142.019051	-142.034895	-141.975418	-141.930175	
72.81682	-142.019051	-142.017441	-141.975418	-141.921448	
72.82704	-142.019051	-142.008715	-141.975418	-141.921448	
72.83705	-142.019051	-141.999988	-141.975418	-141.912721	
72.84733	-142.019051	-141.999988	-141.975418	-141.921448	
72.85742	-142.019051	-141.982535	-141.975418	-141.921448	
72.86756	-142.019051	-141.973808	-141.975418	-141.930175	
72.8777	-142.019051	-141.965081	-141.975418	-141.930175	
72.88789	-142.019051	-141.965081	-141.975418	-141.930175	
72.89801	-142.019051	-141.965081	-141.975418	-141.930175	
72.90823	-142.019051	-141.965081	-141.975418	-141.930175	
72.91834	-142.019051	-141.965081	-141.975418	-141.930175	
72.92851	-142.019051	-141.965081	-141.975418	-141.930175	
72.93873	-142.019051	-141.965081	-141.975418	-141.930175	
72.94889	-142.019051	-141.965081	-141.975418	-141.930175	
72.95906	-142.019051	-141.965081	-141.975418	-141.930175	
72.96934	-142.019051	-141.965081	-141.975418	-141.930175	
72.97936	-142.019051	-141.965081	-141.975418	-141.930175	
72.98956	-142.019051	-141.965081	-141.975418	-141.930175	
72.99971	-142.019051	-141.965081	-141.975418	-141.930175	
73.00984	-142.019051	-141.965081	-141.975418	-141.930175	
73.01995	-142.019051	-141.965081	-141.975418	-141.930175	
73.03011	-142.019051	-141.965081	-141.975418	-141.930175	
73.0404	-142.019051	-141.965081	-141.975418	-141.930175	
73.05045	-142.019051	-141.965081	-141.975418	-141.930175	
73.0606	-142.019051	-141.965081	-141.975418	-141.930175	
73.07084	-142.019051	-141.965081	-141.975418	-141.930175	
73.08096	-142.019051	-141.965081	-141.975418	-141.930175	
73.09114	-142.019051	-141.965081	-141.975418	-141.930175	
73.10134	-142.019051	-141.965081	-141.975418	-141.930175	
73.11175	-142.019051	-141.965081	-141.975418	-141.930175	
73.12157	-142.019051	-141.965081	-141.975418	-141.930175	
73.13172	-142.019051	-141.965081	-141.975418	-141.930175	
73.14188	-142.019051	-141.965081	-141.975418	-141.930175	
73.15205	-142.019051	-141.965081	-141.975418	-141.930175	
73.1622	-142.019051	-141.965081	-141.975418	-141.930175	
73.17239	-142.019051	-141.965081	-141.975418	-141.930175	
73.18252	-142.019051	-141.965081	-141.975418	-141.930175	
73.19401	-142.019051	-141.965081	-141.975418	-141.930175	
73.20298	-142.019051	-141.965081	-141.975418	-141.930175	
73.21326	-142.019051	-141.965081	-141.975418	-141.930175	
73.22337	-142.019051	-141.965081	-141.975418	-141.930175	
73.23355	-142.019051	-141.965081	-141.975418	-141.930175	
73.24448	-142.019051	-141.965081	-141.975418	-141.930175	
73.25381	-142.019051	-141.965081	-141.975418	-141.930175	
73.26401	-142.019051	-141.965081	-141.975418	-141.930175	
73.27415	-142.019051	-141.965081	-141.975418	-141.930175	
73.28437	-142.019051	-141.965081	-141.975418	-141.930175	
73.29451	-142.019051	-141.965081	-141.975418	-141.930175	
73.30472	-142.019051	-141.965081	-141.975418	-141.930175	
73.31485	-142.019051	-141.965081	-141.975418	-141.938901	
73.32504	-142.019051	-141.965081	-141.975418	-141.947628	
73.33524	-142.019051	-141.973808	-141.975418	-141.947628	
73.34537	-142.019051	-141.982535	-141.975418	-141.965081	
73.35552	-142.019051	-141.999988	-141.975418	-141.965081	
73.36575	-142.019051	-142.008715	-141.975418	-141.982535	
73.37597	-142.019051	-142.026168	-141.975418	-141.991261	
73.38604	-142.019051	-142.034895	-141.975418	-141.999988	
73.39628	-142.019051	-142.052348	-141.975418	-142.008715	
73.40638	-142.019051	-142.069801	-141.975418	-142.017441	
73.4166	-142.019051	-142.078528	-141.975418	-142.017441	
73.4268	-142.019051	-142.087254	-141.975418	-142.017441	
73.43699	-142.019051	-142.087254	-141.975418	-142.017441	
73.44721	-142.019051	-142.087254	-141.975418	-142.017441	
73.4573	-142.019051	-142.087254	-141.975418	-142.017441	
73.46764	-142.019051	-142.087254	-141.975418	-142.017441	
73.47767	-142.019051	-142.087254	-141.975418	-142.017441	
73.48784	-142.019051	-142.087254	-141.975418	-142.017441	
73.49791	-142.019051	-142.087254	-141.975418	-142.017441	
73.50806	-142.019051	-142.087254	-141.975418	-142.017441	
73.5183	-142.019051	-142.087254	-141.975418	-142.017441	
73.52852	-142.019051	-142.087254	-141.975418	-142.017441	
73.5387	-142.019051	-142.087254	-141.975418	-142.017441	
73.54879	-142.019051	-142.087254	-141.975418	-142.017441	
73.55902	-142.019051	-142.087254	-141.975418	-142.017441	
73.56921	-142.019051	-142.087254	-141.975418	-142.017441	
73.57927	-142.019051	-142.087254	-141.975418	-142.017441	
73.58944	-142.019051	-142.087254	-141.975418	-142.017441	
73.59958	-142.019051	-142.087254	-141.975418	-142.017441	
73.60971	-142.019051	-142.087254	-141.975418	-142.017441	
73.61989	-142.019051	-142.087254	-141.975418	-142.017441	
73.63004	-142.019051	-142.087254	-141.975418	-142.017441	
73.64028	-142.019051	-142.087254	-141.975418	-142.017441	
73.6504	-142.019051	-142.087254	-141.975418	-142.017441	
73.66051	-142.019051	-142.087254	-141.975418	-142.017441	
73.67069	-142.019051	-142.087254	-141.975418	-142.017441	
73.68088	-142.019051	-142.087254	-141.975418	-142.017441	
73.691	-142.019051	-142.087254	-141.975418	-142.017441	
73.70911	-142.019051	-142.087254	-141.975418	-142.017441	
73.71372	-142.019051	-142.087254	-141.975418	-142.017441	
73.72386	-142.019051	-142.087254	-141.975418	-142.017441	
73.73406	-142.019051	-142.087254	-141.975418	-142.017441	
73.74429	-142.019051	-142.087254	-141.975418	-142.017441	
73.75442	-142.019051	-142.087254	-141.975418	-142.026168	
73.76463	-142.019051	-142.087254	-141.975418	-142.026168	
73.77487	-142.019051	-142.087254	-141.975418	-142.026168	
73.78501	-142.019051	-142.087254	-141.975418	-142.034895	
73.79508	-142.019051	-142.087254	-141.975418	-142.034895	
73.80527	-142.019051	-142.095981	-141.975418	-142.043621	
73.81551	-142.019051	-142.095981	-141.975418	-142.052348	
73.82563	-142.019051	-142.095981	-141.975418	-142.061074	
73.83579	-142.019051	-142.095981	-141.975418	-142.069801	
73.84602	-142.019051	-142.095981	-141.975418	-142.069801	
73.85613	-142.019051	-142.095981	-141.975418	-142.069801	
73.86637	-142.019051	-142.095981	-141.975418	-142.069801	
73.87647	-142.019051	-142.095981	-141.975418	-142.069801	
73.88667	-142.019051	-142.095981	-141.975418	-142.069801	
73.89682	-142.019051	-142.095981	-141.975418	-142.069801	
73.90694	-142.019051	-142.095981	-141.975418	-142.069801	
73.91708	-142.019051	-142.095981	-141.975418	-142.069801	
73.92732	-142.019051	-142.095981	-141.975418	-142.069801	
73.93741	-142.019051	-142.095981	-141.975418	-142.069801	
73.94771	-142.019051	-142.095981	-141.975418	-142.069801	
73.95773	-142.019051	-142.095981	-141.975418	-142.069801	
73.96791	-142.019051	-142.095981	-141.975418	-142.069801	
73.97807	-142.019051	-142.095981	-141.975418	-142.069801	
73.98821	-142.019051	-142.095981	-141.975418	-142.069801	
73.99838	-142.019051	-142.095981	-141.975418	-142.069801	
74.00854	-142.019051	-142.095981	-141.975418	-142.069801	
74.0188	-142.019051	-142.095981	-141.975418	-142.069801	
74.02887	-142.019051	-142.095981	-141.975418	-142.069801	
74.03907	-142.019051	-142.095981	-141.975418	-142.069801	
74.0493	-142.019051	-142.095981	-141.975418	-142.069801	
74.05933	-142.019051	-142.095981	-141.975418	-142.069801	
74.06957	-142.019051	-142.095981	-141.975418	-142.069801	
74.07971	-142.019051	-142.095981	-141.975418	-142.069801	
74.08983	-142.019051	-142.095981	-141.975418	-142.069801	
74.10003	-142.019051	-142.095981	-141.975418	-142.069801	
74.11016	-142.019051	-142.095981	-141.975418	-142.069801	
74.12032	-142.019051	-142.095981	-141.975418	-142.069801	
74.13047	-142.019051	-142.095981	-141.975418	-142.069801	
74.1406	-142.019051	-142.095981	-141.975418	-142.069801	
74.15081	-142.019051	-142.095981	-141.975418	-142.069801	
74.16102	-142.019051	-142.095981	-141.975418	-142.069801	
74.17116	-142.019051	-142.095981	-141.975418	-142.069801	
74.18132	-142.019051	-142.104708	-141.975418	-142.069801	
74.19146	-142.019051	-142.104708	-141.975418	-142.069801	
74.20205	-142.019051	-142.122161	-141.975418	-142.069801	
74.21173	-142.019051	-142.130888	-141.975418	-142.069801	
74.22189	-142.019051	-142.139614	-141.975418	-142.069801	
74.23209	-142.019051	-142.148341	-141.975418	-142.069801	
74.24218	-142.019051	-142.157068	-141.975418	-142.069801	
74.25239	-142.019051	-142.157068	-141.975418	-142.069801	
74.26254	-142.019051	-142.157068	-141.975418	-142.069801	
74.28064	-142.019051	-142.157068	-141.975418	-142.069801	
74.28529	-142.019051	-142.157068	-141.975418	-142.069801	
74.29549	-142.019051	-142.157068	-141.975418	-142.069801	
74.30567	-142.019051	-142.157068	-141.975418	-142.069801	
74.31579	-142.019051	-142.157068	-141.975418	-142.069801	
74.32595	-142.019051	-142.157068	-141.975418	-142.069801	
74.33613	-142.019051	-142.157068	-141.975418	-142.069801	
74.34632	-142.019051	-142.157068	-141.975418	-142.069801	
74.35648	-142.019051	-142.157068	-141.975418	-142.069801	
74.36694	-142.019051	-142.157068	-141.975418	-142.069801	
74.377	-142.019051	-142.157068	-141.975418	-142.069801	
74.38714	-142.019051	-142.157068	-141.975418	-142.069801	
74.39731	-142.019051	-142.157068	-141.975418	-142.069801	
74.4075	-142.019051	-142.157068	-141.975418	-142.069801	
74.41766	-142.019051	-142.157068	-141.975418	-142.069801	
74.42778	-142.019051	-142.157068	-141.975418	-142.069801	
74.43796	-142.019051	-142.157068	-141.975418	-142.069801	
74.44817	-142.019051	-142.157068	-141.975418	-142.069801	
74.45828	-142.019051	-142.157068	-141.975418	-142.069801	
74.46859	-142.019051	-142.157068	-141.975418	-142.069801	
74.47869	-142.019051	-142.157068	-141.975418	-142.069801	
74.48885	-142.019051	-142.157068	-141.975418	-142.069801	
74.49891	-142.019051	-142.157068	-141.975418	-142.069801	
74.50909	-142.019051	-142.157068	-141.975418	-142.061074	
74.51931	-142.019051	-142.148341	-141.975418	-142.052348	
74.52948	-142.019051	-142.139614	-141.975418	-142.052348	
74.53959	-142.019051	-142.122161	-141.975418	-142.034895	
74.54985	-142.019051	-142.104708	-141.975418	-142.034895	
74.55995	-142.019051	-142.087254	-141.975418	-142.017441	
74.57008	-142.019051	-142.069801	-141.975418	-142.008715	
74.58021	-142.019051	-142.052348	-141.975418	-141.999988	
74.59041	-142.019051	-142.034895	-141.975418	-141.999988	
74.60852	-142.019051	-141.999988	-141.975418	-141.982535	
74.61323	-142.019051	-141.999988	-141.975418	-141.982535	
74.62362	-142.019051	-141.991261	-141.975418	-141.982535	
74.63363	-142.019051	-141.982535	-141.975418	-141.982535	
74.64373	-142.019051	-141.982535	-141.975418	-141.991261	
74.65432	-142.019051	-141.982535	-141.975418	-141.999988	
74.66407	-142.019051	-141.991261	-141.975418	-141.999988	
74.67423	-142.019051	-141.999988	-141.975418	-141.999988	
74.68445	-142.019051	-142.008715	-141.975418	-141.999988	
74.69459	-142.019051	-142.017441	-141.975418	-141.991261	
74.70478	-142.019051	-142.026168	-141.975418	-141.991261	
74.71495	-142.019051	-142.034895	-141.975418	-141.982535	
74.72511	-142.019051	-142.043621	-141.975418	-141.982535	
74.73538	-142.019051	-142.043621	-141.975418	-141.991261	
74.74543	-142.019051	-142.052348	-141.975418	-141.991261	
74.75556	-142.019051	-142.052348	-141.975418	-141.999988	
74.76578	-142.019051	-142.052348	-141.975418	-141.999988	
74.77595	-142.019051	-142.052348	-141.975418	-141.999988	
74.7861	-142.019051	-142.043621	-141.975418	-141.991261	
74.79627	-142.019051	-142.043621	-141.975418	-141.991261	
74.80645	-142.019051	-142.034895	-141.975418	-141.991261	
74.81667	-142.019051	-142.034895	-141.975418	-141.991261	
74.8268	-142.019051	-142.026168	-141.975418	-141.991261	
74.83695	-142.019051	-142.017441	-141.975418	-141.991261	
74.84717	-142.019051	-142.008715	-141.975418	-141.999988	
74.85731	-142.019051	-141.999988	-141.975418	-141.999988	
74.86741	-142.019051	-141.999988	-141.975418	-141.999988	
74.8776	-142.019051	-141.999988	-141.975418	-141.991261	
74.88791	-142.019051	-141.999988	-141.975418	-141.991261	
74.89787	-142.019051	-141.999988	-141.975418	-141.991261	
74.90807	-142.019051	-141.999988	-141.975418	-141.991261	
74.91831	-142.019051	-141.999988	-141.975418	-141.991261	
74.92851	-142.019051	-141.999988	-141.975418	-141.991261	
74.93868	-142.019051	-141.999988	-141.975418	-141.999988	
74.94881	-142.019051	-141.999988	-141.975418	-141.999988	
74.95902	-142.019051	-141.999988	-141.975418	-141.999988	
74.96918	-142.019051	-141.999988	-141.975418	-141.991261	
74.9793	-142.019051	-141.999988	-141.975418	-141.991261	
74.98946	-142.019051	-141.999988	-141.975418	-141.991261	
74.99964	-142.019051	-141.999988	-141.975418	-141.991261	
75.00979	-142.019051	-142.008715	-141.975418	-141.991261	
75.01993	-142.019051	-142.008715	-141.975418	-141.999988	
75.03006	-142.019051	-142.008715	-141.975418	-141.999988	
75.04022	-142.019051	-142.017441	-141.975418	-141.999988	
75.05034	-142.019051	-142.017441	-141.975418	-141.991261	
75.06049	-142.019051	-142.008715	-141.975418	-141.991261	
75.07066	-142.019051	-142.008715	-141.975418	-141.991261	
75.08082	-142.019051	-142.008715	-141.975418	-141.991261	
75.09099	-142.019051	-142.008715	-141.975418	-141.991261	
75.10122	-142.019051	-142.008715	-141.975418	-141.991261	
75.11135	-142.019051	-142.008715	-141.975418	-141.999988	
75.12155	-142.019051	-142.008715	-141.975418	-141.999988	
75.1316	-142.019051	-142.008715	-141.975418	-141.999988	
75.14182	-142.019051	-142.008715	-141.975418	-141.991261	
75.15198	-142.019051	-142.008715	-141.975418	-141.991261	
75.16206	-142.019051	-142.008715	-141.975418	-141.991261	
75.17224	-142.019051	-142.008715	-141.975418	-141.991261	
75.18239	-142.019051	-142.008715	-141.975418	-141.991261	
75.19271	-142.019051	-142.008715	-141.975418	-141.991261	
75.20306	-142.019051	-142.008715	-141.975418	-141.999988	
75.21319	-142.019051	-142.008715	-141.975418	-141.999988	
75.22344	-142.019051	-142.008715	-141.975418	-141.999988	
75.23357	-142.019051	-142.008715	-141.975418	-141.991261	
75.24365	-142.019051	-142.008715	-141.975418	-141.991261	
75.25388	-142.019051	-142.008715	-141.975418	-141.991261	
75.26405	-142.019051	-142.008715	-141.975418	-141.991261	
75.27414	-142.019051	-142.008715	-141.975418	-141.991261	
75.28432	-142.019051	-142.008715	-141.975418	-141.991261	
75.29452	-142.019051	-142.008715	-141.975418	-141.999988	
75.30473	-142.019051	-142.008715	-141.975418	-141.999988	
75.3149	-142.019051	-142.008715	-141.975418	-141.999988	
75.32502	-142.019051	-142.008715	-141.975418	-141.991261	
75.33522	-142.019051	-142.008715	-141.975418	-141.991261	
75.34544	-142.019051	-142.008715	-141.975418	-141.991261	
75.35552	-142.019051	-142.008715	-141.975418	-141.991261	
75.36573	-142.019051	-142.008715	-141.975418	-141.991261	
75.37588	-142.019051	-142.008715	-141.975418	-141.991261	
75.38602	-142.019051	-142.008715	-141.975418	-141.999988	
75.39615	-142.019051	-142.008715	-141.975418	-141.999988	
75.40636	-142.019051	-142.008715	-141.975418	-141.999988	
75.41663	-142.019051	-142.008715	-141.975418	-141.991261	
75.42674	-142.019051	-142.008715	-141.975418	-141.991261	
75.4369	-142.019051	-142.008715	-141.975418	-141.991261	
75.44709	-142.019051	-142.008715	-141.975418	-141.991261	
75.4572	-142.019051	-142.008715	-141.975418	-141.991261	
75.46737	-142.019051	-142.008715	-141.975418	-141.991261	
75.47755	-142.019051	-142.008715	-141.975418	-141.999988	
75.48772	-142.019051	-142.008715	-141.975418	-141.999988	
75.49781	-142.019051	-142.008715	-141.975418	-141.999988	
75.50796	-142.019051	-142.008715	-141.975418	-141.991261	
75.5182	-142.019051	-142.008715	-141.975418	-141.991261	
75.5284	-142.019051	-142.008715	-141.975418	-141.991261	
75.54651	-142.019051	-142.008715	-141.975418	-141.991261	
75.55131	-142.019051	-142.008715	-141.975418	-141.991261	
75.56146	-142.019051	-142.008715	-141.975418	-141.999988	
75.57155	-142.019051	-142.008715	-141.975418	-141.999988	
75.58164	-142.019051	-142.008715	-141.975418	-141.991261	
75.59188	-142.019051	-142.008715	-141.975418	-141.991261	
75.60197	-142.019051	-142.008715	-141.975418	-141.982535	
75.61211	-142.019051	-142.008715	-141.975418	-141.991261	
75.62238	-142.019051	-142.008715	-141.975418	-141.991261	
75.63254	-142.019051	-142.008715	-141.975418	-141.991261	
75.64275	-142.019051	-142.008715	-141.975418	-141.999988	
75.65283	-142.019051	-142.008715	-141.975418	-141.999988	
75.66338	-142.019051	-142.008715	-141.975418	-141.999988	
75.67359	-142.019051	-142.008715	-141.975418	-141.991261	
75.68367	-142.019051	-142.008715	-141.975418	-141.991261	
75.69389	-142.019051	-142.008715	-141.975418	-141.982535	
75.70404	-142.019051	-142.008715	-141.975418	-141.991261	
75.71419	-142.019051	-142.008715	-141.975418	-141.991261	
75.72438	-142.019051	-142.008715	-141.975418	-141.991261	
75.73457	-142.019051	-142.008715	-141.975418	-141.999988	
75.74479	-142.019051	-142.008715	-141.975418	-141.999988	
75.75492	-142.019051	-142.008715	-141.975418	-141.999988	
75.76509	-142.019051	-142.008715	-141.975418	-141.991261	
75.77528	-142.019051	-142.008715	-141.975418	-141.991261	
75.78551	-142.019051	-142.008715	-141.975418	-141.991261	
75.79555	-142.019051	-142.008715	-141.975418	-141.991261	
75.80577	-142.019051	-142.008715	-141.975418	-141.991261	
75.81594	-142.019051	-142.008715	-141.975418	-141.991261	
75.82608	-142.019051	-142.008715	-141.975418	-141.999988	
75.83622	-142.019051	-142.008715	-141.975418	-141.999988	
75.84639	-142.019051	-142.008715	-141.975418	-141.999988	
75.85652	-142.019051	-142.008715	-141.975418	-141.991261	
75.86673	-142.019051	-142.008715	-141.975418	-141.991261	
75.87686	-142.019051	-142.008715	-141.975418	-141.991261	
75.88706	-142.019051	-142.008715	-141.975418	-141.991261	
75.89723	-142.019051	-142.008715	-141.975418	-141.991261	
75.90733	-142.019051	-142.008715	-141.975418	-141.991261	
75.9175	-142.019051	-142.008715	-141.975418	-141.999988	
75.9277	-142.019051	-142.008715	-141.975418	-141.999988	
75.93784	-142.019051	-142.008715	-141.975418	-141.999988	
75.94801	-142.019051	-142.008715	-141.975418	-141.991261	
75.95816	-142.019051	-142.008715	-141.975418	-141.991261	
75.96837	-142.019051	-142.008715	-141.975418	-141.991261	
75.97854	-142.019051	-142.008715	-141.975418	-141.991261	
75.98873	-142.019051	-142.008715	-141.975418	-141.991261	
75.99887	-142.019051	-142.008715	-141.975418	-141.991261	
76.00901	-142.019051	-142.008715	-141.975418	-141.999988	
76.01917	-142.019051	-142.008715	-141.975418	-141.999988	
76.02932	-142.019051	-142.008715	-141.975418	-141.999988	
76.03957	-142.019051	-142.008715	-141.975418	-141.991261	
76.04969	-142.019051	-142.008715	-141.975418	-141.991261	
76.05994	-142.019051	-142.008715	-141.975418	-141.991261	
76.07008	-142.019051	-142.008715	-141.975418	-141.991261	
76.08017	-142.019051	-142.008715	-141.975418	-141.991261	
76.0903	-142.019051	-142.008715	-141.975418	-141.991261	
76.10044	-142.019051	-142.008715	-141.975418	-141.999988	
76.11062	-142.019051	-142.008715	-141.975418	-141.999988	
76.12084	-142.019051	-142.008715	-141.975418	-141.999988	
76.13102	-142.019051	-142.008715	-141.975418	-141.991261	
76.14122	-142.019051	-142.008715	-141.975418	-141.991261	
76.15138	-142.019051	-142.008715	-141.975418	-141.991261	
76.16157	-142.019051	-142.008715	-141.975418	-141.991261	
76.1716	-142.019051	-142.008715	-141.975418	-141.991261	
76.18183	-142.019051	-142.008715	-141.975418	-141.991261	
76.19194	-142.019051	-142.008715	-141.975418	-141.999988	
76.20349	-142.019051	-142.008715	-141.975418	-141.999988	
76.2122	-142.019051	-142.008715	-141.975418	-141.999988	
76.22236	-142.019051	-142.008715	-141.975418	-141.991261	
76.23256	-142.019051	-142.008715	-141.975418	-141.991261	
76.25165	-142.019051	-142.008715	-141.975418	-141.991261	
76.25634	-142.019051	-142.008715	-141.975418	-141.991261	
76.26645	-142.019051	-142.008715	-141.975418	-141.991261	
76.27662	-142.019051	-142.008715	-141.975418	-141.999988	
76.28681	-142.019051	-142.008715	-141.975418	-141.999988	
76.29695	-142.019051	-142.008715	-141.975418	-141.999988	
76.30715	-142.019051	-142.008715	-141.975418	-141.991261	
76.31732	-142.019051	-142.008715	-141.975418	-141.991261	
76.3275	-142.019051	-142.008715	-141.975418	-141.991261	
76.33765	-142.019051	-142.008715	-141.975418	-141.991261	
76.34875	-142.019051	-142.008715	-141.975418	-141.991261	
76.35797	-142.019051	-142.008715	-141.975418	-141.991261	
76.36813	-142.019051	-142.008715	-141.975418	-141.999988	
76.37822	-142.019051	-142.008715	-141.975418	-141.999988	
76.38841	-142.019051	-142.008715	-141.975418	-141.999988	
76.39869	-142.019051	-142.008715	-141.975418	-141.991261	
76.41673	-142.019051	-142.008715	-141.975418	-141.991261	
76.42137	-142.019051	-142.008715	-141.975418	-141.991261	
76.43198	-142.019051	-142.008715	-141.975418	-141.991261	
76.44171	-142.019051	-142.008715	-141.975418	-141.991261	
76.45184	-142.019051	-142.008715	-141.975418	-141.991261	
76.46201	-142.019051	-142.008715	-141.975418	-141.999988	
76.47219	-142.019051	-142.008715	-141.975418	-141.999988	
76.48234	-142.019051	-142.008715	-141.975418	-141.999988	
76.49243	-142.019051	-142.008715	-141.975418	-141.991261	
76.50303	-142.019051	-142.008715	-141.975418	-141.991261	
76.51291	-142.019051	-142.008715	-141.975418	-141.991261	
76.52311	-142.019051	-142.008715	-141.975418	-141.991261	
76.53325	-142.019051	-142.008715	-141.975418	-141.991261	
76.56906	-142.019051	-142.008715	-141.975418	-141.991261	
76.57378	-142.019051	-142.008715	-141.975418	-141.991261	
76.58401	-142.019051	-142.008715	-141.975418	-141.991261	
76.5941	-142.019051	-142.008715	-141.975418	-141.991261	
76.60441	-142.019051	-142.008715	-141.975418	-141.991261	
76.61444	-142.019051	-142.008715	-141.975418	-141.991261	
76.62465	-142.019051	-142.008715	-141.975418	-141.991261	
76.63485	-142.019051	-142.008715	-141.975418	-141.991261	
76.64498	-142.019051	-142.008715	-141.975418	-141.991261	
76.6552	-142.019051	-142.008715	-141.975418	-141.991261	
76.66539	-142.019051	-142.008715	-141.975418	-141.991261	
76.6755	-142.019051	-142.008715	-141.975418	-141.991261	
76.68567	-142.019051	-142.008715	-141.975418	-141.991261	
76.69586	-142.019051	-142.008715	-141.975418	-141.991261	
76.70599	-142.019051	-142.008715	-141.975418	-141.991261	
76.71614	-142.019051	-142.008715	-141.975418	-141.991261	
76.72636	-142.019051	-142.008715	-141.975418	-141.991261	
76.73655	-142.019051	-142.008715	-141.975418	-141.991261	
76.74674	-142.019051	-142.008715	-141.975418	-141.991261	
76.7568	-142.019051	-142.008715	-141.975418	-141.991261	
76.76728	-142.019051	-142.008715	-141.975418	-141.991261	
76.77717	-142.019051	-142.008715	-141.975418	-141.991261	
76.78786	-142.019051	-142.008715	-141.975418	-141.991261	
76.79753	-142.019051	-142.008715	-141.975418	-141.991261	
76.8077	-142.019051	-142.008715	-141.975418	-141.991261	
76.81792	-142.019051	-142.008715	-141.975418	-141.991261	
76.828	-142.019051	-142.008715	-141.975418	-141.991261	
76.83819	-142.019051	-142.008715	-141.975418	-141.991261	
76.84841	-142.019051	-142.008715	-141.975418	-141.991261	
76.85847	-142.019051	-142.008715	-141.975418	-141.991261	
76.86872	-142.019051	-142.008715	-141.975418	-141.991261	
76.87884	-142.019051	-142.008715	-141.975418	-141.991261	
76.88904	-142.019051	-142.008715	-141.975418	-141.991261	
76.89928	-142.019051	-142.008715	-141.975418	-141.991261	
76.91996	-142.019051	-142.008715	-141.975418	-141.991261	
76.92469	-142.019051	-142.008715	-141.975418	-141.991261	
76.9348	-142.019051	-142.008715	-141.975418	-141.991261	
76.94497	-142.019051	-142.008715	-141.975418	-141.991261	
76.95516	-142.019051	-142.008715	-141.975418	-141.991261	
76.9653	-142.019051	-142.008715	-141.975418	-141.991261	
76.97573	-142.019051	-142.008715	-141.975418	-141.991261	
76.98569	-142.019051	-142.008715	-141.975418	-141.991261	
76.9958	-142.019051	-142.008715	-141.975418	-141.991261	
77.00595	-142.019051	-142.008715	-141.975418	-141.991261	
77.01608	-142.019051	-142.008715	-141.975418	-141.991261	
77.0263	-142.019051	-142.008715	-141.975418	-141.991261	
77.03643	-142.019051	-142.008715	-141.975418	-141.991261	
77.04656	-142.019051	-142.008715	-141.975418	-141.991261	
77.05679	-142.019051	-142.008715	-141.975418	-141.991261	
77.06694	-142.019051	-142.008715	-141.975418	-141.991261	
77.07706	-142.019051	-142.008715	-141.975418	-141.991261	
77.08735	-142.019051	-142.008715	-141.975418	-141.991261	
77.09744	-142.019051	-142.008715	-141.975418	-141.991261	
77.10759	-142.019051	-142.008715	-141.975418	-141.991261	
77.11777	-142.019051	-142.008715	-141.975418	-141.991261	
77.12792	-142.019051	-142.008715	-141.975418	-141.991261	
77.13807	-142.019051	-142.008715	-141.975418	-141.991261	
77.1482	-142.019051	-142.008715	-141.975418	-141.991261	
77.15841	-142.019051	-142.008715	-141.975418	-141.991261	
77.1686	-142.019051	-142.008715	-141.975418	-141.991261	
77.18668	-142.019051	-142.008715	-141.975418	-141.991261	
77.19146	-142.019051	-142.008715	-141.975418	-141.991261	
77.20214	-142.019051	-142.008715	-141.975418	-141.991261	
77.21164	-142.019051	-142.008715	-141.975418	-141.991261	
77.22184	-142.019051	-142.008715	-141.975418	-141.991261	
77.23195	-142.019051	-142.008715	-141.975418	-141.991261	
77.24212	-142.019051	-142.008715	-141.975418	-141.991261	
77.25303	-142.019051	-142.008715	-141.975418	-141.991261	
77.2624	-142.019051	-142.008715	-141.975418	-141.991261	
77.27254	-142.019051	-142.008715	-141.975418	-141.991261	
77.29091	-142.019051	-142.008715	-141.975418	-141.991261	
77.29562	-142.019051	-142.008715	-141.975418	-141.991261	
77.3058	-142.019051	-142.008715	-141.975418	-141.991261	
77.31589	-142.019051	-142.008715	-141.975418	-141.991261	
77.32609	-142.019051	-142.008715	-141.975418	-141.991261	
77.33628	-142.019051	-142.008715	-141.975418	-141.991261	
77.34641	-142.019051	-142.008715	-141.975418	-141.991261	
77.35658	-142.019051	-142.008715	-141.975418	-141.991261	
77.36677	-142.019051	-142.008715	-141.975418	-141.991261	
77.37698	-142.019051	-142.008715	-141.975418	-141.991261	
77.38711	-142.019051	-142.008715	-141.975418	-141.991261	
77.39724	-142.019051	-142.008715	-141.975418	-141.991261	
77.40747	-142.019051	-142.008715	-141.975418	-141.991261	
77.41766	-142.019051	-142.008715	-141.975418	-141.991261	
77.42772	-142.019051	-142.008715	-141.975418	-141.991261	
77.43796	-142.019051	-142.008715	-141.975418	-141.991261	
77.4481	-142.019051	-142.008715	-141.975418	-141.991261	
77.45816	-142.019051	-142.008715	-141.975418	-141.991261	
77.46837	-142.019051	-142.008715	-141.975418	-141.991261	
77.47853	-142.019051	-142.008715	-141.975418	-141.991261	
77.48875	-142.019051	-142.008715	-141.975418	-141.991261	
77.49886	-142.019051	-142.008715	-141.975418	-141.991261	
77.50897	-142.019051	-142.008715	-141.975418	-141.991261	
77.51926	-142.019051	-142.008715	-141.975418	-141.991261	
77.5294	-142.019051	-142.008715	-141.975418	-141.991261	
77.53945	-142.019051	-142.008715	-141.975418	-141.991261	
77.54965	-142.019051	-142.008715	-141.975418	-141.991261	
77.55988	-142.019051	-142.008715	-141.975418	-141.991261	
77.57001	-142.019051	-142.008715	-141.975418	-141.991261	
77.5801	-142.019051	-142.008715	-141.975418	-141.991261	
77.59054	-142.019051	-142.008715	-141.975418	-141.991261	
77.60048	-142.019051	-142.008715	-141.975418	-141.991261	
77.61057	-142.019051	-142.008715	-141.975418	-141.991261	
77.62076	-142.019051	-142.008715	-141.975418	-141.991261	
77.63087	-142.019051	-142.008715	-141.975418	-141.991261	
77.64126	-142.019051	-142.008715	-141.975418	-141.991261	
77.65133	-142.019051	-142.008715	-141.975418	-141.991261	
77.66144	-142.019051	-142.008715	-141.975418	-141.991261	
77.67162	-142.019051	-142.008715	-141.975418	-141.991261	
77.68176	-142.019051	-142.008715	-141.975418	-141.991261	
77.69189	-142.019051	-142.008715	-141.975418	-141.991261	
77.70205	-142.019051	-142.008715	-141.975418	-141.991261	
77.7123	-142.019051	-142.008715	-141.975418	-141.991261	
77.72237	-142.019051	-142.008715	-141.975418	-141.991261	
77.73253	-142.019051	-142.008715	-141.975418	-141.991261	
77.74276	-142.019051	-142.008715	-141.975418	-141.991261	
77.75337	-142.019051	-142.008715	-141.975418	-141.991261	
77.76348	-142.019051	-142.008715	-141.975418	-141.991261	
77.77365	-142.019051	-142.008715	-141.975418	-141.991261	
77.78389	-142.019051	-142.008715	-141.975418	-141.991261	
77.79399	-142.019051	-142.008715	-141.975418	-141.991261	
77.80418	-142.019051	-142.008715	-141.975418	-141.991261	
77.81438	-142.019051	-142.008715	-141.975418	-141.991261	
77.82454	-142.019051	-142.008715	-141.975418	-141.991261	
77.83481	-142.019051	-142.008715	-141.975418	-141.991261	
77.84488	-142.019051	-142.008715	-141.975418	-141.991261	
77.85499	-142.019051	-142.008715	-141.975418	-141.991261	
77.86524	-142.019051	-142.008715	-141.975418	-141.991261	
77.87536	-142.019051	-142.008715	-141.975418	-141.991261	
77.88552	-142.019051	-142.008715	-141.975418	-141.991261	
77.89573	-142.019051	-142.008715	-141.975418	-141.991261	
77.90584	-142.019051	-142.008715	-141.975418	-141.991261	
77.91617	-142.019051	-142.008715	-141.975418	-141.991261	
77.92617	-142.019051	-142.008715	-141.975418	-141.991261	
77.93639	-142.019051	-142.008715	-141.975418	-141.991261	
77.94649	-142.019051	-142.008715	-141.975418	-141.991261	
77.95664	-142.019051	-142.008715	-141.975418	-141.991261	
77.96683	-142.019051	-142.008715	-141.975418	-141.991261	
77.97709	-142.019051	-142.008715	-141.975418	-141.991261	
77.9872	-142.019051	-142.008715	-141.975418	-141.991261	
77.99733	-142.019051	-142.008715	-141.975418	-141.991261	
78.00751	-142.019051	-142.008715	-141.975418	-141.991261	
78.01798	-142.019051	-142.008715	-141.975418	-141.991261	
78.02784	-142.019051	-142.008715	-141.975418	-141.991261	
78.03805	-142.019051	-142.008715	-141.975418	-141.991261	
78.0482	-142.019051	-142.008715	-141.975418	-141.991261	
78.05826	-142.019051	-142.008715	-141.975418	-141.991261	
78.06867	-142.019051	-142.008715	-141.975418	-141.991261	
78.0788	-142.019051	-142.008715	-141.975418	-141.991261	
78.08904	-142.019051	-142.008715	-141.975418	-141.991261	
78.09911	-142.019051	-142.008715	-141.975418	-141.991261	
78.10923	-142.019051	-142.008715	-141.975418	-141.991261	
78.11948	-142.019051	-142.008715	-141.975418	-141.991261	
78.12968	-142.019051	-142.008715	-141.975418	-141.991261	
78.13982	-142.019051	-142.008715	-141.975418	-141.991261	
78.14996	-142.019051	-142.008715	-141.975418	-141.991261	
