121.5464	-238.029195	-238.028003	-237.985562	-237.95819	
121.5514	-238.031798	-238.028003	-237.988164	-237.95819	
121.5615	-238.039578	-238.028003	-237.995945	-237.95819	
121.573	-238.051158	-238.028003	-238.007525	-237.966917	
121.5822	-238.061955	-238.028003	-238.018322	-237.966917	
121.5924	-238.07622	-238.028003	-238.032587	-237.975644	
121.6026	-238.092459	-238.028003	-238.048825	-237.993097	
121.6297	-238.154762	-238.045457	-238.111129	-238.028003	
121.6346	-238.165442	-238.06291	-238.121809	-238.06291	
121.6447	-238.190246	-238.097817	-238.146613	-238.097817	
121.655	-238.217276	-238.132723	-238.173643	-238.132723	
121.6651	-238.246001	-238.16763	-238.202368	-238.16763	
121.6753	-238.277279	-238.21999	-238.233646	-238.211263	
121.6855	-238.310463	-238.272349	-238.266829	-238.254896	
121.6957	-238.345498	-238.315983	-238.301865	-238.289803	
121.7059	-238.382929	-238.359616	-238.339295	-238.324709	
121.7161	-238.42243	-238.403249	-238.378796	-238.359616	
121.7265	-238.464607	-238.438156	-238.420974	-238.394523	
121.7367	-238.508196	-238.481789	-238.464563	-238.429429	
121.747	-238.554401	-238.525422	-238.510767	-238.464336	
121.7572	-238.60239	-238.569055	-238.558757	-238.516696	
121.7674	-238.652176	-238.621415	-238.608543	-238.560329	
121.7776	-238.704197	-238.665049	-238.660564	-238.621415	
121.7879	-238.758674	-238.726135	-238.71504	-238.673775	
121.7981	-238.81492	-238.778495	-238.771287	-238.726135	
121.8083	-238.873039	-238.830855	-238.829405	-238.795948	
121.8185	-238.933268	-238.883215	-238.889635	-238.848308	
121.8288	-238.9965	-238.935575	-238.952866	-238.909395	
121.8391	-239.061243	-238.996661	-239.01761	-238.970481	
121.8492	-239.127256	-239.057748	-239.083623	-239.040294	
121.8595	-239.196513	-239.118834	-239.15288	-239.110108	
121.8699	-239.268597	-239.188647	-239.224964	-239.179921	
121.8799	-239.340506	-239.258461	-239.296873	-239.249734	
121.8901	-239.41534	-239.337	-239.371706	-239.319547	
121.9004	-239.492909	-239.424267	-239.449276	-239.406813	
121.9106	-239.572316	-239.511533	-239.528683	-239.485353	
121.9208	-239.653184	-239.5988	-239.609551	-239.563893	
121.931	-239.736202	-239.694793	-239.692569	-239.659886	
121.9496	-239.896733	-239.790786	-239.8531	-239.738426	
121.9544	-239.937817	-239.912959	-239.894184	-239.869326	
121.9647	-240.028785	-240.017679	-239.985152	-239.965319	
121.9832	-240.2004	-240.113672	-240.156767	-240.061312	
121.9881	-240.245677	-240.235845	-240.202043	-240.192212	
121.9986	-240.346889	-240.340565	-240.303256	-240.296931	
122.0086	-240.443862	-240.436558	-240.400228	-240.401651	
122.0189	-240.544831	-240.541278	-240.501197	-240.506371	
122.0293	-240.649271	-240.637271	-240.605637	-240.611091	
122.0393	-240.749741	-240.74199	-240.706107	-240.71581	
122.0496	-240.852631	-240.837983	-240.808997	-240.829257	
122.06	-240.956131	-240.942703	-240.912497	-240.933977	
122.0732	-241.088471	-241.038696	-241.044837	-241.02997	
122.0885	-241.241651	-241.239409	-241.198017	-241.221956	
122.0936	-241.291931	-241.291769	-241.248297	-241.274316	
122.1037	-241.393261	-241.396489	-241.349627	-241.361582	
122.1139	-241.495821	-241.501209	-241.452187	-241.466302	
122.1241	-241.597371	-241.605928	-241.553737	-241.553568	
122.1344	-241.700241	-241.710648	-241.656607	-241.658288	
122.1446	-241.802491	-241.806641	-241.758857	-241.745555	
122.1548	-241.904341	-241.902634	-241.860707	-241.832821	
122.1651	-242.007531	-242.007354	-241.963897	-241.937541	
122.1752	-242.108091	-242.112074	-242.064457	-242.024807	
122.1854	-242.209801	-242.208067	-242.166167	-242.1208	
122.1956	-242.312271	-242.30406	-242.268637	-242.216794	
122.2058	-242.414451	-242.40878	-242.370817	-242.321513	
122.216	-242.515891	-242.504773	-242.472257	-242.426233	
122.2262	-242.618041	-242.600766	-242.574407	-242.522226	
122.2364	-242.720501	-242.705486	-242.676867	-242.626946	
122.2467	-242.822851	-242.801479	-242.779217	-242.740392	
122.2568	-242.924361	-242.906199	-242.880727	-242.845112	
122.267	-243.026511	-243.002192	-242.982877	-242.949832	
122.2773	-243.129291	-243.106912	-243.085657	-243.054552	
122.2874	-243.230551	-243.202905	-243.186917	-243.159271	
122.2977	-243.333081	-243.307624	-243.289447	-243.263991	
122.308	-243.436321	-243.412344	-243.392687	-243.368711	
122.3181	-243.537371	-243.517064	-243.493737	-243.473431	
122.3284	-243.640111	-243.63051	-243.596477	-243.57815	
122.3385	-243.741661	-243.743957	-243.698027	-243.68287	
122.349	-243.846511	-243.83995	-243.802877	-243.778863	
122.3591	-243.946951	-243.94467	-243.903317	-243.874856	
122.3692	-244.048241	-244.049389	-244.004607	-243.979576	
122.3794	-244.150081	-244.154109	-244.106447	-244.084296	
122.3897	-244.252981	-244.258829	-244.209347	-244.189016	
122.3999	-244.355301	-244.354822	-244.311667	-244.285009	
122.4102	-244.458351	-244.459542	-244.414717	-244.389729	
122.4202	-244.558531	-244.564261	-244.514897	-244.494448	
122.4305	-244.661251	-244.660255	-244.617617	-244.599168	
122.4407	-244.763261	-244.756248	-244.719627	-244.703888	
122.451	-244.865831	-244.852241	-244.822197	-244.808608	
122.4615	-244.971701	-244.956961	-244.928067	-244.913327	
122.4715	-245.071451	-245.052954	-245.027817	-245.00932	
122.4815	-245.171651	-245.148947	-245.128017	-245.11404	
122.4918	-245.274161	-245.253666	-245.230527	-245.210033	
122.5022	-245.378071	-245.34966	-245.334437	-245.314753	
122.5204	-245.560691	-245.532919	-245.517057	-245.498013	
122.5253	-245.609241	-245.585279	-245.565607	-245.532919	
122.5357	-245.713541	-245.681272	-245.669907	-245.637639	
122.5457	-245.813581	-245.785992	-245.769947	-245.742359	
122.5559	-245.916221	-245.899438	-245.872587	-245.847078	
122.5662	-246.018101	-246.004158	-245.974467	-245.951798	
122.5764	-246.120091	-246.108878	-246.076457	-246.056518	
122.5866	-246.221961	-246.222324	-246.178327	-246.169964	
122.5969	-246.325151	-246.327044	-246.281517	-246.274684	
122.6071	-246.427431	-246.431764	-246.383797	-246.379404	
122.6172	-246.527801	-246.536483	-246.484167	-246.484124	
122.6274	-246.630641	-246.641203	-246.587007	-246.59757	
122.6376	-246.732641	-246.745923	-246.689007	-246.70229	
122.6478	-246.834571	-246.841916	-246.790937	-246.80701	
122.658	-246.936591	-246.937909	-246.892957	-246.911729	
122.6682	-247.038561	-247.033902	-246.994927	-247.016449	
122.6785	-247.141171	-247.138622	-247.097537	-247.121169	
122.6888	-247.243991	-247.234615	-247.200357	-247.208435	
122.6989	-247.345041	-247.330608	-247.301407	-247.313155	
122.7092	-247.448581	-247.435328	-247.404947	-247.409148	
122.7193	-247.549311	-247.540048	-247.505677	-247.505141	
122.7295	-247.651611	-247.636041	-247.607977	-247.592408	
122.7399	-247.755051	-247.740761	-247.711417	-247.688401	
122.75	-247.856051	-247.84548	-247.812417	-247.784394	
122.7602	-247.958591	-247.9502	-247.914957	-247.87166	
122.7704	-248.060551	-248.046193	-248.016917	-247.967653	
122.7807	-248.163431	-248.150913	-248.119797	-248.063647	
122.7909	-248.265111	-248.255633	-248.221477	-248.168366	
122.801	-248.366401	-248.360353	-248.322767	-248.264359	
122.8114	-248.470171	-248.465072	-248.426537	-248.369079	
122.8216	-248.572151	-248.569792	-248.528517	-248.473799	
122.8317	-248.673701	-248.674512	-248.630067	-248.587245	
122.8418	-248.774701	-248.770505	-248.731067	-248.700692	
122.8521	-248.877501	-248.875225	-248.833867	-248.814138	
122.8624	-248.980101	-248.979944	-248.936467	-248.918858	
122.8725	-249.081551	-249.075938	-249.037917	-249.032304	
122.8827	-249.183001	-249.180657	-249.139367	-249.145751	
122.893	-249.286631	-249.285377	-249.242997	-249.25047	
122.9037	-249.393021	-249.38137	-249.349387	-249.346464	
122.9133	-249.489741	-249.48609	-249.446107	-249.451183	
122.9236	-249.592461	-249.59081	-249.548827	-249.547176	
122.9426	-249.782031	-249.686803	-249.738397	-249.651896	
122.9475	-249.831461	-249.826429	-249.787827	-249.765343	
122.9577	-249.933481	-249.931149	-249.889847	-249.861336	
122.968	-250.035951	-250.035869	-249.992317	-249.966055	
122.9782	-250.138071	-250.140588	-250.094437	-250.053322	
122.9884	-250.240431	-250.245308	-250.196797	-250.140588	
122.9986	-250.341761	-250.350028	-250.298127	-250.245308	
123.0088	-250.444461	-250.454748	-250.400827	-250.350028	
123.019	-250.546461	-250.550741	-250.502827	-250.446021	
123.0293	-250.649601	-250.646734	-250.605967	-250.542014	
123.0395	-250.751231	-250.742727	-250.707597	-250.646734	
123.0497	-250.852921	-250.83872	-250.809287	-250.76018	
123.06	-250.955881	-250.94344	-250.912247	-250.873627	
123.0702	-251.057981	-251.039433	-251.014347	-250.978346	
123.0804	-251.160341	-251.135426	-251.116707	-251.091793	
123.0905	-251.261741	-251.240146	-251.218107	-251.205239	
123.1091	-251.447431	-251.336139	-251.403797	-251.318686	
123.114	-251.495881	-251.467039	-251.452247	-251.458312	
123.1242	-251.595136	-251.571758	-251.551502	-251.571758	
123.1345	-251.692904	-251.685205	-251.649271	-251.676478	
123.153	-251.860019	-251.885918	-251.816386	-251.868464	
123.1579	-251.904766	-251.929551	-251.861133	-251.912098	
123.168	-251.994258	-252.042997	-251.950625	-252.016817	
123.1783	-252.082786	-252.147717	-252.039153	-252.104084	
123.1885	-252.16878	-252.252437	-252.125147	-252.200077	
123.1988	-252.253284	-252.339703	-252.209651	-252.26989	
123.2089	-252.334466	-252.435696	-252.290833	-252.357157	
123.2191	-252.41451	-252.514236	-252.370877	-252.42697	
123.2293	-252.492551	-252.592776	-252.448918	-252.50551	
123.2396	-252.568347	-252.653863	-252.524713	-252.566596	
123.2497	-252.64168	-252.723676	-252.598047	-252.636409	
123.26	-252.713972	-252.776036	-252.670338	-252.697496	
123.2702	-252.783918	-252.828395	-252.740284	-252.758582	
123.2804	-252.851649	-252.880755	-252.808016	-252.828395	
123.2906	-252.916948	-252.933115	-252.873314	-252.880755	
123.3009	-252.981038	-252.976748	-252.937404	-252.941842	
123.311	-253.042398	-253.029108	-252.998765	-253.002928	
123.3219	-253.105785	-253.072742	-253.062151	-253.055288	
123.3315	-253.160084	-253.116375	-253.116451	-253.107648	
123.3418	-253.215969	-253.160008	-253.172336	-253.168735	
123.3603	-253.309036	-253.212368	-253.265403	-253.212368	
123.3653	-253.334146	-253.282181	-253.290513	-253.290908	
123.3755	-253.382963	-253.343268	-253.33933	-253.351994	
123.3856	-253.429934	-253.404354	-253.386301	-253.395627	
123.3958	-253.474865	-253.465441	-253.431232	-253.456714	
123.4061	-253.518278	-253.535254	-253.474645	-253.500347	
123.4245	-253.588631	-253.6487	-253.544998	-253.59634	
123.4294	-253.607351	-253.67488	-253.563717	-253.613794	
123.4396	-253.644244	-253.735967	-253.600611	-253.657427	
123.4499	-253.679387	-253.770873	-253.635754	-253.70106	
123.46	-253.712422	-253.80578	-253.668789	-253.72724	
123.4703	-253.743538	-253.840686	-253.699905	-253.744693	
123.4804	-253.772782	-253.85814	-253.729149	-253.770873	
123.4907	-253.800277	-253.875593	-253.756644	-253.788327	
123.501	-253.826083	-253.875593	-253.78245	-253.80578	
123.5111	-253.84975	-253.875593	-253.806117	-253.823233	
123.5295	-253.885532	-253.875593	-253.841898	-253.840686	
123.5345	-253.895348	-253.88432	-253.851714	-253.866866	
123.5446	-253.913351	-253.893046	-253.869718	-253.875593	
123.5548	-253.929674	-253.901773	-253.88604	-253.893046	
123.5651	-253.944468	-253.9105	-253.900834	-253.9105	
123.5753	-253.957624	-253.919226	-253.913991	-253.9105	
123.5854	-253.969117	-253.93668	-253.925484	-253.919226	
123.5957	-253.979198	-253.954133	-253.935565	-253.919226	
123.6059	-253.987833	-253.971586	-253.9442	-253.927953	
123.6161	-253.995096	-253.989039	-253.951462	-253.93668	
123.6264	-254.001079	-253.997766	-253.957446	-253.93668	
123.6366	-254.005888	-254.015219	-253.962255	-253.945406	
123.6468	-254.009628	-254.023946	-253.965995	-253.945406	
123.657	-254.012451	-254.023946	-253.968818	-253.945406	
123.6672	-254.014518	-254.032673	-253.970885	-253.945406	
123.6775	-254.019051	-254.041399	-253.975418	-253.945406	
123.6877	-254.019051	-254.041399	-253.975418	-253.945406	
123.6979	-254.019051	-254.032673	-253.975418	-253.954133	
123.7082	-254.019051	-254.032673	-253.975418	-253.962859	
123.7266	-254.019051	-254.023946	-253.975418	-253.962859	
123.7315	-254.019051	-254.023946	-253.975418	-253.962859	
123.7418	-254.019051	-254.023946	-253.975418	-253.962859	
123.7518	-254.019051	-254.023946	-253.975418	-253.962859	
123.7622	-254.019051	-254.023946	-253.975418	-253.954133	
123.7724	-254.019051	-254.023946	-253.975418	-253.954133	
123.7827	-254.019051	-254.023946	-253.975418	-253.945406	
123.793	-254.019051	-254.032673	-253.975418	-253.945406	
123.8032	-254.019051	-254.032673	-253.975418	-253.945406	
123.8138	-254.019051	-254.032673	-253.975418	-253.954133	
123.8236	-254.019051	-254.032673	-253.975418	-253.954133	
123.8338	-254.019051	-254.032673	-253.975418	-253.962859	
123.8441	-254.019051	-254.032673	-253.975418	-253.962859	
123.8543	-254.019051	-254.032673	-253.975418	-253.962859	
123.8645	-254.019051	-254.032673	-253.975418	-253.962859	
123.8748	-254.019051	-254.032673	-253.975418	-253.962859	
123.885	-254.019051	-254.032673	-253.975418	-253.954133	
123.8951	-254.019051	-254.032673	-253.975418	-253.945406	
123.9053	-254.019051	-254.032673	-253.975418	-253.945406	
123.9161	-254.019051	-254.032673	-253.975418	-253.945406	
123.9258	-254.019051	-254.032673	-253.975418	-253.954133	
123.9361	-254.019051	-254.032673	-253.975418	-253.954133	
123.9463	-254.019051	-254.032673	-253.975418	-253.962859	
123.9565	-254.019051	-254.032673	-253.975418	-253.962859	
123.9668	-254.019051	-254.032673	-253.975418	-253.962859	
123.9771	-254.019051	-254.032673	-253.975418	-253.962859	
123.9872	-254.019051	-254.032673	-253.975418	-253.962859	
123.9975	-254.019051	-254.032673	-253.975418	-253.954133	
124.0077	-254.019051	-254.032673	-253.975418	-253.945406	
124.0181	-254.019051	-254.032673	-253.975418	-253.945406	
124.0285	-254.019051	-254.032673	-253.975418	-253.945406	
124.0388	-254.019051	-254.032673	-253.975418	-253.954133	
124.049	-254.019051	-254.032673	-253.975418	-253.954133	
124.0593	-254.019051	-254.032673	-253.975418	-253.962859	
124.0695	-254.019051	-254.032673	-253.975418	-253.962859	
124.08	-254.019051	-254.032673	-253.975418	-253.962859	
124.09	-254.019051	-254.032673	-253.975418	-253.962859	
124.1003	-254.019051	-254.032673	-253.975418	-253.962859	
124.1105	-254.019051	-254.032673	-253.975418	-253.962859	
124.1209	-254.019051	-254.032673	-253.975418	-253.962859	
124.131	-254.019051	-254.032673	-253.975418	-253.962859	
124.1415	-254.019051	-254.032673	-253.975418	-253.962859	
124.1518	-254.019051	-254.032673	-253.975418	-253.962859	
124.1619	-254.019051	-254.032673	-253.975418	-253.962859	
124.172	-254.019051	-254.032673	-253.975418	-253.954133	
124.1821	-254.019051	-254.032673	-253.975418	-253.954133	
124.2001	-254.019051	-254.032673	-253.975418	-253.945406	
124.2049	-254.019051	-254.032673	-253.975418	-253.945406	
124.2153	-254.019051	-254.032673	-253.975418	-253.945406	
124.2251	-254.019051	-254.032673	-253.975418	-253.954133	
124.2353	-254.019051	-254.032673	-253.975418	-253.962859	
124.2455	-254.019051	-254.032673	-253.975418	-253.962859	
124.2556	-254.019051	-254.032673	-253.975418	-253.971586	
124.2658	-254.019051	-254.032673	-253.975418	-253.971586	
124.276	-254.019051	-254.032673	-253.975418	-253.980313	
124.2862	-254.019051	-254.032673	-253.975418	-253.980313	
124.2964	-254.019051	-254.032673	-253.975418	-253.980313	
124.3066	-254.019051	-254.032673	-253.975418	-253.980313	
124.3255	-254.019051	-254.032673	-253.975418	-253.980313	
124.3301	-254.019051	-254.032673	-253.975418	-253.971586	
124.3403	-254.019051	-254.032673	-253.975418	-253.971586	
124.3505	-254.019051	-254.032673	-253.975418	-253.971586	
124.3607	-254.019051	-254.032673	-253.975418	-253.971586	
124.3708	-254.019051	-254.032673	-253.975418	-253.971586	
124.381	-254.019051	-254.032673	-253.975418	-253.971586	
124.3913	-254.019051	-254.032673	-253.975418	-253.971586	
124.4013	-254.019051	-254.032673	-253.975418	-253.971586	
124.4115	-254.019051	-254.032673	-253.975418	-253.971586	
124.4217	-254.019051	-254.032673	-253.975418	-253.971586	
124.4318	-254.019051	-254.032673	-253.975418	-253.971586	
124.4419	-254.019051	-254.032673	-253.975418	-253.971586	
124.4521	-254.019051	-254.032673	-253.975418	-253.971586	
124.4623	-254.019051	-254.032673	-253.975418	-253.971586	
124.4725	-254.019051	-254.032673	-253.975418	-253.971586	
124.4827	-254.019051	-254.032673	-253.975418	-253.971586	
124.4929	-254.019051	-254.032673	-253.975418	-253.971586	
124.503	-254.019051	-254.032673	-253.975418	-253.971586	
124.5131	-254.019051	-254.032673	-253.975418	-253.971586	
124.5234	-254.019051	-254.032673	-253.975418	-253.971586	
124.5335	-254.019051	-254.032673	-253.975418	-253.971586	
124.5437	-254.019051	-254.032673	-253.975418	-253.971586	
124.5539	-254.019051	-254.032673	-253.975418	-253.971586	
124.5641	-254.019051	-254.032673	-253.975418	-253.971586	
124.5743	-254.019051	-254.032673	-253.975418	-253.971586	
124.5845	-254.019051	-254.032673	-253.975418	-253.971586	
124.5946	-254.019051	-254.032673	-253.975418	-253.971586	
124.6051	-254.019051	-254.032673	-253.975418	-253.971586	
124.615	-254.019051	-254.032673	-253.975418	-253.971586	
124.6279	-254.019051	-254.032673	-253.975418	-253.971586	
124.6356	-254.019051	-254.032673	-253.975418	-253.971586	
124.6459	-254.019051	-254.032673	-253.975418	-253.971586	
124.656	-254.019051	-254.032673	-253.975418	-253.971586	
124.6663	-254.019051	-254.032673	-253.975418	-253.971586	
124.6765	-254.019051	-254.032673	-253.975418	-253.971586	
124.6869	-254.019051	-254.032673	-253.975418	-253.971586	
124.6971	-254.019051	-254.032673	-253.975418	-253.971586	
124.7076	-254.019051	-254.032673	-253.975418	-253.971586	
124.7175	-254.019051	-254.032673	-253.975418	-253.971586	
124.7275	-254.019051	-254.032673	-253.975418	-253.971586	
124.7376	-254.019051	-254.032673	-253.975418	-253.971586	
124.7478	-254.019051	-254.032673	-253.975418	-253.971586	
124.758	-254.019051	-254.032673	-253.975418	-253.971586	
124.7681	-254.019051	-254.032673	-253.975418	-253.971586	
124.7782	-254.019051	-254.032673	-253.975418	-253.971586	
124.7884	-254.019051	-254.032673	-253.975418	-253.971586	
124.7987	-254.019051	-254.032673	-253.975418	-253.971586	
124.8088	-254.019051	-254.032673	-253.975418	-253.971586	
124.819	-254.019051	-254.032673	-253.975418	-253.971586	
124.8291	-254.019051	-254.032673	-253.975418	-253.971586	
124.8393	-254.019051	-254.032673	-253.975418	-253.971586	
124.8494	-254.019051	-254.032673	-253.975418	-253.971586	
124.8596	-254.019051	-254.032673	-253.975418	-253.971586	
124.8699	-254.019051	-254.032673	-253.975418	-253.971586	
124.8801	-254.019051	-254.032673	-253.975418	-253.971586	
124.8902	-254.019051	-254.032673	-253.975418	-253.971586	
124.9021	-254.019051	-254.032673	-253.975418	-253.971586	
124.9105	-254.019051	-254.032673	-253.975418	-253.971586	
124.9208	-254.019051	-254.032673	-253.975418	-253.971586	
124.9308	-254.019051	-254.032673	-253.975418	-253.971586	
124.941	-254.019051	-254.032673	-253.975418	-253.971586	
124.9513	-254.019051	-254.032673	-253.975418	-253.971586	
124.9613	-254.019051	-254.032673	-253.975418	-253.971586	
124.9715	-254.019051	-254.032673	-253.975418	-253.971586	
124.9817	-254.019051	-254.032673	-253.975418	-253.971586	
124.9918	-254.019051	-254.032673	-253.975418	-253.971586	
125.0019	-254.019051	-254.032673	-253.975418	-253.971586	
125.0121	-254.019051	-254.032673	-253.975418	-253.971586	
125.0223	-254.019051	-254.032673	-253.975418	-253.971586	
125.0324	-254.019051	-254.032673	-253.975418	-253.971586	
125.0426	-254.019051	-254.032673	-253.975418	-253.971586	
125.0606	-254.019051	-254.032673	-253.975418	-253.971586	
125.0653	-254.019051	-254.032673	-253.975418	-253.971586	
125.0755	-254.019051	-254.032673	-253.975418	-253.971586	
125.0857	-254.019051	-254.032673	-253.975418	-253.971586	
125.0958	-254.019051	-254.032673	-253.975418	-253.971586	
125.1059	-254.019051	-254.032673	-253.975418	-253.971586	
125.1162	-254.019051	-254.032673	-253.975418	-253.971586	
125.1263	-254.019051	-254.032673	-253.975418	-253.971586	
125.1365	-254.019051	-254.032673	-253.975418	-253.971586	
125.1467	-254.019051	-254.032673	-253.975418	-253.971586	
125.1569	-254.019051	-254.032673	-253.975418	-253.971586	
125.167	-254.019051	-254.032673	-253.975418	-253.971586	
125.1774	-254.019051	-254.032673	-253.975418	-253.971586	
125.1873	-254.019051	-254.032673	-253.975418	-253.971586	
125.1975	-254.019051	-254.032673	-253.975418	-253.971586	
125.2076	-254.019051	-254.032673	-253.975418	-253.971586	
125.2177	-254.019051	-254.032673	-253.975418	-253.971586	
125.2279	-254.019051	-254.032673	-253.975418	-253.971586	
125.2381	-254.019051	-254.032673	-253.975418	-253.971586	
125.2484	-254.019051	-254.032673	-253.975418	-253.971586	
125.2585	-254.019051	-254.032673	-253.975418	-253.971586	
125.2687	-254.019051	-254.032673	-253.975418	-253.971586	
125.2791	-254.019051	-254.032673	-253.975418	-253.971586	
125.289	-254.019051	-254.032673	-253.975418	-253.971586	
125.2991	-254.019051	-254.032673	-253.975418	-253.971586	
125.3093	-254.019051	-254.032673	-253.975418	-253.971586	
125.3199	-254.019051	-254.032673	-253.975418	-253.971586	
125.3296	-254.019051	-254.032673	-253.975418	-253.971586	
125.3399	-254.019051	-254.032673	-253.975418	-253.971586	
125.3501	-254.019051	-254.032673	-253.975418	-253.971586	
125.3601	-254.019051	-254.032673	-253.975418	-253.971586	
125.3703	-254.019051	-254.032673	-253.975418	-253.971586	
125.3806	-254.019051	-254.032673	-253.975418	-253.971586	
125.3907	-254.019051	-254.032673	-253.975418	-253.971586	
125.4008	-254.019051	-254.032673	-253.975418	-253.971586	
125.411	-254.019051	-254.032673	-253.975418	-253.971586	
125.4212	-254.019051	-254.032673	-253.975418	-253.971586	
125.4318	-254.019051	-254.032673	-253.975418	-253.971586	
125.4415	-254.019051	-254.032673	-253.975418	-253.971586	
125.4516	-254.019051	-254.032673	-253.975418	-253.971586	
125.4617	-254.019051	-254.032673	-253.975418	-253.971586	
125.4718	-254.019051	-254.032673	-253.975418	-253.971586	
125.4821	-254.019051	-254.032673	-253.975418	-253.971586	
125.4922	-254.019051	-254.032673	-253.975418	-253.971586	
125.5024	-254.019051	-254.032673	-253.975418	-253.971586	
125.5125	-254.019051	-254.032673	-253.975418	-253.971586	
125.5306	-254.019051	-254.032673	-253.975418	-253.980313	
125.5353	-254.019051	-254.032673	-253.975418	-253.980313	
125.5454	-254.019051	-254.032673	-253.975418	-253.980313	
125.5556	-254.019051	-254.032673	-253.975418	-253.980313	
125.5658	-254.019051	-254.032673	-253.975418	-253.980313	
125.5759	-254.019051	-254.032673	-253.975418	-253.980313	
125.586	-254.019051	-254.032673	-253.975418	-253.980313	
125.5962	-254.019051	-254.032673	-253.975418	-253.980313	
125.6064	-254.019051	-254.032673	-253.975418	-253.980313	
125.6166	-254.019051	-254.032673	-253.975418	-253.980313	
125.6267	-254.019051	-254.032673	-253.975418	-253.980313	
125.6369	-254.019051	-254.032673	-253.975418	-253.980313	
125.6471	-254.019051	-254.032673	-253.975418	-253.980313	
125.6572	-254.019051	-254.032673	-253.975418	-253.980313	
125.6674	-254.019051	-254.032673	-253.975418	-253.980313	
125.6775	-254.019051	-254.032673	-253.975418	-253.980313	
125.6876	-254.019051	-254.032673	-253.975418	-253.980313	
125.6979	-254.019051	-254.032673	-253.975418	-253.980313	
125.708	-254.019051	-254.032673	-253.975418	-253.980313	
125.7182	-254.019051	-254.032673	-253.975418	-253.980313	
125.7284	-254.019051	-254.032673	-253.975418	-253.980313	
125.7385	-254.019051	-254.032673	-253.975418	-253.980313	
125.7488	-254.019051	-254.032673	-253.975418	-253.980313	
125.759	-254.019051	-254.032673	-253.975418	-253.980313	
125.769	-254.019051	-254.032673	-253.975418	-253.980313	
125.7792	-254.019051	-254.032673	-253.975418	-253.980313	
125.7895	-254.019051	-254.032673	-253.975418	-253.980313	
125.7995	-254.019051	-254.032673	-253.975418	-253.980313	
125.8096	-254.019051	-254.032673	-253.975418	-253.980313	
125.8199	-254.019051	-254.032673	-253.975418	-253.980313	
125.83	-254.019051	-254.032673	-253.975418	-253.980313	
125.8404	-254.019051	-254.032673	-253.975418	-253.980313	
125.8502	-254.019051	-254.032673	-253.975418	-253.980313	
125.8605	-254.019051	-254.032673	-253.975418	-253.980313	
125.8707	-254.019051	-254.032673	-253.975418	-253.980313	
125.881	-254.019051	-254.032673	-253.975418	-253.980313	
125.8912	-254.019051	-254.032673	-253.975418	-253.980313	
125.9013	-254.019051	-254.032673	-253.975418	-253.980313	
125.9115	-254.019051	-254.032673	-253.975418	-253.980313	
125.9216	-254.019051	-254.032673	-253.975418	-253.980313	
125.9318	-254.019051	-254.032673	-253.975418	-253.980313	
125.9419	-254.019051	-254.032673	-253.975418	-253.980313	
125.9521	-254.019051	-254.032673	-253.975418	-253.980313	
125.9622	-254.019051	-254.032673	-253.975418	-253.980313	
125.9724	-254.019051	-254.032673	-253.975418	-253.980313	
125.9827	-254.019051	-254.032673	-253.975418	-253.980313	
126.0007	-254.019051	-254.032673	-253.975418	-253.980313	
126.0054	-254.019051	-254.032673	-253.975418	-253.980313	
126.0155	-254.019051	-254.032673	-253.975418	-253.980313	
126.0256	-254.019051	-254.032673	-253.975418	-253.980313	
126.0358	-254.019051	-254.032673	-253.975418	-253.980313	
126.046	-254.019051	-254.032673	-253.975418	-253.980313	
126.0561	-254.019051	-254.032673	-253.975418	-253.980313	
126.0663	-254.019051	-254.032673	-253.975418	-253.980313	
126.0765	-254.019051	-254.032673	-253.975418	-253.980313	
126.0867	-254.019051	-254.032673	-253.975418	-253.980313	
126.0969	-254.019051	-254.032673	-253.975418	-253.980313	
126.107	-254.019051	-254.032673	-253.975418	-253.980313	
126.1172	-254.019051	-254.032673	-253.975418	-253.980313	
126.1274	-254.019051	-254.032673	-253.975418	-253.980313	
126.1375	-254.019051	-254.032673	-253.975418	-253.980313	
126.1477	-254.019051	-254.032673	-253.975418	-253.980313	
126.1579	-254.019051	-254.032673	-253.975418	-253.980313	
126.168	-254.019051	-254.032673	-253.975418	-253.980313	
126.1782	-254.019051	-254.032673	-253.975418	-253.980313	
126.1883	-254.019051	-254.032673	-253.975418	-253.980313	
126.1986	-254.019051	-254.032673	-253.975418	-253.980313	
126.2087	-254.019051	-254.032673	-253.975418	-253.980313	
126.2188	-254.019051	-254.032673	-253.975418	-253.980313	
126.229	-254.019051	-254.032673	-253.975418	-253.980313	
126.2392	-254.019051	-254.032673	-253.975418	-253.980313	
126.2493	-254.019051	-254.032673	-253.975418	-253.980313	
126.2594	-254.019051	-254.032673	-253.975418	-253.980313	
126.2696	-254.019051	-254.032673	-253.975418	-253.980313	
126.2799	-254.019051	-254.032673	-253.975418	-253.980313	
126.298	-254.019051	-254.032673	-253.975418	-253.980313	
126.3107	-254.019051	-254.032673	-253.975418	-253.980313	
126.3153	-254.019051	-254.032673	-253.975418	-253.980313	
126.3357	-254.019051	-254.032673	-253.975418	-253.980313	
126.3406	-254.019051	-254.032673	-253.975418	-253.980313	
126.3506	-254.019051	-254.032673	-253.975418	-253.980313	
126.3607	-254.019051	-254.032673	-253.975418	-253.980313	
126.3709	-254.019051	-254.032673	-253.975418	-253.980313	
126.3812	-254.019051	-254.032673	-253.975418	-253.980313	
126.3992	-254.019051	-254.032673	-253.975418	-253.980313	
126.4039	-254.019051	-254.032673	-253.975418	-253.980313	
126.414	-254.019051	-254.032673	-253.975418	-253.980313	
126.4242	-254.019051	-254.032673	-253.975418	-253.980313	
126.4343	-254.019051	-254.032673	-253.975418	-253.980313	
126.4445	-254.019051	-254.032673	-253.975418	-253.980313	
126.4547	-254.019051	-254.032673	-253.975418	-253.980313	
126.4649	-254.019051	-254.032673	-253.975418	-253.980313	
126.475	-254.019051	-254.032673	-253.975418	-253.980313	
126.4852	-254.019051	-254.032673	-253.975418	-253.980313	
126.4954	-254.019051	-254.032673	-253.975418	-253.980313	
126.5055	-254.019051	-254.032673	-253.975418	-253.980313	
126.5157	-254.019051	-254.032673	-253.975418	-253.980313	
126.5259	-254.019051	-254.032673	-253.975418	-253.980313	
126.536	-254.019051	-254.032673	-253.975418	-253.980313	
126.5462	-254.019051	-254.032673	-253.975418	-253.980313	
126.5563	-254.019051	-254.032673	-253.975418	-253.980313	
126.5665	-254.019051	-254.032673	-253.975418	-253.980313	
126.5787	-254.019051	-254.032673	-253.975418	-253.980313	
126.5888	-254.019051	-254.032673	-253.975418	-253.980313	
126.599	-254.019051	-254.032673	-253.975418	-253.980313	
126.6092	-254.019051	-254.032673	-253.975418	-253.980313	
126.6193	-254.019051	-254.032673	-253.975418	-253.980313	
126.6295	-254.019051	-254.032673	-253.975418	-253.980313	
126.6396	-254.019051	-254.032673	-253.975418	-253.980313	
126.6498	-254.019051	-254.032673	-253.975418	-253.980313	
126.6599	-254.019051	-254.032673	-253.975418	-253.980313	
126.6701	-254.019051	-254.032673	-253.975418	-253.980313	
126.6802	-254.019051	-254.032673	-253.975418	-253.980313	
126.6904	-254.019051	-254.032673	-253.975418	-253.980313	
126.7006	-254.019051	-254.032673	-253.975418	-253.980313	
126.7107	-254.019051	-254.032673	-253.975418	-253.980313	
126.7209	-254.019051	-254.032673	-253.975418	-253.980313	
126.731	-254.019051	-254.032673	-253.975418	-253.980313	
126.7421	-254.019051	-254.032673	-253.975418	-253.980313	
126.7515	-254.019051	-254.032673	-253.975418	-253.980313	
126.7616	-254.019051	-254.032673	-253.975418	-253.980313	
126.7718	-254.019051	-254.032673	-253.975418	-253.980313	
126.7819	-254.019051	-254.032673	-253.975418	-253.980313	
126.792	-254.019051	-254.032673	-253.975418	-253.980313	
126.8022	-254.019051	-254.032673	-253.975418	-253.980313	
126.8123	-254.019051	-254.032673	-253.975418	-253.980313	
126.8225	-254.019051	-254.032673	-253.975418	-253.980313	
126.8327	-254.019051	-254.032673	-253.975418	-253.980313	
126.8433	-254.019051	-254.032673	-253.975418	-253.980313	
126.8534	-254.019051	-254.032673	-253.975418	-253.980313	
126.8636	-254.019051	-254.032673	-253.975418	-253.980313	
126.8737	-254.019051	-254.032673	-253.975418	-253.980313	
126.8839	-254.019051	-254.032673	-253.975418	-253.980313	
126.894	-254.019051	-254.032673	-253.975418	-253.980313	
126.9135	-254.019051	-254.032673	-253.975418	-253.980313	
126.9182	-254.019051	-254.032673	-253.975418	-253.980313	
126.9283	-254.019051	-254.032673	-253.975418	-253.980313	
126.9385	-254.019051	-254.032673	-253.975418	-253.980313	
126.9486	-254.019051	-254.032673	-253.975418	-253.980313	
126.9589	-254.019051	-254.032673	-253.975418	-253.980313	
126.969	-254.019051	-254.032673	-253.975418	-253.980313	
126.9791	-254.019051	-254.032673	-253.975418	-253.980313	
126.9893	-254.019051	-254.032673	-253.975418	-253.980313	
126.9995	-254.019051	-254.032673	-253.975418	-253.980313	
127.0096	-254.019051	-254.032673	-253.975418	-253.980313	
127.0199	-254.019051	-254.032673	-253.975418	-253.980313	
127.03	-254.019051	-254.032673	-253.975418	-253.980313	
127.0403	-254.019051	-254.032673	-253.975418	-253.980313	
127.0502	-254.019051	-254.032673	-253.975418	-253.980313	
127.0604	-254.019051	-254.032673	-253.975418	-253.980313	
127.0707	-254.019051	-254.032673	-253.975418	-253.980313	
127.0808	-254.019051	-254.032673	-253.975418	-253.980313	
127.0909	-254.019051	-254.032673	-253.975418	-253.980313	
127.1092	-254.019051	-254.032673	-253.975418	-253.980313	
127.1139	-254.019051	-254.032673	-253.975418	-253.980313	
127.1241	-254.019051	-254.032673	-253.975418	-253.980313	
127.1343	-254.019051	-254.032673	-253.975418	-253.980313	
127.1444	-254.019051	-254.032673	-253.975418	-253.980313	
127.1546	-254.019051	-254.032673	-253.975418	-253.980313	
127.1648	-254.019051	-254.032673	-253.975418	-253.980313	
127.1749	-254.019051	-254.032673	-253.975418	-253.980313	
127.1851	-254.019051	-254.032673	-253.975418	-253.980313	
127.1953	-254.019051	-254.032673	-253.975418	-253.980313	
127.2055	-254.019051	-254.032673	-253.975418	-253.980313	
127.2156	-254.019051	-254.032673	-253.975418	-253.980313	
127.2258	-254.019051	-254.032673	-253.975418	-253.980313	
127.236	-254.019051	-254.032673	-253.975418	-253.980313	
127.2462	-254.019051	-254.032673	-253.975418	-253.980313	
127.2562	-254.019051	-254.032673	-253.975418	-253.980313	
127.2664	-254.019051	-254.032673	-253.975418	-253.980313	
127.2766	-254.019051	-254.032673	-253.975418	-253.980313	
127.2868	-254.019051	-254.032673	-253.975418	-253.980313	
127.297	-254.019051	-254.032673	-253.975418	-253.980313	
127.3071	-254.019051	-254.032673	-253.975418	-253.980313	
127.3173	-254.019051	-254.032673	-253.975418	-253.980313	
127.3374	-254.019051	-254.032673	-253.975418	-253.980313	
127.3422	-254.019051	-254.032673	-253.975418	-253.980313	
127.3522	-254.019051	-254.032673	-253.975418	-253.980313	
127.3624	-254.019051	-254.032673	-253.975418	-253.980313	
127.3726	-254.019051	-254.032673	-253.975418	-253.980313	
127.3907	-254.019051	-254.032673	-253.975418	-253.980313	
127.3953	-254.019051	-254.032673	-253.975418	-253.980313	
127.4056	-254.019051	-254.032673	-253.975418	-253.980313	
127.4157	-254.019051	-254.032673	-253.975418	-253.980313	
127.4259	-254.019051	-254.032673	-253.975418	-253.980313	
127.4361	-254.019051	-254.032673	-253.975418	-253.980313	
127.4462	-254.019051	-254.032673	-253.975418	-253.980313	
127.4563	-254.019051	-254.032673	-253.975418	-253.980313	
127.4665	-254.019051	-254.032673	-253.975418	-253.980313	
127.4767	-254.019051	-254.032673	-253.975418	-253.980313	
127.4869	-254.019051	-254.032673	-253.975418	-253.980313	
127.497	-254.019051	-254.032673	-253.975418	-253.980313	
127.5072	-254.019051	-254.032673	-253.975418	-253.980313	
127.5174	-254.019051	-254.032673	-253.975418	-253.980313	
127.5276	-254.019051	-254.032673	-253.975418	-253.980313	
127.5377	-254.019051	-254.032673	-253.975418	-253.980313	
127.5479	-254.019051	-254.032673	-253.975418	-253.980313	
127.558	-254.019051	-254.032673	-253.975418	-253.980313	
127.5682	-254.019051	-254.032673	-253.975418	-253.980313	
127.5783	-254.019051	-254.032673	-253.975418	-253.980313	
127.5885	-254.019051	-254.032673	-253.975418	-253.980313	
127.5988	-254.019051	-254.032673	-253.975418	-253.980313	
127.6089	-254.019051	-254.032673	-253.975418	-253.980313	
127.619	-254.019051	-254.032673	-253.975418	-253.980313	
127.6292	-254.019051	-254.032673	-253.975418	-253.980313	
127.6394	-254.019051	-254.032673	-253.975418	-253.980313	
127.6495	-254.019051	-254.032673	-253.975418	-253.980313	
127.6596	-254.019051	-254.032673	-253.975418	-253.980313	
127.6698	-254.019051	-254.032673	-253.975418	-253.980313	
127.68	-254.019051	-254.032673	-253.975418	-253.980313	
127.6901	-254.019051	-254.032673	-253.975418	-253.980313	
127.7003	-254.019051	-254.032673	-253.975418	-253.980313	
127.7104	-254.019051	-254.032673	-253.975418	-253.980313	
127.7206	-254.019051	-254.032673	-253.975418	-253.980313	
127.7308	-254.019051	-254.032673	-253.975418	-253.980313	
127.7409	-254.019051	-254.032673	-253.975418	-253.980313	
127.7512	-254.019051	-254.032673	-253.975418	-253.980313	
127.7613	-254.019051	-254.032673	-253.975418	-253.980313	
127.7714	-254.019051	-254.032673	-253.975418	-253.980313	
127.7816	-254.019051	-254.032673	-253.975418	-253.980313	
127.7917	-254.019051	-254.032673	-253.975418	-253.980313	
127.8018	-254.019051	-254.032673	-253.975418	-253.980313	
127.812	-254.019051	-254.032673	-253.975418	-253.980313	
127.8222	-254.019051	-254.032673	-253.975418	-253.980313	
127.8323	-254.019051	-254.032673	-253.975418	-253.980313	
127.8425	-254.019051	-254.032673	-253.975418	-253.980313	
127.8527	-254.019051	-254.032673	-253.975418	-253.980313	
127.863	-254.019051	-254.032673	-253.975418	-253.980313	
127.8732	-254.019051	-254.032673	-253.975418	-253.980313	
127.8833	-254.019051	-254.032673	-253.975418	-253.980313	
127.8935	-254.019051	-254.032673	-253.975418	-253.980313	
127.9037	-254.019051	-254.032673	-253.975418	-253.980313	
127.9138	-254.019051	-254.032673	-253.975418	-253.980313	
127.924	-254.019051	-254.032673	-253.975418	-253.980313	
127.9342	-254.019051	-254.032673	-253.975418	-253.980313	
127.9443	-254.019051	-254.032673	-253.975418	-253.980313	
127.9545	-254.019051	-254.032673	-253.975418	-253.980313	
127.9647	-254.019051	-254.032673	-253.975418	-253.980313	
127.9749	-254.019051	-254.032673	-253.975418	-253.980313	
127.9851	-254.019051	-254.032673	-253.975418	-253.980313	
127.9951	-254.019051	-254.032673	-253.975418	-253.980313	
128.0054	-254.019051	-254.032673	-253.975418	-253.980313	
128.0156	-254.019051	-254.032673	-253.975418	-253.980313	
128.0257	-254.019051	-254.032673	-253.975418	-253.980313	
128.0359	-254.019051	-254.032673	-253.975418	-253.980313	
128.046	-254.019051	-254.032673	-253.975418	-253.980313	
128.0561	-254.019051	-254.032673	-253.975418	-253.980313	
128.0663	-254.019051	-254.032673	-253.975418	-253.980313	
128.0765	-254.019051	-254.032673	-253.975418	-253.980313	
128.0867	-254.019051	-254.032673	-253.975418	-253.980313	
128.0968	-254.019051	-254.032673	-253.975418	-253.980313	
128.107	-254.019051	-254.032673	-253.975418	-253.980313	
128.1172	-254.019051	-254.032673	-253.975418	-253.980313	
128.1273	-254.019051	-254.032673	-253.975418	-253.980313	
128.1375	-254.019051	-254.032673	-253.975418	-253.980313	
128.1476	-254.019051	-254.032673	-253.975418	-253.980313	
128.1659	-254.019051	-254.032673	-253.975418	-253.980313	
128.1705	-254.019051	-254.032673	-253.975418	-253.980313	
128.1807	-254.019051	-254.032673	-253.975418	-253.980313	
128.1909	-254.019051	-254.032673	-253.975418	-253.980313	
128.2012	-254.019051	-254.032673	-253.975418	-253.980313	
128.2112	-254.019051	-254.032673	-253.975418	-253.980313	
128.2214	-254.019051	-254.032673	-253.975418	-253.980313	
128.2316	-254.019051	-254.032673	-253.975418	-253.980313	
128.2417	-254.019051	-254.032673	-253.975418	-253.980313	
128.2518	-254.019051	-254.032673	-253.975418	-253.980313	
128.2701	-254.019051	-254.032673	-253.975418	-253.980313	
128.2747	-254.019051	-254.032673	-253.975418	-253.980313	
128.2849	-254.019051	-254.032673	-253.975418	-253.980313	
128.2951	-254.019051	-254.032673	-253.975418	-253.980313	
128.3053	-254.019051	-254.032673	-253.975418	-253.980313	
128.3154	-254.019051	-254.032673	-253.975418	-253.980313	
128.326	-254.019051	-254.032673	-253.975418	-253.980313	
128.3358	-254.019051	-254.032673	-253.975418	-253.980313	
128.3459	-254.019051	-254.032673	-253.975418	-253.980313	
128.3561	-254.019051	-254.032673	-253.975418	-253.980313	
128.3663	-254.019051	-254.032673	-253.975418	-253.980313	
128.3764	-254.019051	-254.032673	-253.975418	-253.980313	
128.3866	-254.019051	-254.032673	-253.975418	-253.980313	
128.3968	-254.019051	-254.032673	-253.975418	-253.980313	
128.407	-254.019051	-254.032673	-253.975418	-253.980313	
128.4171	-254.019051	-254.032673	-253.975418	-253.980313	
128.4273	-254.019051	-254.032673	-253.975418	-253.980313	
128.4375	-254.019051	-254.032673	-253.975418	-253.980313	
128.4477	-254.019051	-254.032673	-253.975418	-253.980313	
128.4577	-254.019051	-254.032673	-253.975418	-253.980313	
128.4679	-254.019051	-254.032673	-253.975418	-253.980313	
128.4781	-254.019051	-254.032673	-253.975418	-253.980313	
128.4882	-254.019051	-254.032673	-253.975418	-253.980313	
128.4983	-254.019051	-254.032673	-253.975418	-253.980313	
128.5085	-254.019051	-254.032673	-253.975418	-253.980313	
128.5188	-254.019051	-254.032673	-253.975418	-253.980313	
128.5289	-254.019051	-254.032673	-253.975418	-253.980313	
128.539	-254.019051	-254.032673	-253.975418	-253.980313	
128.5493	-254.019051	-254.032673	-253.975418	-253.980313	
128.5594	-254.019051	-254.032673	-253.975418	-253.980313	
128.5695	-254.019051	-254.032673	-253.975418	-253.980313	
128.5797	-254.019051	-254.032673	-253.975418	-253.980313	
128.5899	-254.019051	-254.032673	-253.975418	-253.980313	
128.6001	-254.019051	-254.032673	-253.975418	-253.980313	
128.6102	-254.019051	-254.032673	-253.975418	-253.980313	
128.6203	-254.019051	-254.032673	-253.975418	-253.980313	
128.6305	-254.019051	-254.032673	-253.975418	-253.980313	
128.6407	-254.019051	-254.032673	-253.975418	-253.980313	
128.6508	-254.019051	-254.032673	-253.975418	-253.980313	
128.661	-254.019051	-254.032673	-253.975418	-253.980313	
128.6713	-254.019051	-254.032673	-253.975418	-253.980313	
128.6814	-254.019051	-254.032673	-253.975418	-253.980313	
128.6916	-254.019051	-254.032673	-253.975418	-253.980313	
128.7017	-254.019051	-254.032673	-253.975418	-253.980313	
128.7118	-254.019051	-254.032673	-253.975418	-253.980313	
128.722	-254.019051	-254.032673	-253.975418	-253.980313	
128.7322	-254.019051	-254.032673	-253.975418	-253.980313	
128.7423	-254.019051	-254.032673	-253.975418	-253.980313	
128.7524	-254.019051	-254.032673	-253.975418	-253.980313	
128.7626	-254.019051	-254.032673	-253.975418	-253.980313	
128.7807	-254.019051	-254.032673	-253.975418	-253.980313	
128.7854	-254.019051	-254.032673	-253.975418	-253.980313	
128.7956	-254.019051	-254.032673	-253.975418	-253.980313	
128.8058	-254.019051	-254.032673	-253.975418	-253.980313	
128.816	-254.019051	-254.032673	-253.975418	-253.980313	
128.8261	-254.019051	-254.032673	-253.975418	-253.980313	
128.8363	-254.019051	-254.032673	-253.975418	-253.980313	
128.8464	-254.019051	-254.032673	-253.975418	-253.980313	
128.8566	-254.019051	-254.032673	-253.975418	-253.980313	
128.8668	-254.019051	-254.032673	-253.975418	-253.980313	
128.877	-254.019051	-254.032673	-253.975418	-253.980313	
128.8872	-254.019051	-254.032673	-253.975418	-253.980313	
128.8973	-254.019051	-254.032673	-253.975418	-253.980313	
128.9074	-254.019051	-254.032673	-253.975418	-253.980313	
128.9177	-254.019051	-254.032673	-253.975418	-253.980313	
128.9278	-254.019051	-254.032673	-253.975418	-253.980313	
128.938	-254.019051	-254.032673	-253.975418	-253.980313	
128.9482	-254.019051	-254.032673	-253.975418	-253.980313	
128.9583	-254.019051	-254.032673	-253.975418	-253.980313	
128.9684	-254.019051	-254.032673	-253.975418	-253.980313	
128.9785	-254.019051	-254.032673	-253.975418	-253.980313	
128.9888	-254.019051	-254.032673	-253.975418	-253.980313	
128.999	-254.019051	-254.032673	-253.975418	-253.980313	
129.0091	-254.019051	-254.032673	-253.975418	-253.980313	
129.0192	-254.019051	-254.032673	-253.975418	-253.980313	
129.0295	-254.019051	-254.032673	-253.975418	-253.980313	
129.0396	-254.019051	-254.032673	-253.975418	-253.980313	
129.0498	-254.019051	-254.032673	-253.975418	-253.980313	
129.06	-254.019051	-254.032673	-253.975418	-253.980313	
129.0701	-254.019051	-254.032673	-253.975418	-253.980313	
129.0802	-254.019051	-254.032673	-253.975418	-253.980313	
129.0904	-254.019051	-254.032673	-253.975418	-253.980313	
129.1006	-254.019051	-254.032673	-253.975418	-253.980313	
129.1107	-254.019051	-254.032673	-253.975418	-253.980313	
129.1209	-254.019051	-254.032673	-253.975418	-253.980313	
129.131	-254.019051	-254.032673	-253.975418	-253.980313	
129.1496	-254.019051	-254.032673	-253.975418	-253.980313	
129.1542	-254.019051	-254.032673	-253.975418	-253.980313	
129.1644	-254.019051	-254.032673	-253.975418	-253.980313	
129.1746	-254.019051	-254.032673	-253.975418	-253.980313	
129.1848	-254.019051	-254.032673	-253.975418	-253.980313	
129.195	-254.019051	-254.032673	-253.975418	-253.980313	
129.2052	-254.019051	-254.032673	-253.975418	-253.980313	
129.2153	-254.019051	-254.032673	-253.975418	-253.980313	
129.2254	-254.019051	-254.032673	-253.975418	-253.980313	
129.2356	-254.019051	-254.032673	-253.975418	-253.980313	
129.2458	-254.019051	-254.032673	-253.975418	-253.980313	
129.2559	-254.019051	-254.032673	-253.975418	-253.980313	
129.2661	-254.019051	-254.032673	-253.975418	-253.980313	
129.2763	-254.019051	-254.032673	-253.975418	-253.980313	
129.2864	-254.019051	-254.032673	-253.975418	-253.980313	
129.2966	-254.019051	-254.032673	-253.975418	-253.980313	
129.3067	-254.019051	-254.032673	-253.975418	-253.980313	
129.3169	-254.019051	-254.032673	-253.975418	-253.980313	
129.3271	-254.019051	-254.032673	-253.975418	-253.980313	
129.3373	-254.019051	-254.032673	-253.975418	-253.980313	
129.3474	-254.019051	-254.032673	-253.975418	-253.980313	
129.3576	-254.019051	-254.032673	-253.975418	-253.980313	
129.3678	-254.019051	-254.032673	-253.975418	-253.980313	
129.3779	-254.019051	-254.032673	-253.975418	-253.980313	
129.3881	-254.019051	-254.032673	-253.975418	-253.980313	
129.3982	-254.019051	-254.032673	-253.975418	-253.980313	
129.4087	-254.019051	-254.032673	-253.975418	-253.980313	
129.4185	-254.019051	-254.032673	-253.975418	-253.980313	
129.4287	-254.019051	-254.032673	-253.975418	-253.980313	
129.4468	-254.019051	-254.032673	-253.975418	-253.980313	
129.4518	-254.019051	-254.032673	-253.975418	-253.980313	
129.4616	-254.019051	-254.032673	-253.975418	-253.980313	
129.4718	-254.019051	-254.032673	-253.975418	-253.980313	
129.4819	-254.019051	-254.032673	-253.975418	-253.980313	
129.4921	-254.019051	-254.032673	-253.975418	-253.980313	
129.5022	-254.019051	-254.032673	-253.975418	-253.980313	
129.5123	-254.019051	-254.032673	-253.975418	-253.980313	
129.5225	-254.019051	-254.032673	-253.975418	-253.980313	
129.5327	-254.019051	-254.032673	-253.975418	-253.980313	
129.5431	-254.019051	-254.032673	-253.975418	-253.980313	
129.5531	-254.019051	-254.032673	-253.975418	-253.980313	
129.5632	-254.019051	-254.032673	-253.975418	-253.980313	
129.5735	-254.019051	-254.032673	-253.975418	-253.980313	
129.5836	-254.019051	-254.032673	-253.975418	-253.980313	
129.5937	-254.019051	-254.032673	-253.975418	-253.980313	
129.6039	-254.019051	-254.032673	-253.975418	-253.980313	
129.6141	-254.019051	-254.032673	-253.975418	-253.980313	
129.6243	-254.019051	-254.032673	-253.975418	-253.980313	
129.6344	-254.019051	-254.032673	-253.975418	-253.980313	
129.6445	-254.019051	-254.032673	-253.975418	-253.980313	
129.6547	-254.019051	-254.032673	-253.975418	-253.980313	
129.6728	-254.019051	-254.032673	-253.975418	-253.980313	
129.6775	-254.019051	-254.032673	-253.975418	-253.980313	
129.6881	-254.019051	-254.032673	-253.975418	-253.980313	
129.6982	-254.019051	-254.032673	-253.975418	-253.980313	
129.7084	-254.019051	-254.032673	-253.975418	-253.980313	
129.7185	-254.019051	-254.032673	-253.975418	-253.980313	
129.7291	-254.019051	-254.032673	-253.975418	-253.980313	
129.7392	-254.019051	-254.032673	-253.975418	-253.980313	
129.7495	-254.019051	-254.032673	-253.975418	-253.980313	
129.7596	-254.019051	-254.032673	-253.975418	-253.980313	
129.7697	-254.019051	-254.032673	-253.975418	-253.980313	
129.7799	-254.019051	-254.032673	-253.975418	-253.980313	
129.7901	-254.019051	-254.032673	-253.975418	-253.980313	
129.8002	-254.019051	-254.032673	-253.975418	-253.980313	
129.8104	-254.019051	-254.032673	-253.975418	-253.980313	
129.8205	-254.019051	-254.032673	-253.975418	-253.980313	
129.8307	-254.019051	-254.032673	-253.975418	-253.980313	
129.8409	-254.019051	-254.032673	-253.975418	-253.980313	
129.851	-254.019051	-254.032673	-253.975418	-253.980313	
129.8691	-254.019051	-254.032673	-253.975418	-253.980313	
129.8739	-254.019051	-254.032673	-253.975418	-253.980313	
129.8842	-254.019051	-254.032673	-253.975418	-253.980313	
129.8942	-254.019051	-254.032673	-253.975418	-253.980313	
129.9043	-254.019051	-254.032673	-253.975418	-253.980313	
129.9145	-254.019051	-254.032673	-253.975418	-253.980313	
129.9247	-254.019051	-254.032673	-253.975418	-253.980313	
129.9349	-254.019051	-254.032673	-253.975418	-253.980313	
129.945	-254.019051	-254.032673	-253.975418	-253.980313	
129.9552	-254.019051	-254.032673	-253.975418	-253.980313	
129.9654	-254.019051	-254.032673	-253.975418	-253.980313	
129.9755	-254.019051	-254.032673	-253.975418	-253.980313	
129.9857	-254.019051	-254.032673	-253.975418	-253.980313	
129.9958	-254.019051	-254.032673	-253.975418	-253.980313	
130.0061	-254.019051	-254.032673	-253.975418	-253.980313	
130.0162	-254.019051	-254.032673	-253.975418	-253.980313	
130.0263	-254.019051	-254.032673	-253.975418	-253.980313	
130.0365	-254.019051	-254.032673	-253.975418	-253.980313	
130.0468	-254.019051	-254.032673	-253.975418	-253.980313	
130.0648	-254.019051	-254.032673	-253.975418	-253.980313	
130.0696	-254.019051	-254.032673	-253.975418	-253.980313	
130.0797	-254.019051	-254.032673	-253.975418	-253.980313	
130.0899	-254.019051	-254.032673	-253.975418	-253.980313	
130.1	-254.019051	-254.032673	-253.975418	-253.980313	
130.1101	-254.019051	-254.032673	-253.975418	-253.980313	
130.1203	-254.019051	-254.032673	-253.975418	-253.980313	
130.1304	-254.019051	-254.032673	-253.975418	-253.980313	
130.1406	-254.019051	-254.032673	-253.975418	-253.980313	
130.1508	-254.019051	-254.032673	-253.975418	-253.980313	
130.1609	-254.019051	-254.032673	-253.975418	-253.980313	
130.1711	-254.019051	-254.032673	-253.975418	-253.980313	
130.1813	-254.019051	-254.032673	-253.975418	-253.980313	
130.1914	-254.019051	-254.032673	-253.975418	-253.980313	
130.2015	-254.019051	-254.032673	-253.975418	-253.980313	
130.2116	-254.019051	-254.032673	-253.975418	-253.980313	
130.2219	-254.019051	-254.032673	-253.975418	-253.980313	
130.232	-254.019051	-254.032673	-253.975418	-253.980313	
130.2421	-254.019051	-254.032673	-253.975418	-253.980313	
130.2523	-254.019051	-254.032673	-253.975418	-253.980313	
130.2625	-254.019051	-254.032673	-253.975418	-253.980313	
130.2727	-254.019051	-254.032673	-253.975418	-253.980313	
130.2828	-254.019051	-254.032673	-253.975418	-253.980313	
130.293	-254.019051	-254.032673	-253.975418	-253.980313	
130.3032	-254.019051	-254.032673	-253.975418	-253.980313	
130.3134	-254.019051	-254.032673	-253.975418	-253.980313	
130.3236	-254.019051	-254.032673	-253.975418	-253.980313	
130.3361	-254.019051	-254.032673	-253.975418	-253.980313	
130.3439	-254.019051	-254.032673	-253.975418	-253.980313	
130.354	-254.019051	-254.032673	-253.975418	-253.980313	
130.3642	-254.019051	-254.032673	-253.975418	-253.980313	
130.3744	-254.019051	-254.032673	-253.975418	-253.980313	
130.3845	-254.019051	-254.032673	-253.975418	-253.980313	
130.3947	-254.019051	-254.032673	-253.975418	-253.980313	
130.4048	-254.019051	-254.032673	-253.975418	-253.980313	
130.4151	-254.019051	-254.032673	-253.975418	-253.980313	
130.4252	-254.019051	-254.032673	-253.975418	-253.980313	
130.4353	-254.019051	-254.032673	-253.975418	-253.980313	
130.4456	-254.019051	-254.032673	-253.975418	-253.980313	
130.4556	-254.019051	-254.032673	-253.975418	-253.980313	
130.4658	-254.019051	-254.032673	-253.975418	-253.980313	
130.476	-254.019051	-254.032673	-253.975418	-253.980313	
130.4862	-254.019051	-254.032673	-253.975418	-253.980313	
130.4963	-254.019051	-254.032673	-253.975418	-253.980313	
130.5064	-254.019051	-254.032673	-253.975418	-253.980313	
130.5166	-254.019051	-254.032673	-253.975418	-253.980313	
130.5268	-254.019051	-254.032673	-253.975418	-253.980313	
130.537	-254.019051	-254.032673	-253.975418	-253.980313	
130.5473	-254.019051	-254.032673	-253.975418	-253.980313	
130.5575	-254.019051	-254.032673	-253.975418	-253.980313	
130.5677	-254.019051	-254.032673	-253.975418	-253.980313	
130.5778	-254.019051	-254.032673	-253.975418	-253.980313	
130.5879	-254.019051	-254.032673	-253.975418	-253.980313	
130.5981	-254.019051	-254.032673	-253.975418	-253.980313	
130.6083	-254.019051	-254.032673	-253.975418	-253.980313	
130.6185	-254.019051	-254.032673	-253.975418	-253.980313	
130.6287	-254.019051	-254.032673	-253.975418	-253.980313	
130.6389	-254.019051	-254.032673	-253.975418	-253.980313	
130.6491	-254.019051	-254.032673	-253.975418	-253.980313	
130.6591	-254.019051	-254.032673	-253.975418	-253.980313	
130.6694	-254.019051	-254.032673	-253.975418	-253.980313	
130.6795	-254.019051	-254.032673	-253.975418	-253.980313	
130.6897	-254.019051	-254.032673	-253.975418	-253.980313	
130.7007	-254.019051	-254.032673	-253.975418	-253.980313	
130.7101	-254.019051	-254.032673	-253.975418	-253.980313	
130.7201	-254.019051	-254.032673	-253.975418	-253.980313	
130.7303	-254.019051	-254.032673	-253.975418	-253.980313	
130.7405	-254.019051	-254.032673	-253.975418	-253.980313	
130.7506	-254.019051	-254.032673	-253.975418	-253.980313	
130.7607	-254.019051	-254.032673	-253.975418	-253.980313	
130.771	-254.019051	-254.032673	-253.975418	-253.980313	
130.7811	-254.019051	-254.032673	-253.975418	-253.980313	
130.7913	-254.019051	-254.032673	-253.975418	-253.980313	
130.8015	-254.019051	-254.032673	-253.975418	-253.980313	
130.8116	-254.019051	-254.032673	-253.975418	-253.980313	
130.8218	-254.019051	-254.032673	-253.975418	-253.980313	
130.832	-254.019051	-254.032673	-253.975418	-253.980313	
130.8421	-254.019051	-254.032673	-253.975418	-253.980313	
130.8522	-254.019051	-254.032673	-253.975418	-253.980313	
130.8624	-254.019051	-254.032673	-253.975418	-253.980313	
130.8728	-254.019051	-254.032673	-253.975418	-253.980313	
130.8829	-254.019051	-254.032673	-253.975418	-253.980313	
130.8928	-254.019051	-254.032673	-253.975418	-253.980313	
130.913	-254.019051	-254.032673	-253.975418	-253.980313	
130.9177	-254.019051	-254.032673	-253.975418	-253.980313	
130.9278	-254.019051	-254.032673	-253.975418	-253.980313	
130.9379	-254.019051	-254.032673	-253.975418	-253.980313	
130.9481	-254.019051	-254.032673	-253.975418	-253.980313	
130.9583	-254.019051	-254.032673	-253.975418	-253.980313	
130.9684	-254.019051	-254.032673	-253.975418	-253.980313	
130.9786	-254.019051	-254.032673	-253.975418	-253.980313	
130.9888	-254.019051	-254.032673	-253.975418	-253.980313	
130.999	-254.019051	-254.032673	-253.975418	-253.980313	
131.0091	-254.019051	-254.032673	-253.975418	-253.980313	
131.0193	-254.019051	-254.032673	-253.975418	-253.980313	
131.0294	-254.019051	-254.032673	-253.975418	-253.980313	
131.0396	-254.019051	-254.032673	-253.975418	-253.980313	
131.0498	-254.019051	-254.032673	-253.975418	-253.980313	
131.0599	-254.019051	-254.032673	-253.975418	-253.980313	
131.0704	-254.019051	-254.032673	-253.975418	-253.980313	
131.0802	-254.019051	-254.032673	-253.975418	-253.980313	
131.0904	-254.019051	-254.032673	-253.975418	-253.980313	
131.1005	-254.019051	-254.032673	-253.975418	-253.980313	
131.1107	-254.019051	-254.032673	-253.975418	-253.980313	
131.1208	-254.019051	-254.032673	-253.975418	-253.980313	
131.131	-254.019051	-254.032673	-253.975418	-253.980313	
131.1412	-254.019051	-254.032673	-253.975418	-253.980313	
131.1513	-254.019051	-254.032673	-253.975418	-253.980313	
131.1615	-254.019051	-254.032673	-253.975418	-253.980313	
131.1716	-254.019051	-254.032673	-253.975418	-253.980313	
131.1818	-254.019051	-254.032673	-253.975418	-253.980313	
131.192	-254.019051	-254.032673	-253.975418	-253.980313	
131.2021	-254.019051	-254.032673	-253.975418	-253.980313	
131.2123	-254.019051	-254.032673	-253.975418	-253.980313	
131.2224	-254.019051	-254.032673	-253.975418	-253.980313	
131.2326	-254.019051	-254.032673	-253.975418	-253.980313	
131.2428	-254.019051	-254.032673	-253.975418	-253.980313	
131.2529	-254.019051	-254.032673	-253.975418	-253.980313	
131.2711	-254.019051	-254.032673	-253.975418	-253.980313	
131.2757	-254.019051	-254.032673	-253.975418	-253.980313	
131.2859	-254.019051	-254.032673	-253.975418	-253.980313	
131.2961	-254.019051	-254.032673	-253.975418	-253.980313	
131.3062	-254.019051	-254.032673	-253.975418	-253.980313	
131.3164	-254.019051	-254.032673	-253.975418	-253.980313	
131.3265	-254.019051	-254.032673	-253.975418	-253.980313	
131.3387	-254.019051	-254.032673	-253.975418	-253.980313	
131.3468	-254.019051	-254.032673	-253.975418	-253.980313	
131.3569	-254.019051	-254.032673	-253.975418	-253.980313	
131.3671	-254.019051	-254.032673	-253.975418	-253.980313	
131.3773	-254.019051	-254.032673	-253.975418	-253.980313	
131.3874	-254.019051	-254.032673	-253.975418	-253.980313	
131.3977	-254.019051	-254.032673	-253.975418	-253.980313	
131.4078	-254.019051	-254.032673	-253.975418	-253.980313	
131.418	-254.019051	-254.032673	-253.975418	-253.980313	
131.4281	-254.019051	-254.032673	-253.975418	-253.980313	
131.4383	-254.019051	-254.032673	-253.975418	-253.980313	
131.4487	-254.019051	-254.032673	-253.975418	-253.980313	
131.4588	-254.019051	-254.032673	-253.975418	-253.980313	
131.469	-254.019051	-254.032673	-253.975418	-253.980313	
131.4792	-254.019051	-254.032673	-253.975418	-253.980313	
131.4893	-254.019051	-254.032673	-253.975418	-253.980313	
131.4995	-254.019051	-254.032673	-253.975418	-253.980313	
131.5097	-254.019051	-254.032673	-253.975418	-253.980313	
131.5198	-254.019051	-254.032673	-253.975418	-253.980313	
131.5299	-254.019051	-254.032673	-253.975418	-253.980313	
131.5404	-254.019051	-254.032673	-253.975418	-253.980313	
131.5503	-254.019051	-254.032673	-253.975418	-253.980313	
131.5604	-254.019051	-254.032673	-253.975418	-253.980313	
131.5706	-254.019051	-254.032673	-253.975418	-253.980313	
131.5827	-254.019051	-254.032673	-253.975418	-253.980313	
131.6091	-254.019051	-254.032673	-253.975418	-253.980313	
131.614	-254.019051	-254.032673	-253.975418	-253.980313	
131.6241	-254.019051	-254.032673	-253.975418	-253.980313	
131.6341	-254.019051	-254.032673	-253.975418	-253.980313	
131.6443	-254.019051	-254.032673	-253.975418	-253.980313	
131.6545	-254.019051	-254.032673	-253.975418	-253.980313	
131.6646	-254.019051	-254.032673	-253.975418	-253.980313	
131.6748	-254.019051	-254.032673	-253.975418	-253.980313	
131.685	-254.019051	-254.032673	-253.975418	-253.980313	
131.6952	-254.019051	-254.032673	-253.975418	-253.980313	
131.7053	-254.019051	-254.032673	-253.975418	-253.980313	
131.7155	-254.019051	-254.032673	-253.975418	-253.980313	
131.7257	-254.019051	-254.032673	-253.975418	-253.980313	
131.7358	-254.019051	-254.032673	-253.975418	-253.980313	
131.746	-254.019051	-254.032673	-253.975418	-253.980313	
131.7561	-254.019051	-254.032673	-253.975418	-253.980313	
131.7663	-254.019051	-254.032673	-253.975418	-253.980313	
131.7765	-254.019051	-254.032673	-253.975418	-253.980313	
131.7866	-254.019051	-254.032673	-253.975418	-253.980313	
131.7968	-254.019051	-254.032673	-253.975418	-253.980313	
131.807	-254.019051	-254.032673	-253.975418	-253.980313	
131.8251	-254.019051	-254.032673	-253.975418	-253.980313	
131.8299	-254.019051	-254.032673	-253.975418	-253.980313	
131.84	-254.019051	-254.032673	-253.975418	-253.980313	
131.85	-254.019051	-254.032673	-253.975418	-253.980313	
131.8602	-254.019051	-254.032673	-253.975418	-253.980313	
131.8703	-254.019051	-254.032673	-253.975418	-253.980313	
131.8805	-254.019051	-254.032673	-253.975418	-253.980313	
131.8907	-254.019051	-254.032673	-253.975418	-253.980313	
131.9008	-254.019051	-254.032673	-253.975418	-253.980313	
131.911	-254.019051	-254.032673	-253.975418	-253.980313	
131.9213	-254.019051	-254.032673	-253.975418	-253.980313	
131.9314	-254.019051	-254.032673	-253.975418	-253.980313	
131.9415	-254.019051	-254.032673	-253.975418	-253.980313	
131.9517	-254.019051	-254.032673	-253.975418	-253.980313	
131.9617	-254.019051	-254.032673	-253.975418	-253.980313	
131.9719	-254.019051	-254.032673	-253.975418	-253.980313	
131.9821	-254.019051	-254.032673	-253.975418	-253.980313	
131.9923	-254.019051	-254.032673	-253.975418	-253.980313	
132.0024	-254.019051	-254.032673	-253.975418	-253.980313	
132.0125	-254.019051	-254.032673	-253.975418	-253.971586	
132.0307	-254.019051	-254.032673	-253.975418	-253.971586	
132.0353	-254.019051	-254.032673	-253.975418	-253.971586	
132.0455	-254.019051	-254.032673	-253.975418	-253.971586	
132.0557	-254.019051	-254.032673	-253.975418	-253.971586	
132.0658	-254.019051	-254.032673	-253.975418	-253.971586	
132.076	-254.019051	-254.032673	-253.975418	-253.971586	
132.0862	-254.019051	-254.032673	-253.975418	-253.971586	
132.0964	-254.019051	-254.032673	-253.975418	-253.971586	
132.1065	-254.019051	-254.032673	-253.975418	-253.971586	
132.1167	-254.019051	-254.032673	-253.975418	-253.971586	
132.1269	-254.019051	-254.032673	-253.975418	-253.971586	
132.137	-254.019051	-254.032673	-253.975418	-253.971586	
132.1472	-254.019051	-254.032673	-253.975418	-253.971586	
132.1573	-254.019051	-254.032673	-253.975418	-253.971586	
132.1675	-254.019051	-254.032673	-253.975418	-253.971586	
132.1777	-254.019051	-254.032673	-253.975418	-253.971586	
132.1879	-254.019051	-254.032673	-253.975418	-253.971586	
132.1981	-254.019051	-254.032673	-253.975418	-253.971586	
132.2082	-254.019051	-254.032673	-253.975418	-253.971586	
132.2183	-254.019051	-254.032673	-253.975418	-253.971586	
132.2286	-254.019051	-254.032673	-253.975418	-253.971586	
132.2388	-254.019051	-254.032673	-253.975418	-253.971586	
132.2489	-254.019051	-254.032673	-253.975418	-253.971586	
132.259	-254.019051	-254.032673	-253.975418	-253.971586	
132.2692	-254.019051	-254.032673	-253.975418	-253.971586	
132.2794	-254.019051	-254.032673	-253.975418	-253.971586	
132.2896	-254.019051	-254.032673	-253.975418	-253.971586	
132.2997	-254.019051	-254.032673	-253.975418	-253.971586	
132.3099	-254.019051	-254.032673	-253.975418	-253.971586	
132.3201	-254.019051	-254.032673	-253.975418	-253.971586	
132.3302	-254.019051	-254.032673	-253.975418	-253.971586	
132.3507	-254.019051	-254.032673	-253.975418	-253.971586	
132.3553	-254.019051	-254.032673	-253.975418	-253.971586	
132.3655	-254.019051	-254.032673	-253.975418	-253.971586	
132.3757	-254.019051	-254.032673	-253.975418	-253.971586	
132.3858	-254.019051	-254.032673	-253.975418	-253.971586	
132.396	-254.019051	-254.032673	-253.975418	-253.971586	
132.4062	-254.019051	-254.032673	-253.975418	-253.971586	
132.4163	-254.019051	-254.032673	-253.975418	-253.971586	
132.4264	-254.019051	-254.032673	-253.975418	-253.971586	
132.4367	-254.019051	-254.032673	-253.975418	-253.971586	
132.4468	-254.019051	-254.032673	-253.975418	-253.971586	
132.4569	-254.019051	-254.032673	-253.975418	-253.971586	
132.4671	-254.019051	-254.032673	-253.975418	-253.971586	
132.4772	-254.019051	-254.032673	-253.975418	-253.971586	
132.4875	-254.019051	-254.032673	-253.975418	-253.971586	
132.4976	-254.019051	-254.032673	-253.975418	-253.971586	
132.5078	-254.019051	-254.032673	-253.975418	-253.971586	
132.518	-254.019051	-254.032673	-253.975418	-253.971586	
132.5281	-254.019051	-254.032673	-253.975418	-253.971586	
132.5383	-254.019051	-254.032673	-253.975418	-253.971586	
132.5488	-254.019051	-254.032673	-253.975418	-253.971586	
132.5588	-254.019051	-254.032673	-253.975418	-253.971586	
132.5689	-254.019051	-254.032673	-253.975418	-253.971586	
132.579	-254.019051	-254.032673	-253.975418	-253.971586	
132.5892	-254.019051	-254.032673	-253.975418	-253.971586	
132.5995	-254.019051	-254.032673	-253.975418	-253.971586	
132.6095	-254.019051	-254.032673	-253.975418	-253.971586	
132.6197	-254.019051	-254.032673	-253.975418	-253.971586	
132.63	-254.019051	-254.032673	-253.975418	-253.971586	
132.6401	-254.019051	-254.032673	-253.975418	-253.971586	
132.6502	-254.019051	-254.032673	-253.975418	-253.971586	
132.6604	-254.019051	-254.032673	-253.975418	-253.971586	
132.6706	-254.019051	-254.032673	-253.975418	-253.971586	
132.6807	-254.019051	-254.032673	-253.975418	-253.971586	
132.6908	-254.019051	-254.032673	-253.975418	-253.971586	
132.701	-254.019051	-254.032673	-253.975418	-253.980313	
132.7112	-254.019051	-254.032673	-253.975418	-253.980313	
132.7214	-254.019051	-254.032673	-253.975418	-253.980313	
132.7314	-254.019051	-254.032673	-253.975418	-253.980313	
132.7424	-254.019051	-254.032673	-253.975418	-253.980313	
132.7521	-254.019051	-254.032673	-253.975418	-253.980313	
132.7619	-254.019051	-254.032673	-253.975418	-253.980313	
132.7721	-254.019051	-254.032673	-253.975418	-253.980313	
132.7823	-254.019051	-254.032673	-253.975418	-253.980313	
132.7925	-254.019051	-254.032673	-253.975418	-253.980313	
132.8026	-254.019051	-254.032673	-253.975418	-253.980313	
132.8207	-254.019051	-254.032673	-253.975418	-253.980313	
132.8254	-254.019051	-254.032673	-253.975418	-253.980313	
132.8356	-254.019051	-254.032673	-253.975418	-253.980313	
132.8458	-254.019051	-254.032673	-253.975418	-253.980313	
132.8559	-254.019051	-254.032673	-253.975418	-253.980313	
132.8661	-254.019051	-254.032673	-253.975418	-253.980313	
132.8762	-254.019051	-254.032673	-253.975418	-253.980313	
132.8865	-254.019051	-254.032673	-253.975418	-253.980313	
132.8965	-254.019051	-254.032673	-253.975418	-253.980313	
132.9067	-254.019051	-254.032673	-253.975418	-253.980313	
132.9169	-254.019051	-254.032673	-253.975418	-253.980313	
132.927	-254.019051	-254.032673	-253.975418	-253.980313	
132.9372	-254.019051	-254.032673	-253.975418	-253.980313	
132.9474	-254.019051	-254.032673	-253.975418	-253.980313	
132.9575	-254.019051	-254.032673	-253.975418	-253.980313	
132.9677	-254.019051	-254.032673	-253.975418	-253.980313	
132.9778	-254.019051	-254.032673	-253.975418	-253.980313	
132.988	-254.019051	-254.032673	-253.975418	-253.980313	
132.9983	-254.019051	-254.032673	-253.975418	-253.980313	
133.0084	-254.019051	-254.032673	-253.975418	-253.980313	
133.0185	-254.019051	-254.032673	-253.975418	-253.980313	
133.029	-254.019051	-254.032673	-253.975418	-253.980313	
133.0389	-254.019051	-254.032673	-253.975418	-253.980313	
133.0492	-254.019051	-254.032673	-253.975418	-253.980313	
133.0591	-254.019051	-254.032673	-253.975418	-253.980313	
133.0694	-254.019051	-254.032673	-253.975418	-253.980313	
133.0796	-254.019051	-254.032673	-253.975418	-253.980313	
133.0898	-254.019051	-254.032673	-253.975418	-253.980313	
133.0999	-254.019051	-254.032673	-253.975418	-253.980313	
133.1104	-254.019051	-254.032673	-253.975418	-253.980313	
133.1202	-254.019051	-254.032673	-253.975418	-253.980313	
133.1303	-254.019051	-254.032673	-253.975418	-253.980313	
133.1405	-254.019051	-254.032673	-253.975418	-253.980313	
133.1506	-254.019051	-254.032673	-253.975418	-253.980313	
133.1608	-254.019051	-254.032673	-253.975418	-253.980313	
133.171	-254.019051	-254.032673	-253.975418	-253.980313	
133.1813	-254.019051	-254.032673	-253.975418	-253.980313	
133.1914	-254.019051	-254.032673	-253.975418	-253.980313	
133.2015	-254.019051	-254.032673	-253.975418	-253.980313	
133.212	-254.019051	-254.032673	-253.975418	-253.980313	
133.2219	-254.019051	-254.032673	-253.975418	-253.980313	
133.232	-254.019051	-254.032673	-253.975418	-253.980313	
133.2421	-254.019051	-254.032673	-253.975418	-253.980313	
133.2523	-254.019051	-254.032673	-253.975418	-253.980313	
133.2625	-254.019051	-254.032673	-253.975418	-253.980313	
133.2726	-254.019051	-254.032673	-253.975418	-253.980313	
133.2828	-254.019051	-254.032673	-253.975418	-253.980313	
