133.2968	-254.024929	-254.032673	-253.981296	-253.980313	
133.3069	-254.030801	-254.032673	-253.987168	-253.980313	
133.317	-254.038799	-254.032673	-253.995166	-253.980313	
133.3272	-254.048851	-254.041399	-254.005218	-253.980313	
133.3374	-254.061054	-254.041399	-254.017421	-253.980313	
133.3475	-254.075207	-254.050126	-254.031574	-253.980313	
133.3577	-254.091426	-254.050126	-254.047793	-253.980313	
133.3678	-254.10974	-254.050126	-254.066107	-253.989039	
133.3779	-254.129944	-254.067579	-254.086311	-254.006493	
133.3881	-254.152519	-254.085033	-254.108886	-254.023946	
133.3984	-254.177272	-254.102486	-254.133639	-254.050126	
133.4085	-254.203775	-254.137392	-254.160142	-254.093759	
133.4187	-254.232441	-254.163572	-254.188808	-254.137392	
133.4288	-254.263071	-254.207206	-254.219437	-254.189752	
133.439	-254.295807	-254.242112	-254.252174	-254.224659	
133.4491	-254.330567	-254.285745	-254.286934	-254.277019	
133.4592	-254.367415	-254.329379	-254.323782	-254.329379	
133.4694	-254.406219	-254.364285	-254.362586	-254.364285	
133.4796	-254.44745	-254.399192	-254.403817	-254.416645	
133.4898	-254.490958	-254.451552	-254.447324	-254.469005	
133.4999	-254.535864	-254.495185	-254.49223	-254.503912	
133.5102	-254.583441	-254.538818	-254.539807	-254.547545	
133.5203	-254.632652	-254.599905	-254.589019	-254.599905	
133.5306	-254.684569	-254.652265	-254.640936	-254.643538	
133.5406	-254.73723	-254.713351	-254.693596	-254.678444	
133.551	-254.793905	-254.765711	-254.750272	-254.730804	
133.5611	-254.851014	-254.826797	-254.80738	-254.783164	
133.5713	-254.91134	-254.887884	-254.867706	-254.826797	
133.5818	-254.975413	-254.94897	-254.93178	-254.887884	
133.5916	-255.036576	-255.010057	-254.992942	-254.940244	
133.6018	-255.102539	-255.062417	-255.058905	-255.00133	
133.6119	-255.170223	-255.123503	-255.12659	-255.062417	
133.6221	-255.240449	-255.18459	-255.196815	-255.123503	
133.6323	-255.312841	-255.254403	-255.269208	-255.193317	
133.6424	-255.386246	-255.31549	-255.342613	-255.271856	
133.6526	-255.462606	-255.394029	-255.418972	-255.34167	
133.6707	-255.607088	-255.533656	-255.563455	-255.490023	
133.6754	-255.643954	-255.577289	-255.600321	-255.533656	
133.6856	-255.726757	-255.655829	-255.683124	-255.620922	
133.6957	-255.811717	-255.751822	-255.768084	-255.716915	
133.7059	-255.89891	-255.847815	-255.855277	-255.804182	
133.716	-255.987378	-255.935082	-255.943745	-255.900175	
133.7263	-256.079729	-256.039801	-256.036096	-255.996168	
133.7364	-256.172521	-256.135794	-256.128888	-256.092161	
133.7465	-256.267465	-256.231787	-256.223832	-256.188154	
133.7567	-256.365172	-256.336507	-256.321539	-256.284147	
133.7669	-256.464434	-256.4325	-256.4208	-256.388867	
133.777	-256.565878	-256.53722	-256.522245	-256.476134	
133.7872	-256.667318	-256.64194	-256.623685	-256.58958	
133.7974	-256.769538	-256.755386	-256.725905	-256.685573	
133.8076	-256.871418	-256.860106	-256.827785	-256.799019	
133.8178	-256.973318	-256.964826	-256.929685	-256.903739	
133.8278	-257.073628	-257.078272	-257.029995	-257.017186	
133.8381	-257.176258	-257.191719	-257.132625	-257.121905	
133.8483	-257.278098	-257.296438	-257.234465	-257.226625	
133.8583	-257.378848	-257.401158	-257.335215	-257.331345	
133.8686	-257.481978	-257.505878	-257.438345	-257.436065	
133.8788	-257.583178	-257.601871	-257.539545	-257.540784	
133.889	-257.685398	-257.697864	-257.641765	-257.645504	
133.8991	-257.786718	-257.785131	-257.743085	-257.741497	
133.9092	-257.887808	-257.881124	-257.844175	-257.83749	
133.9195	-257.990508	-257.985843	-257.946875	-257.933484	
133.9296	-258.091448	-258.07311	-258.047815	-258.029477	
133.9398	-258.193448	-258.169103	-258.149815	-258.134196	
133.95	-258.295888	-258.273823	-258.252255	-258.238916	
133.9601	-258.396488	-258.369816	-258.352855	-258.334909	
133.9702	-258.497998	-258.465809	-258.454365	-258.430902	
133.9804	-258.599328	-258.570529	-258.555695	-258.535622	
133.9906	-258.701158	-258.666522	-258.657525	-258.631615	
134.0007	-258.802818	-258.771242	-258.759185	-258.736335	
134.0109	-258.904078	-258.875961	-258.860445	-258.841055	
134.021	-259.005648	-258.971954	-258.962015	-258.937048	
134.0392	-259.187048	-259.076674	-259.143415	-259.050494	
134.0438	-259.233288	-259.216301	-259.189655	-259.181394	
134.054	-259.335658	-259.32102	-259.292025	-259.286114	
134.0641	-259.436998	-259.42574	-259.393365	-259.39956	
134.0742	-259.537848	-259.547913	-259.494215	-259.513006	
134.0845	-259.640608	-259.661359	-259.596975	-259.626453	
134.0946	-259.741768	-259.766079	-259.698135	-259.731173	
134.1048	-259.843348	-259.870799	-259.799715	-259.835892	
134.115	-259.945088	-259.975519	-259.901455	-259.931885	
134.1251	-260.046868	-260.088965	-260.003235	-260.036605	
134.1354	-260.149038	-260.184958	-260.105405	-260.123872	
134.1455	-260.250448	-260.280951	-260.206815	-260.228591	
134.1556	-260.351908	-260.376944	-260.308275	-260.315858	
134.1659	-260.454148	-260.472938	-260.410515	-260.403124	
134.176	-260.555668	-260.568931	-260.512035	-260.507844	
134.1861	-260.656828	-260.656197	-260.613195	-260.586384	
134.1963	-260.758168	-260.75219	-260.714535	-260.682377	
134.2065	-260.860818	-260.848183	-260.817185	-260.77837	
134.2167	-260.962078	-260.93545	-260.918445	-260.874363	
134.2268	-261.063548	-261.031443	-261.019915	-260.96163	
134.2369	-261.164998	-261.118709	-261.121365	-261.06635	
134.2472	-261.267078	-261.223429	-261.223445	-261.171069	
134.2572	-261.367938	-261.319422	-261.324305	-261.275789	
134.2674	-261.470268	-261.415415	-261.426635	-261.380509	
134.2776	-261.571248	-261.520135	-261.527615	-261.485229	
134.2878	-261.673118	-261.624855	-261.629485	-261.589948	
134.298	-261.775098	-261.747028	-261.731465	-261.703395	
134.3081	-261.876508	-261.851748	-261.832875	-261.816841	
134.3183	-261.979008	-261.965194	-261.935375	-261.921561	
134.3285	-262.080168	-262.07864	-262.036535	-262.035007	
134.3387	-262.182168	-262.192087	-262.138535	-262.139727	
134.3488	-262.283408	-262.305533	-262.239775	-262.244447	
134.3592	-262.387518	-262.41898	-262.343885	-262.34044	
134.3691	-262.486058	-262.532426	-262.442425	-262.436433	
134.3792	-262.587448	-262.637146	-262.543815	-262.532426	
134.3895	-262.690118	-262.733139	-262.646485	-262.637146	
134.3996	-262.791958	-262.829132	-262.748325	-262.733139	
134.41	-262.895268	-262.916399	-262.851635	-262.829132	
134.4199	-262.994708	-263.012392	-262.951075	-262.925125	
134.4302	-263.097258	-263.099658	-263.053625	-263.021118	
134.4403	-263.198898	-263.195651	-263.155265	-263.125838	
134.4504	-263.299408	-263.282918	-263.255775	-263.221831	
134.4606	-263.401228	-263.370184	-263.357595	-263.326551	
134.4707	-263.502508	-263.466177	-263.458875	-263.422544	
134.4809	-263.604758	-263.553444	-263.561125	-263.518537	
134.491	-263.705208	-263.649437	-263.661575	-263.61453	
134.5012	-263.807798	-263.74543	-263.764165	-263.71925	
134.5113	-263.908958	-263.841423	-263.865325	-263.82397	
134.5295	-264.090128	-264.024683	-264.046495	-263.998503	
134.5342	-264.137328	-264.068316	-264.093695	-264.050863	
134.5443	-264.238688	-264.181762	-264.195055	-264.155582	
134.5544	-264.339758	-264.295209	-264.296125	-264.260302	
134.5647	-264.442118	-264.408655	-264.398485	-264.365022	
134.5748	-264.543558	-264.522101	-264.499925	-264.478468	
134.5849	-264.644628	-264.644274	-264.600995	-264.591915	
134.5951	-264.746138	-264.757721	-264.702505	-264.696634	
134.6052	-264.847728	-264.871167	-264.804095	-264.801354	
134.6155	-264.950398	-264.99334	-264.906765	-264.906074	
134.6256	-265.051508	-265.09806	-265.007875	-265.010794	
134.6359	-265.154968	-265.20278	-265.111335	-265.115513	
134.6462	-265.257588	-265.298773	-265.213955	-265.220233	
134.6561	-265.356838	-265.394766	-265.313205	-265.324953	
134.6663	-265.458498	-265.490759	-265.414865	-265.429673	
134.6764	-265.559198	-265.578026	-265.515565	-265.534392	
134.6871	-265.666338	-265.665292	-265.622705	-265.639112	
134.6968	-265.763408	-265.752559	-265.719775	-265.735105	
134.7069	-265.864748	-265.848552	-265.821115	-265.831098	
134.717	-265.965898	-265.935818	-265.922265	-265.935818	
134.7274	-266.069968	-266.023085	-266.026335	-266.023085	
134.7377	-266.172168	-266.119078	-266.128535	-266.127804	
134.7478	-266.273478	-266.223797	-266.229845	-266.215071	
134.7581	-266.376798	-266.319791	-266.333165	-266.311064	
134.7682	-266.477498	-266.42451	-266.433865	-266.407057	
134.7783	-266.578918	-266.537957	-266.535285	-266.494323	
134.7886	-266.681188	-266.642676	-266.637555	-266.590317	
134.7987	-266.782448	-266.756123	-266.738815	-266.68631	
134.8088	-266.883848	-266.869569	-266.840215	-266.791029	
134.819	-266.985508	-266.974289	-266.941875	-266.895749	
134.8291	-267.086848	-267.087735	-267.043215	-267.000469	
134.8393	-267.188908	-267.209908	-267.145275	-267.105189	
134.8496	-267.291008	-267.314628	-267.247375	-267.218635	
134.8596	-267.391558	-267.428075	-267.347925	-267.323355	
134.8699	-267.494178	-267.532794	-267.450545	-267.436801	
134.88	-267.592918	-267.628788	-267.549285	-267.541521	
134.8901	-267.688762	-267.733507	-267.645129	-267.646241	
134.9021	-267.799224	-267.8295	-267.75559	-267.750961	
134.9105	-267.875699	-267.925493	-267.832066	-267.85568	
134.9206	-267.965766	-268.01276	-267.922132	-267.9604	
134.9307	-268.053897	-268.100026	-268.010264	-268.056393	
134.9409	-268.140238	-268.187293	-268.096604	-268.152386	
134.9511	-268.225212	-268.265833	-268.181579	-268.239653	
134.9613	-268.307205	-268.353099	-268.263572	-268.326919	
134.9714	-268.387006	-268.431639	-268.343372	-268.396732	
134.9816	-268.465562	-268.501452	-268.421929	-268.466546	
134.9917	-268.541808	-268.571265	-268.498174	-268.527632	
135.0019	-268.616224	-268.632352	-268.57259	-268.579992	
135.012	-268.687538	-268.702165	-268.643904	-268.641078	
135.0222	-268.758457	-268.763252	-268.714824	-268.693438	
135.0324	-268.826844	-268.833065	-268.783211	-268.754525	
135.0425	-268.892243	-268.894151	-268.84861	-268.815611	
135.053	-268.958396	-268.955238	-268.914762	-268.867971	
135.0631	-269.020381	-269.025051	-268.976748	-268.929058	
135.0732	-269.080349	-269.077411	-269.036716	-268.990144	
135.0835	-269.138898	-269.147224	-269.095265	-269.051231	
135.0936	-269.194891	-269.199584	-269.151258	-269.112317	
135.1038	-269.249244	-269.269397	-269.20561	-269.173404	
135.114	-269.301493	-269.321757	-269.25786	-269.23449	
135.1241	-269.351584	-269.374117	-269.30795	-269.304304	
135.1343	-269.400138	-269.426477	-269.356505	-269.36539	
135.1445	-269.446371	-269.47011	-269.402738	-269.41775	
135.1549	-269.491728	-269.513743	-269.448095	-269.478837	
135.1648	-269.53319	-269.557376	-269.489557	-269.539923	
135.175	-269.573747	-269.60101	-269.530113	-269.592283	
135.1851	-269.612122	-269.644643	-269.568489	-269.635916	
135.1952	-269.648545	-269.688276	-269.604911	-269.670823	
135.2055	-269.683636	-269.723183	-269.640003	-269.705729	
135.2157	-269.716515	-269.758089	-269.672882	-269.723183	
135.2258	-269.747485	-269.792996	-269.703852	-269.740636	
135.236	-269.776515	-269.810449	-269.732882	-269.758089	
135.2462	-269.8038	-269.836629	-269.760166	-269.775542	
135.2563	-269.829265	-269.862809	-269.785632	-269.784269	
135.2665	-269.852724	-269.871536	-269.809091	-269.792996	
135.2766	-269.874563	-269.888989	-269.830929	-269.792996	
135.2868	-269.894535	-269.906442	-269.850902	-269.810449	
135.2969	-269.912791	-269.915169	-269.869157	-269.810449	
135.3071	-269.929349	-269.923895	-269.885716	-269.827902	
135.3173	-269.944268	-269.932622	-269.900635	-269.836629	
135.3274	-269.95754	-269.941349	-269.913907	-269.862809	
135.3376	-269.969206	-269.950075	-269.925573	-269.871536	
135.3578	-269.984766	-269.958802	-269.941133	-269.915169	
135.3625	-269.988609	-269.967529	-269.944976	-269.923895	
135.3806	-269.998241	-269.967529	-269.954607	-269.950075	
135.3853	-270.000903	-269.976255	-269.957269	-269.958802	
135.3954	-270.005446	-269.976255	-269.961813	-269.967529	
135.4056	-270.009083	-269.984982	-269.96545	-269.976255	
135.4158	-270.011921	-269.993709	-269.968288	-269.984982	
135.426	-270.014067	-270.002435	-269.970434	-269.984982	
135.4361	-270.019051	-270.002435	-269.975418	-269.984982	
135.4464	-270.019051	-270.011162	-269.975418	-269.984982	
135.4565	-270.019051	-270.011162	-269.975418	-269.984982	
135.4667	-270.019051	-270.011162	-269.975418	-269.984982	
135.4768	-270.019051	-270.011162	-269.975418	-269.984982	
135.487	-270.019051	-270.002435	-269.975418	-269.984982	
135.4971	-270.019051	-270.002435	-269.975418	-269.984982	
135.5073	-270.019051	-270.002435	-269.975418	-269.984982	
135.5175	-270.019051	-270.002435	-269.975418	-269.984982	
135.5277	-270.019051	-270.002435	-269.975418	-269.984982	
135.5379	-270.019051	-270.002435	-269.975418	-269.984982	
135.548	-270.019051	-270.002435	-269.975418	-269.984982	
135.5583	-270.019051	-270.002435	-269.975418	-269.984982	
135.5684	-270.019051	-270.002435	-269.975418	-269.984982	
135.5785	-270.019051	-270.002435	-269.975418	-269.984982	
135.5887	-270.019051	-270.002435	-269.975418	-269.984982	
135.5989	-270.019051	-270.002435	-269.975418	-269.984982	
135.609	-270.019051	-270.002435	-269.975418	-269.984982	
135.6192	-270.019051	-270.002435	-269.975418	-269.984982	
135.6294	-270.019051	-270.002435	-269.975418	-269.984982	
135.6395	-270.019051	-270.002435	-269.975418	-269.984982	
135.6497	-270.019051	-270.002435	-269.975418	-269.984982	
135.6599	-270.019051	-270.002435	-269.975418	-269.984982	
135.67	-270.019051	-270.002435	-269.975418	-269.984982	
135.6802	-270.019051	-270.002435	-269.975418	-269.984982	
135.6903	-270.019051	-270.002435	-269.975418	-269.984982	
135.7004	-270.019051	-270.002435	-269.975418	-269.984982	
135.7109	-270.019051	-270.002435	-269.975418	-269.984982	
135.7208	-270.019051	-270.002435	-269.975418	-269.984982	
135.7309	-270.019051	-270.002435	-269.975418	-269.984982	
135.7411	-270.019051	-270.002435	-269.975418	-269.984982	
135.7593	-270.019051	-270.002435	-269.975418	-269.984982	
135.7641	-270.019051	-270.002435	-269.975418	-269.984982	
135.7743	-270.019051	-270.002435	-269.975418	-269.984982	
135.7846	-270.019051	-270.002435	-269.975418	-269.984982	
135.7946	-270.019051	-270.002435	-269.975418	-269.984982	
135.8048	-270.019051	-270.002435	-269.975418	-269.984982	
135.815	-270.019051	-270.002435	-269.975418	-269.984982	
135.8251	-270.019051	-270.002435	-269.975418	-269.984982	
135.8353	-270.019051	-270.002435	-269.975418	-269.984982	
135.8454	-270.019051	-270.002435	-269.975418	-269.984982	
135.8636	-270.019051	-270.002435	-269.975418	-269.984982	
135.8682	-270.019051	-270.002435	-269.975418	-269.984982	
135.8784	-270.019051	-270.002435	-269.975418	-269.984982	
135.8887	-270.019051	-270.002435	-269.975418	-269.984982	
135.8987	-270.019051	-270.002435	-269.975418	-269.984982	
135.9088	-270.019051	-270.002435	-269.975418	-269.984982	
135.9191	-270.019051	-270.002435	-269.975418	-269.984982	
135.9292	-270.019051	-270.002435	-269.975418	-269.984982	
135.9394	-270.019051	-270.002435	-269.975418	-269.984982	
135.9495	-270.019051	-270.002435	-269.975418	-269.984982	
135.9598	-270.019051	-270.002435	-269.975418	-269.984982	
135.9699	-270.019051	-270.002435	-269.975418	-269.984982	
135.98	-270.019051	-270.002435	-269.975418	-269.984982	
135.9902	-270.019051	-270.002435	-269.975418	-269.984982	
136.0003	-270.019051	-270.002435	-269.975418	-269.984982	
136.0105	-270.019051	-270.002435	-269.975418	-269.984982	
136.0206	-270.019051	-270.002435	-269.975418	-269.984982	
136.0308	-270.019051	-270.002435	-269.975418	-269.984982	
136.041	-270.019051	-270.002435	-269.975418	-269.984982	
136.0514	-270.019051	-270.002435	-269.975418	-269.984982	
136.0614	-270.019051	-270.002435	-269.975418	-269.984982	
136.0715	-270.019051	-270.002435	-269.975418	-269.984982	
136.0816	-270.019051	-270.002435	-269.975418	-269.984982	
136.0919	-270.019051	-270.002435	-269.975418	-269.984982	
136.102	-270.019051	-270.002435	-269.975418	-269.984982	
136.1121	-270.019051	-270.002435	-269.975418	-269.984982	
136.1222	-270.019051	-270.002435	-269.975418	-269.984982	
136.1324	-270.019051	-270.002435	-269.975418	-269.984982	
136.1426	-270.019051	-270.002435	-269.975418	-269.984982	
136.1528	-270.019051	-270.002435	-269.975418	-269.984982	
136.1629	-270.019051	-270.002435	-269.975418	-269.984982	
136.1731	-270.019051	-270.002435	-269.975418	-269.984982	
136.1832	-270.019051	-270.002435	-269.975418	-269.984982	
136.1934	-270.019051	-270.002435	-269.975418	-269.984982	
136.2036	-270.019051	-270.002435	-269.975418	-269.984982	
136.2137	-270.019051	-269.993709	-269.975418	-269.984982	
136.224	-270.019051	-269.993709	-269.975418	-269.984982	
136.2341	-270.019051	-269.993709	-269.975418	-269.984982	
136.2442	-270.019051	-269.984982	-269.975418	-269.984982	
136.2545	-270.019051	-269.984982	-269.975418	-269.976255	
136.2647	-270.019051	-269.976255	-269.975418	-269.976255	
136.2748	-270.019051	-269.976255	-269.975418	-269.967529	
136.2849	-270.019051	-269.984982	-269.975418	-269.967529	
136.2952	-270.019051	-269.984982	-269.975418	-269.967529	
136.3053	-270.019051	-269.993709	-269.975418	-269.958802	
136.3154	-270.019051	-270.002435	-269.975418	-269.958802	
136.3257	-270.019051	-270.011162	-269.975418	-269.958802	
136.3438	-270.019051	-270.011162	-269.975418	-269.950075	
136.3507	-270.019051	-270.002435	-269.975418	-269.950075	
136.3586	-270.019051	-270.002435	-269.975418	-269.941349	
136.3687	-270.019051	-269.993709	-269.975418	-269.932622	
136.3788	-270.019051	-269.984982	-269.975418	-269.932622	
136.3891	-270.019051	-269.976255	-269.975418	-269.932622	
136.3992	-270.019051	-269.967529	-269.975418	-269.932622	
136.4093	-270.019051	-269.967529	-269.975418	-269.932622	
136.4195	-270.019051	-269.967529	-269.975418	-269.932622	
136.4297	-270.019051	-269.967529	-269.975418	-269.932622	
136.4399	-270.019051	-269.967529	-269.975418	-269.941349	
136.4501	-270.019051	-269.976255	-269.975418	-269.958802	
136.4601	-270.019051	-269.993709	-269.975418	-269.967529	
136.4704	-270.019051	-270.011162	-269.975418	-269.984982	
136.4806	-270.019051	-270.037342	-269.975418	-270.002435	
136.4906	-270.019051	-270.054795	-269.975418	-270.011162	
136.5008	-270.019051	-270.072248	-269.975418	-270.019889	
136.5111	-270.019051	-270.080975	-269.975418	-270.019889	
136.5212	-270.019051	-270.089702	-269.975418	-270.019889	
136.5313	-270.019051	-270.098428	-269.975418	-270.002435	
136.5414	-270.019051	-270.089702	-269.975418	-270.002435	
136.5518	-270.019051	-270.080975	-269.975418	-269.984982	
136.5621	-270.019051	-270.063522	-269.975418	-269.967529	
136.5719	-270.019051	-270.037342	-269.975418	-269.958802	
136.5843	-270.019051	-270.002435	-269.975418	-269.941349	
136.5943	-270.019051	-269.976255	-269.975418	-269.932622	
136.6044	-270.019051	-269.950075	-269.975418	-269.923895	
136.6147	-270.019051	-269.932622	-269.975418	-269.915169	
136.6248	-270.019051	-269.915169	-269.975418	-269.915169	
136.6349	-270.019051	-269.915169	-269.975418	-269.932622	
136.6451	-270.019051	-269.923895	-269.975418	-269.932622	
136.6553	-270.019051	-269.932622	-269.975418	-269.950075	
136.6654	-270.019051	-269.967529	-269.975418	-269.967529	
136.6757	-270.019051	-270.002435	-269.975418	-269.984982	
136.6858	-270.019051	-270.037342	-269.975418	-270.002435	
136.696	-270.019051	-270.072248	-269.975418	-270.019889	
136.7062	-270.019051	-270.107155	-269.975418	-270.037342	
136.7162	-270.019051	-270.133335	-269.975418	-270.046069	
136.7265	-270.019051	-270.150788	-269.975418	-270.046069	
136.7367	-270.019051	-270.150788	-269.975418	-270.046069	
136.7468	-270.019051	-270.142062	-269.975418	-270.037342	
136.757	-270.019051	-270.115882	-269.975418	-270.028615	
136.7671	-270.019051	-270.080975	-269.975418	-270.002435	
136.7773	-270.019051	-270.037342	-269.975418	-269.984982	
136.7874	-270.019051	-269.984982	-269.975418	-269.967529	
136.7976	-270.019051	-269.941349	-269.975418	-269.932622	
136.8079	-270.019051	-269.897716	-269.975418	-269.915169	
136.818	-270.019051	-269.871536	-269.975418	-269.897716	
136.8282	-270.019051	-269.862809	-269.975418	-269.880262	
136.8384	-270.019051	-269.862809	-269.975418	-269.871536	
136.8487	-270.019051	-269.897716	-269.975418	-269.871536	
136.8588	-270.019051	-269.932622	-269.975418	-269.888989	
136.8689	-270.019051	-269.976255	-269.975418	-269.915169	
136.879	-270.019051	-270.037342	-269.975418	-269.941349	
136.8893	-270.019051	-270.080975	-269.975418	-269.967529	
136.8994	-270.019051	-270.124608	-269.975418	-270.011162	
136.9094	-270.019051	-270.150788	-269.975418	-270.046069	
136.9197	-270.019051	-270.159515	-269.975418	-270.072248	
136.9299	-270.019051	-270.150788	-269.975418	-270.089702	
136.94	-270.019051	-270.124608	-269.975418	-270.098428	
136.9501	-270.019051	-270.089702	-269.975418	-270.089702	
136.9603	-270.019051	-270.046069	-269.975418	-270.072248	
136.9704	-270.019051	-270.002435	-269.975418	-270.046069	
136.9806	-270.019051	-269.950075	-269.975418	-270.011162	
136.9907	-270.019051	-269.906442	-269.975418	-269.967529	
137.001	-270.019051	-269.880262	-269.975418	-269.932622	
137.011	-270.019051	-269.862809	-269.975418	-269.880262	
137.0292	-270.019051	-269.871536	-269.975418	-269.854082	
137.0339	-270.019051	-269.897716	-269.975418	-269.827902	
137.044	-270.019051	-269.932622	-269.975418	-269.827902	
137.0543	-270.019051	-269.984982	-269.975418	-269.845356	
137.0645	-270.019051	-270.037342	-269.975418	-269.871536	
137.0746	-270.019051	-270.080975	-269.975418	-269.915169	
137.0847	-270.019051	-270.124608	-269.975418	-269.967529	
137.0949	-270.019051	-270.150788	-269.975418	-270.011162	
137.105	-270.019051	-270.159515	-269.975418	-270.054795	
137.1152	-270.019051	-270.150788	-269.975418	-270.080975	
137.1255	-270.019051	-270.133335	-269.975418	-270.098428	
137.1356	-270.019051	-270.098428	-269.975418	-270.098428	
137.1458	-270.019051	-270.046069	-269.975418	-270.080975	
137.1559	-270.019051	-270.002435	-269.975418	-270.054795	
137.1662	-270.019051	-269.950075	-269.975418	-270.019889	
137.1763	-270.019051	-269.906442	-269.975418	-269.976255	
137.1864	-270.019051	-269.880262	-269.975418	-269.932622	
137.1966	-270.019051	-269.862809	-269.975418	-269.888989	
137.2068	-270.019051	-269.862809	-269.975418	-269.862809	
137.2169	-270.019051	-269.888989	-269.975418	-269.827902	
137.227	-270.019051	-269.923895	-269.975418	-269.827902	
137.2373	-270.019051	-269.967529	-269.975418	-269.827902	
137.2475	-270.019051	-270.019889	-269.975418	-269.845356	
137.2576	-270.019051	-270.072248	-269.975418	-269.871536	
137.2678	-270.019051	-270.107155	-269.975418	-269.915169	
137.2779	-270.019051	-270.142062	-269.975418	-269.967529	
137.2881	-270.019051	-270.168242	-269.975418	-270.019889	
137.2983	-270.019051	-270.168242	-269.975418	-270.063522	
137.3084	-270.019051	-270.142062	-269.975418	-270.098428	
137.3187	-270.019051	-270.107155	-269.975418	-270.107155	
137.3288	-270.019051	-270.072248	-269.975418	-270.107155	
137.3392	-270.019051	-270.019889	-269.975418	-270.080975	
137.3516	-270.019051	-269.967529	-269.975418	-270.046069	
137.3592	-270.019051	-269.932622	-269.975418	-270.002435	
137.3693	-270.019051	-269.897716	-269.975418	-269.950075	
137.3795	-270.019051	-269.888989	-269.975418	-269.906442	
137.3896	-270.019051	-269.897716	-269.975418	-269.862809	
137.4	-270.019051	-269.915169	-269.975418	-269.827902	
137.41	-270.019051	-269.941349	-269.975418	-269.819176	
137.4202	-270.019051	-269.976255	-269.975418	-269.819176	
137.4304	-270.019051	-270.019889	-269.975418	-269.836629	
137.4405	-270.019051	-270.072248	-269.975418	-269.871536	
137.4506	-270.019051	-270.107155	-269.975418	-269.915169	
137.4608	-270.019051	-270.142062	-269.975418	-269.967529	
137.471	-270.019051	-270.150788	-269.975418	-270.019889	
137.4812	-270.019051	-270.142062	-269.975418	-270.063522	
137.4913	-270.019051	-270.124608	-269.975418	-270.089702	
137.5014	-270.019051	-270.089702	-269.975418	-270.107155	
137.5116	-270.019051	-270.046069	-269.975418	-270.098428	
137.5217	-270.019051	-270.002435	-269.975418	-270.080975	
137.5319	-270.019051	-269.958802	-269.975418	-270.046069	
137.542	-270.019051	-269.923895	-269.975418	-270.002435	
137.5522	-270.019051	-269.906442	-269.975418	-269.967529	
137.5624	-270.019051	-269.897716	-269.975418	-269.915169	
137.5725	-270.019051	-269.906442	-269.975418	-269.871536	
137.5908	-270.019051	-269.958802	-269.975418	-269.819176	
137.5954	-270.019051	-269.976255	-269.975418	-269.810449	
137.6056	-270.019051	-270.011162	-269.975418	-269.801722	
137.6159	-270.019051	-270.054795	-269.975418	-269.827902	
137.626	-270.019051	-270.098428	-269.975418	-269.854082	
137.6361	-270.019051	-270.133335	-269.975418	-269.897716	
137.6464	-270.019051	-270.150788	-269.975418	-269.958802	
137.6565	-270.019051	-270.150788	-269.975418	-270.011162	
137.6667	-270.019051	-270.142062	-269.975418	-270.054795	
137.6768	-270.019051	-270.107155	-269.975418	-270.089702	
137.687	-270.019051	-270.072248	-269.975418	-270.098428	
137.6971	-270.019051	-270.028615	-269.975418	-270.089702	
137.7073	-270.019051	-269.976255	-269.975418	-270.072248	
137.7174	-270.019051	-269.941349	-269.975418	-270.037342	
137.7276	-270.019051	-269.906442	-269.975418	-270.002435	
137.7379	-270.019051	-269.897716	-269.975418	-269.958802	
137.748	-270.019051	-269.897716	-269.975418	-269.906442	
137.7582	-270.019051	-269.906442	-269.975418	-269.862809	
137.7763	-270.019051	-269.932622	-269.975418	-269.836629	
137.781	-270.019051	-269.984982	-269.975418	-269.810449	
137.7912	-270.019051	-270.019889	-269.975418	-269.819176	
137.8013	-270.019051	-270.072248	-269.975418	-269.827902	
137.8119	-270.019051	-270.107155	-269.975418	-269.862809	
137.8216	-270.019051	-270.124608	-269.975418	-269.915169	
137.8317	-270.019051	-270.133335	-269.975418	-269.967529	
137.8498	-270.019051	-270.107155	-269.975418	-270.054795	
137.8545	-270.019051	-270.098428	-269.975418	-270.072248	
137.8647	-270.019051	-270.063522	-269.975418	-270.107155	
137.8748	-270.019051	-270.019889	-269.975418	-270.124608	
137.885	-270.019051	-269.976255	-269.975418	-270.124608	
137.8951	-270.019051	-269.932622	-269.975418	-270.107155	
137.9052	-270.019051	-269.906442	-269.975418	-270.072248	
137.9154	-270.019051	-269.880262	-269.975418	-270.019889	
137.9256	-270.019051	-269.871536	-269.975418	-269.967529	
137.9359	-270.019051	-269.880262	-269.975418	-269.906442	
137.946	-270.019051	-269.897716	-269.975418	-269.854082	
137.9561	-270.019051	-269.932622	-269.975418	-269.810449	
137.9663	-270.019051	-269.976255	-269.975418	-269.784269	
137.9766	-270.019051	-270.028615	-269.975418	-269.775542	
137.9867	-270.019051	-270.072248	-269.975418	-269.784269	
137.9968	-270.019051	-270.124608	-269.975418	-269.810449	
138.007	-270.019051	-270.159515	-269.975418	-269.862809	
138.0172	-270.019051	-270.185695	-269.975418	-269.915169	
138.0273	-270.019051	-270.194422	-269.975418	-269.976255	
138.0375	-270.019051	-270.176968	-269.975418	-270.037342	
138.0477	-270.019051	-270.150788	-269.975418	-270.107155	
138.0578	-270.019051	-270.124608	-269.975418	-270.150788	
138.068	-270.019051	-270.089702	-269.975418	-270.176968	
138.0784	-270.019051	-270.054795	-269.975418	-270.185695	
138.0884	-270.019051	-270.037342	-269.975418	-270.176968	
138.0985	-270.019051	-270.011162	-269.975418	-270.142062	
138.1087	-270.019051	-270.002435	-269.975418	-270.089702	
138.1189	-270.019051	-270.002435	-269.975418	-270.037342	
138.129	-270.019051	-270.011162	-269.975418	-269.958802	
138.1391	-270.019051	-270.011162	-269.975418	-269.880262	
138.1493	-270.019051	-270.019889	-269.975418	-269.819176	
138.1595	-270.019051	-270.037342	-269.975418	-269.758089	
138.1696	-270.019051	-270.037342	-269.975418	-269.731909	
138.1799	-270.019051	-270.054795	-269.975418	-269.723183	
138.19	-270.019051	-270.063522	-269.975418	-269.740636	
138.2002	-270.019051	-270.080975	-269.975418	-269.775542	
138.2103	-270.019051	-270.089702	-269.975418	-269.827902	
138.2205	-270.019051	-270.098428	-269.975418	-269.880262	
138.2307	-270.019051	-270.098428	-269.975418	-269.958802	
138.2408	-270.019051	-270.098428	-269.975418	-270.028615	
138.2509	-270.019051	-270.089702	-269.975418	-270.089702	
138.2611	-270.019051	-270.080975	-269.975418	-270.142062	
138.2713	-270.019051	-270.072248	-269.975418	-270.159515	
138.2814	-270.019051	-270.072248	-269.975418	-270.159515	
138.2916	-270.019051	-270.072248	-269.975418	-270.142062	
138.3017	-270.019051	-270.072248	-269.975418	-270.107155	
138.3119	-270.019051	-270.072248	-269.975418	-270.046069	
138.3221	-270.019051	-270.072248	-269.975418	-269.984982	
138.3322	-270.019051	-270.072248	-269.975418	-269.915169	
138.3426	-270.019051	-270.072248	-269.975418	-269.854082	
138.3608	-270.019051	-270.072248	-269.975418	-269.775542	
138.3655	-270.019051	-270.072248	-269.975418	-269.758089	
138.3756	-270.019051	-270.072248	-269.975418	-269.758089	
138.3858	-270.019051	-270.072248	-269.975418	-269.766816	
138.3961	-270.019051	-270.072248	-269.975418	-269.792996	
138.4063	-270.019051	-270.072248	-269.975418	-269.836629	
138.4165	-270.019051	-270.072248	-269.975418	-269.897716	
138.4266	-270.019051	-270.072248	-269.975418	-269.967529	
138.4367	-270.019051	-270.072248	-269.975418	-270.037342	
138.4469	-270.019051	-270.072248	-269.975418	-270.089702	
138.4571	-270.019051	-270.072248	-269.975418	-270.124608	
138.4672	-270.019051	-270.072248	-269.975418	-270.142062	
138.4774	-270.019051	-270.072248	-269.975418	-270.133335	
138.4876	-270.019051	-270.072248	-269.975418	-270.107155	
138.4977	-270.019051	-270.072248	-269.975418	-270.072248	
138.5079	-270.019051	-270.072248	-269.975418	-270.011162	
138.5181	-270.019051	-270.072248	-269.975418	-269.950075	
138.5282	-270.019051	-270.072248	-269.975418	-269.897716	
138.5384	-270.019051	-270.072248	-269.975418	-269.845356	
138.5486	-270.019051	-270.072248	-269.975418	-269.801722	
138.5588	-270.019051	-270.072248	-269.975418	-269.784269	
138.569	-270.019051	-270.072248	-269.975418	-269.784269	
138.5791	-270.019051	-270.072248	-269.975418	-269.801722	
138.5893	-270.019051	-270.072248	-269.975418	-269.836629	
138.5994	-270.019051	-270.072248	-269.975418	-269.888989	
138.6095	-270.019051	-270.072248	-269.975418	-269.941349	
138.6197	-270.019051	-270.072248	-269.975418	-270.002435	
138.6299	-270.019051	-270.072248	-269.975418	-270.054795	
138.6401	-270.019051	-270.072248	-269.975418	-270.107155	
138.6501	-270.019051	-270.072248	-269.975418	-270.124608	
138.6603	-270.019051	-270.072248	-269.975418	-270.142062	
138.6705	-270.019051	-270.072248	-269.975418	-270.124608	
138.6807	-270.019051	-270.072248	-269.975418	-270.089702	
138.6908	-270.019051	-270.072248	-269.975418	-270.046069	
138.7009	-270.019051	-270.072248	-269.975418	-269.993709	
138.7112	-270.019051	-270.072248	-269.975418	-269.932622	
138.7213	-270.019051	-270.072248	-269.975418	-269.880262	
138.7314	-270.019051	-270.072248	-269.975418	-269.827902	
138.7422	-270.019051	-270.072248	-269.975418	-269.801722	
138.7519	-270.019051	-270.072248	-269.975418	-269.792996	
138.7619	-270.019051	-270.072248	-269.975418	-269.792996	
138.7721	-270.019051	-270.072248	-269.975418	-269.827902	
138.7822	-270.019051	-270.072248	-269.975418	-269.862809	
138.7924	-270.019051	-270.072248	-269.975418	-269.923895	
138.8025	-270.019051	-270.072248	-269.975418	-269.984982	
138.8128	-270.019051	-270.063522	-269.975418	-270.046069	
138.8229	-270.019051	-270.046069	-269.975418	-270.089702	
138.8331	-270.019051	-270.037342	-269.975418	-270.124608	
138.8432	-270.019051	-270.011162	-269.975418	-270.124608	
138.8534	-270.019051	-269.993709	-269.975418	-270.107155	
138.8636	-270.019051	-269.976255	-269.975418	-270.080975	
138.8737	-270.019051	-269.967529	-269.975418	-270.037342	
138.8839	-270.019051	-269.958802	-269.975418	-269.984982	
138.8942	-270.019051	-269.950075	-269.975418	-269.932622	
138.9132	-270.019051	-269.958802	-269.975418	-269.836629	
138.9179	-270.019051	-269.958802	-269.975418	-269.819176	
138.9281	-270.019051	-269.967529	-269.975418	-269.792996	
138.9383	-270.019051	-269.976255	-269.975418	-269.792996	
138.9484	-270.019051	-269.976255	-269.975418	-269.801722	
138.9587	-270.019051	-269.984982	-269.975418	-269.836629	
138.9687	-270.019051	-269.984982	-269.975418	-269.888989	
138.9789	-270.019051	-269.984982	-269.975418	-269.950075	
138.9891	-270.019051	-269.984982	-269.975418	-270.002435	
138.9992	-270.019051	-269.984982	-269.975418	-270.054795	
139.0094	-270.019051	-269.984982	-269.975418	-270.098428	
139.02	-270.019051	-269.984982	-269.975418	-270.115882	
139.0297	-270.019051	-269.984982	-269.975418	-270.124608	
139.0399	-270.019051	-269.984982	-269.975418	-270.107155	
139.0579	-270.019051	-269.984982	-269.975418	-270.037342	
139.0626	-270.019051	-269.984982	-269.975418	-270.019889	
139.0807	-270.019051	-269.984982	-269.975418	-269.923895	
139.0854	-270.019051	-269.984982	-269.975418	-269.897716	
139.0956	-270.019051	-269.984982	-269.975418	-269.845356	
139.1056	-270.019051	-269.984982	-269.975418	-269.810449	
139.1158	-270.019051	-269.984982	-269.975418	-269.792996	
139.1262	-270.019051	-269.984982	-269.975418	-269.792996	
139.1362	-270.019051	-269.984982	-269.975418	-269.819176	
139.1464	-270.019051	-269.984982	-269.975418	-269.854082	
139.1565	-270.019051	-269.984982	-269.975418	-269.906442	
139.1668	-270.019051	-269.984982	-269.975418	-269.967529	
139.177	-270.019051	-269.993709	-269.975418	-270.037342	
139.1871	-270.019051	-269.993709	-269.975418	-270.089702	
139.1973	-270.019051	-270.002435	-269.975418	-270.142062	
139.2074	-270.019051	-270.002435	-269.975418	-270.176968	
139.2175	-270.019051	-270.011162	-269.975418	-270.185695	
139.2277	-270.019051	-270.011162	-269.975418	-270.176968	
139.2379	-270.019051	-270.019889	-269.975418	-270.142062	
139.2481	-270.019051	-270.028615	-269.975418	-270.089702	
139.2582	-270.019051	-270.028615	-269.975418	-270.028615	
139.2683	-270.019051	-270.028615	-269.975418	-269.950075	
139.2786	-270.019051	-270.028615	-269.975418	-269.880262	
139.2887	-270.019051	-270.028615	-269.975418	-269.827902	
139.2988	-270.019051	-270.028615	-269.975418	-269.775542	
139.309	-270.019051	-270.028615	-269.975418	-269.758089	
139.3192	-270.019051	-270.028615	-269.975418	-269.749363	
139.3293	-270.019051	-270.028615	-269.975418	-269.766816	
139.3402	-270.019051	-270.028615	-269.975418	-269.810449	
139.3496	-270.019051	-270.028615	-269.975418	-269.862809	
139.3606	-270.019051	-270.028615	-269.975418	-269.932622	
139.3707	-270.019051	-270.028615	-269.975418	-270.002435	
139.3809	-270.019051	-270.028615	-269.975418	-270.072248	
139.3912	-270.019051	-270.028615	-269.975418	-270.124608	
139.4013	-270.019051	-270.028615	-269.975418	-270.159515	
139.4114	-270.019051	-270.028615	-269.975418	-270.168242	
139.4215	-270.019051	-270.028615	-269.975418	-270.150788	
139.4321	-270.019051	-270.028615	-269.975418	-270.107155	
139.4419	-270.019051	-270.028615	-269.975418	-270.063522	
139.452	-270.019051	-270.028615	-269.975418	-270.002435	
139.4621	-270.019051	-270.028615	-269.975418	-269.932622	
139.4724	-270.019051	-270.028615	-269.975418	-269.862809	
139.4825	-270.019051	-270.028615	-269.975418	-269.810449	
139.4927	-270.019051	-270.028615	-269.975418	-269.775542	
139.5029	-270.019051	-270.028615	-269.975418	-269.758089	
139.513	-270.019051	-270.028615	-269.975418	-269.775542	
139.5232	-270.019051	-270.028615	-269.975418	-269.801722	
139.5334	-270.019051	-270.028615	-269.975418	-269.854082	
139.5436	-270.019051	-270.028615	-269.975418	-269.915169	
139.5537	-270.019051	-270.028615	-269.975418	-269.984982	
139.5639	-270.019051	-270.028615	-269.975418	-270.037342	
139.5741	-270.019051	-270.028615	-269.975418	-270.098428	
139.5843	-270.019051	-270.028615	-269.975418	-270.124608	
139.5945	-270.019051	-270.028615	-269.975418	-270.133335	
139.6046	-270.019051	-270.028615	-269.975418	-270.107155	
139.6148	-270.019051	-270.028615	-269.975418	-270.072248	
139.625	-270.019051	-270.028615	-269.975418	-270.028615	
139.6351	-270.019051	-270.028615	-269.975418	-269.967529	
139.6454	-270.019051	-270.028615	-269.975418	-269.906442	
139.6554	-270.019051	-270.028615	-269.975418	-269.862809	
139.6656	-270.019051	-270.028615	-269.975418	-269.819176	
139.6758	-270.019051	-270.028615	-269.975418	-269.792996	
139.6864	-270.019051	-270.028615	-269.975418	-269.792996	
139.7042	-270.019051	-270.028615	-269.975418	-269.845356	
139.7088	-270.019051	-270.028615	-269.975418	-269.862809	
139.7189	-270.019051	-270.028615	-269.975418	-269.915169	
139.7293	-270.019051	-270.028615	-269.975418	-269.976255	
139.7394	-270.019051	-270.028615	-269.975418	-270.028615	
139.7496	-270.019051	-270.028615	-269.975418	-270.072248	
139.7598	-270.019051	-270.028615	-269.975418	-270.098428	
139.7699	-270.019051	-270.028615	-269.975418	-270.098428	
139.7801	-270.019051	-270.028615	-269.975418	-270.080975	
139.7902	-270.019051	-270.028615	-269.975418	-270.054795	
139.8004	-270.019051	-270.028615	-269.975418	-270.019889	
139.8106	-270.019051	-270.028615	-269.975418	-269.967529	
139.8207	-270.019051	-270.028615	-269.975418	-269.932622	
139.8309	-270.019051	-270.028615	-269.975418	-269.880262	
139.8411	-270.019051	-270.028615	-269.975418	-269.845356	
139.8512	-270.019051	-270.028615	-269.975418	-269.827902	
139.8615	-270.019051	-270.028615	-269.975418	-269.810449	
139.8716	-270.019051	-270.028615	-269.975418	-269.827902	
139.8817	-270.019051	-270.028615	-269.975418	-269.854082	
139.8919	-270.019051	-270.028615	-269.975418	-269.897716	
139.9021	-270.019051	-270.028615	-269.975418	-269.941349	
139.9122	-270.019051	-270.028615	-269.975418	-270.002435	
139.9223	-270.019051	-270.028615	-269.975418	-270.054795	
139.9324	-270.019051	-270.028615	-269.975418	-270.089702	
139.9427	-270.019051	-270.028615	-269.975418	-270.115882	
139.9613	-270.019051	-270.028615	-269.975418	-270.115882	
139.966	-270.019051	-270.028615	-269.975418	-270.107155	
139.9762	-270.019051	-270.028615	-269.975418	-270.072248	
139.9863	-270.019051	-270.028615	-269.975418	-270.037342	
139.9965	-270.019051	-270.028615	-269.975418	-269.984982	
140.0067	-270.019051	-270.028615	-269.975418	-269.932622	
140.0168	-270.019051	-270.028615	-269.975418	-269.880262	
140.027	-270.019051	-270.028615	-269.975418	-269.845356	
140.0372	-270.019051	-270.028615	-269.975418	-269.827902	
140.0473	-270.019051	-270.028615	-269.975418	-269.819176	
140.0576	-270.019051	-270.028615	-269.975418	-269.827902	
140.0676	-270.019051	-270.028615	-269.975418	-269.862809	
140.0778	-270.019051	-270.028615	-269.975418	-269.906442	
140.088	-270.019051	-270.028615	-269.975418	-269.967529	
140.0982	-270.019051	-270.028615	-269.975418	-270.019889	
140.1083	-270.019051	-270.028615	-269.975418	-270.072248	
140.1188	-270.019051	-270.028615	-269.975418	-270.115882	
140.129	-270.019051	-270.028615	-269.975418	-270.142062	
140.1391	-270.019051	-270.028615	-269.975418	-270.142062	
140.1493	-270.019051	-270.028615	-269.975418	-270.124608	
140.1594	-270.019051	-270.028615	-269.975418	-270.089702	
140.1697	-270.019051	-270.028615	-269.975418	-270.037342	
140.1798	-270.019051	-270.028615	-269.975418	-269.984982	
140.1901	-270.019051	-270.028615	-269.975418	-269.932622	
140.2003	-270.019051	-270.028615	-269.975418	-269.880262	
140.2103	-270.019051	-270.028615	-269.975418	-269.845356	
140.2205	-270.019051	-270.028615	-269.975418	-269.819176	
140.2308	-270.019051	-270.028615	-269.975418	-269.810449	
140.2408	-270.019051	-270.028615	-269.975418	-269.827902	
140.251	-270.019051	-270.028615	-269.975418	-269.862809	
140.2691	-270.019051	-270.028615	-269.975418	-269.897716	
140.274	-270.019051	-270.028615	-269.975418	-269.967529	
140.284	-270.019051	-270.028615	-269.975418	-270.028615	
140.2942	-270.019051	-270.028615	-269.975418	-270.072248	
140.3044	-270.019051	-270.028615	-269.975418	-270.107155	
140.3146	-270.019051	-270.028615	-269.975418	-270.124608	
140.3247	-270.019051	-270.028615	-269.975418	-270.124608	
140.3349	-270.019051	-270.028615	-269.975418	-270.107155	
140.3451	-270.019051	-270.028615	-269.975418	-270.072248	
140.3558	-270.019051	-270.028615	-269.975418	-270.037342	
140.3654	-270.019051	-270.028615	-269.975418	-269.984982	
140.3759	-270.019051	-270.028615	-269.975418	-269.932622	
140.3856	-270.019051	-270.028615	-269.975418	-269.897716	
140.3958	-270.019051	-270.028615	-269.975418	-269.862809	
140.406	-270.019051	-270.028615	-269.975418	-269.845356	
140.4162	-270.019051	-270.028615	-269.975418	-269.836629	
140.4264	-270.019051	-270.028615	-269.975418	-269.845356	
140.4365	-270.019051	-270.028615	-269.975418	-269.871536	
140.4468	-270.019051	-270.028615	-269.975418	-269.906442	
140.4568	-270.019051	-270.028615	-269.975418	-269.958802	
140.4669	-270.019051	-270.028615	-269.975418	-270.002435	
140.4771	-270.019051	-270.028615	-269.975418	-270.046069	
140.4874	-270.019051	-270.028615	-269.975418	-270.072248	
140.4975	-270.019051	-270.028615	-269.975418	-270.098428	
140.5076	-270.019051	-270.028615	-269.975418	-270.107155	
140.5178	-270.019051	-270.028615	-269.975418	-270.089702	
140.5279	-270.019051	-270.028615	-269.975418	-270.072248	
140.5382	-270.019051	-270.028615	-269.975418	-270.037342	
140.5483	-270.019051	-270.028615	-269.975418	-270.011162	
140.5585	-270.019051	-270.028615	-269.975418	-269.976255	
140.5687	-270.019051	-270.028615	-269.975418	-269.950075	
140.5791	-270.019051	-270.028615	-269.975418	-269.923895	
140.589	-270.019051	-270.028615	-269.975418	-269.915169	
140.5992	-270.019051	-270.028615	-269.975418	-269.915169	
140.6093	-270.019051	-270.028615	-269.975418	-269.932622	
140.6194	-270.019051	-270.028615	-269.975418	-269.941349	
140.6296	-270.019051	-270.028615	-269.975418	-269.967529	
140.6398	-270.019051	-270.028615	-269.975418	-269.993709	
140.6499	-270.019051	-270.028615	-269.975418	-270.019889	
140.6602	-270.019051	-270.028615	-269.975418	-270.046069	
140.6702	-270.019051	-270.028615	-269.975418	-270.072248	
140.6806	-270.019051	-270.028615	-269.975418	-270.080975	
140.6908	-270.019051	-270.028615	-269.975418	-270.089702	
140.7007	-270.019051	-270.028615	-269.975418	-270.080975	
140.7109	-270.019051	-270.028615	-269.975418	-270.072248	
140.7212	-270.019051	-270.028615	-269.975418	-270.046069	
140.7395	-270.019051	-270.028615	-269.975418	-270.028615	
140.7522	-270.019051	-270.028615	-269.975418	-269.984982	
140.7569	-270.019051	-270.028615	-269.975418	-269.976255	
140.7671	-270.019051	-270.028615	-269.975418	-269.967529	
140.7772	-270.019051	-270.028615	-269.975418	-269.967529	
140.7874	-270.019051	-270.028615	-269.975418	-269.967529	
140.7976	-270.019051	-270.028615	-269.975418	-269.976255	
140.8077	-270.019051	-270.028615	-269.975418	-269.984982	
140.8179	-270.019051	-270.028615	-269.975418	-270.002435	
140.828	-270.019051	-270.028615	-269.975418	-270.011162	
140.8382	-270.019051	-270.028615	-269.975418	-270.028615	
140.8484	-270.019051	-270.028615	-269.975418	-270.037342	
140.8586	-270.019051	-270.028615	-269.975418	-270.046069	
140.8687	-270.019051	-270.028615	-269.975418	-270.054795	
140.8789	-270.019051	-270.028615	-269.975418	-270.063522	
140.8891	-270.019051	-270.028615	-269.975418	-270.063522	
140.8994	-270.019051	-270.028615	-269.975418	-270.054795	
140.9093	-270.019051	-270.028615	-269.975418	-270.046069	
140.9195	-270.019051	-270.028615	-269.975418	-270.046069	
140.9296	-270.019051	-270.028615	-269.975418	-270.037342	
140.9398	-270.019051	-270.028615	-269.975418	-270.037342	
140.9501	-270.019051	-270.028615	-269.975418	-270.037342	
140.9602	-270.019051	-270.028615	-269.975418	-270.037342	
140.9703	-270.019051	-270.028615	-269.975418	-270.037342	
140.9805	-270.019051	-270.028615	-269.975418	-270.037342	
140.9907	-270.019051	-270.028615	-269.975418	-270.037342	
141.0009	-270.019051	-270.028615	-269.975418	-270.037342	
141.0109	-270.019051	-270.028615	-269.975418	-270.037342	
141.0291	-270.019051	-270.028615	-269.975418	-270.037342	
141.0338	-270.019051	-270.028615	-269.975418	-270.037342	
141.0439	-270.019051	-270.028615	-269.975418	-270.037342	
141.0541	-270.019051	-270.028615	-269.975418	-270.028615	
141.0645	-270.019051	-270.028615	-269.975418	-270.028615	
141.0746	-270.019051	-270.028615	-269.975418	-270.019889	
141.0847	-270.019051	-270.028615	-269.975418	-270.019889	
141.095	-270.019051	-270.028615	-269.975418	-270.019889	
141.1052	-270.019051	-270.028615	-269.975418	-270.011162	
141.1152	-270.019051	-270.028615	-269.975418	-270.011162	
141.1254	-270.019051	-270.028615	-269.975418	-270.011162	
141.1356	-270.019051	-270.028615	-269.975418	-270.011162	
141.1457	-270.019051	-270.028615	-269.975418	-270.011162	
141.1559	-270.019051	-270.028615	-269.975418	-270.011162	
141.1661	-270.019051	-270.028615	-269.975418	-270.011162	
141.1842	-270.019051	-270.028615	-269.975418	-270.011162	
141.1889	-270.019051	-270.028615	-269.975418	-270.011162	
141.1991	-270.019051	-270.028615	-269.975418	-270.011162	
141.2092	-270.019051	-270.028615	-269.975418	-270.011162	
141.2193	-270.019051	-270.028615	-269.975418	-270.011162	
141.2295	-270.019051	-270.028615	-269.975418	-270.011162	
141.2397	-270.019051	-270.028615	-269.975418	-270.011162	
141.2499	-270.019051	-270.028615	-269.975418	-270.011162	
141.2604	-270.019051	-270.028615	-269.975418	-270.011162	
141.2701	-270.019051	-270.028615	-269.975418	-270.011162	
141.2883	-270.019051	-270.028615	-269.975418	-270.011162	
141.293	-270.019051	-270.028615	-269.975418	-270.011162	
141.3032	-270.019051	-270.028615	-269.975418	-270.011162	
141.3134	-270.019051	-270.028615	-269.975418	-270.011162	
141.3235	-270.019051	-270.028615	-269.975418	-270.011162	
141.3337	-270.019051	-270.028615	-269.975418	-270.011162	
141.3439	-270.019051	-270.028615	-269.975418	-270.011162	
141.3541	-270.019051	-270.028615	-269.975418	-270.011162	
141.3645	-270.019051	-270.028615	-269.975418	-270.011162	
141.3747	-270.019051	-270.028615	-269.975418	-270.011162	
141.3848	-270.019051	-270.028615	-269.975418	-270.011162	
141.395	-270.019051	-270.028615	-269.975418	-270.011162	
141.4051	-270.019051	-270.028615	-269.975418	-270.011162	
141.4153	-270.019051	-270.028615	-269.975418	-270.011162	
141.4255	-270.019051	-270.028615	-269.975418	-270.011162	
141.4356	-270.019051	-270.028615	-269.975418	-270.011162	
141.4458	-270.019051	-270.028615	-269.975418	-270.011162	
141.456	-270.019051	-270.028615	-269.975418	-270.011162	
141.4661	-270.019051	-270.028615	-269.975418	-270.011162	
141.4763	-270.019051	-270.028615	-269.975418	-270.011162	
141.4865	-270.019051	-270.028615	-269.975418	-270.011162	
141.4966	-270.019051	-270.028615	-269.975418	-270.011162	
141.5068	-270.019051	-270.028615	-269.975418	-270.011162	
141.5169	-270.019051	-270.028615	-269.975418	-270.011162	
141.5352	-270.019051	-270.028615	-269.975418	-270.011162	
141.5399	-270.019051	-270.028615	-269.975418	-270.011162	
141.5501	-270.019051	-270.028615	-269.975418	-270.011162	
141.5603	-270.019051	-270.028615	-269.975418	-270.002435	
141.5705	-270.019051	-270.028615	-269.975418	-270.002435	
141.5826	-270.019051	-270.028615	-269.975418	-270.002435	
141.5908	-270.019051	-270.028615	-269.975418	-270.002435	
141.6009	-270.019051	-270.028615	-269.975418	-270.002435	
141.611	-270.019051	-270.028615	-269.975418	-270.002435	
141.6292	-270.019051	-270.028615	-269.975418	-270.002435	
141.6339	-270.019051	-270.028615	-269.975418	-270.002435	
141.644	-270.019051	-270.028615	-269.975418	-270.002435	
141.6542	-270.019051	-270.028615	-269.975418	-270.002435	
141.6645	-270.019051	-270.028615	-269.975418	-270.002435	
141.6746	-270.019051	-270.028615	-269.975418	-270.002435	
141.6848	-270.019051	-270.028615	-269.975418	-270.002435	
141.695	-270.019051	-270.028615	-269.975418	-270.002435	
141.7052	-270.019051	-270.028615	-269.975418	-270.002435	
141.7152	-270.019051	-270.028615	-269.975418	-270.002435	
141.7255	-270.019051	-270.028615	-269.975418	-270.002435	
141.7357	-270.019051	-270.028615	-269.975418	-270.002435	
141.7458	-270.019051	-270.028615	-269.975418	-270.002435	
141.7559	-270.019051	-270.028615	-269.975418	-270.002435	
141.7662	-270.019051	-270.028615	-269.975418	-270.002435	
141.7845	-270.019051	-270.028615	-269.975418	-270.002435	
141.7892	-270.019051	-270.028615	-269.975418	-270.002435	
141.7994	-270.019051	-270.028615	-269.975418	-270.002435	
141.8095	-270.019051	-270.028615	-269.975418	-270.002435	
141.8196	-270.019051	-270.028615	-269.975418	-270.002435	
141.8303	-270.019051	-270.028615	-269.975418	-270.002435	
141.84	-270.019051	-270.028615	-269.975418	-270.002435	
141.8501	-270.019051	-270.028615	-269.975418	-270.002435	
141.8603	-270.019051	-270.028615	-269.975418	-270.002435	
141.8704	-270.019051	-270.028615	-269.975418	-270.002435	
141.8806	-270.019051	-270.028615	-269.975418	-270.002435	
141.8908	-270.019051	-270.028615	-269.975418	-270.002435	
141.9009	-270.019051	-270.028615	-269.975418	-270.002435	
141.9111	-270.019051	-270.028615	-269.975418	-270.002435	
141.9213	-270.019051	-270.028615	-269.975418	-270.002435	
141.9314	-270.019051	-270.028615	-269.975418	-270.002435	
141.9416	-270.019051	-270.028615	-269.975418	-270.002435	
141.9517	-270.019051	-270.028615	-269.975418	-270.002435	
141.9618	-270.019051	-270.028615	-269.975418	-270.002435	
141.972	-270.019051	-270.028615	-269.975418	-270.002435	
141.9822	-270.019051	-270.028615	-269.975418	-270.002435	
141.9924	-270.019051	-270.028615	-269.975418	-270.002435	
142.0025	-270.019051	-270.028615	-269.975418	-270.002435	
142.0127	-270.019051	-270.028615	-269.975418	-270.002435	
142.0229	-270.019051	-270.028615	-269.975418	-270.002435	
142.0331	-270.019051	-270.028615	-269.975418	-270.002435	
142.0432	-270.019051	-270.028615	-269.975418	-270.002435	
142.0534	-270.019051	-270.028615	-269.975418	-270.002435	
142.0636	-270.019051	-270.028615	-269.975418	-270.002435	
142.0737	-270.019051	-270.028615	-269.975418	-270.002435	
142.0839	-270.019051	-270.028615	-269.975418	-270.002435	
142.0941	-270.019051	-270.028615	-269.975418	-270.002435	
142.1043	-270.019051	-270.028615	-269.975418	-270.002435	
142.1145	-270.019051	-270.028615	-269.975418	-270.002435	
142.1246	-270.019051	-270.028615	-269.975418	-270.002435	
142.1348	-270.019051	-270.028615	-269.975418	-270.002435	
142.145	-270.019051	-270.028615	-269.975418	-270.002435	
142.1551	-270.019051	-270.028615	-269.975418	-270.002435	
142.1652	-270.019051	-270.028615	-269.975418	-270.002435	
142.1755	-270.019051	-270.028615	-269.975418	-270.002435	
142.1856	-270.019051	-270.028615	-269.975418	-270.002435	
142.1957	-270.019051	-270.028615	-269.975418	-270.002435	
142.2059	-270.019051	-270.028615	-269.975418	-270.002435	
142.2161	-270.019051	-270.028615	-269.975418	-270.002435	
142.2262	-270.019051	-270.028615	-269.975418	-270.002435	
142.2364	-270.019051	-270.028615	-269.975418	-270.002435	
142.2466	-270.019051	-270.028615	-269.975418	-270.002435	
142.2648	-270.019051	-270.028615	-269.975418	-270.002435	
142.2696	-270.019051	-270.028615	-269.975418	-270.002435	
142.2797	-270.019051	-270.028615	-269.975418	-270.002435	
142.2898	-270.019051	-270.028615	-269.975418	-270.002435	
142.3	-270.019051	-270.028615	-269.975418	-270.002435	
142.3101	-270.019051	-270.028615	-269.975418	-270.002435	
142.3203	-270.019051	-270.028615	-269.975418	-270.002435	
142.3306	-270.019051	-270.028615	-269.975418	-270.002435	
142.3491	-270.019051	-270.028615	-269.975418	-270.002435	
142.3547	-270.019051	-270.028615	-269.975418	-270.002435	
142.375	-270.019051	-270.028615	-269.975418	-270.002435	
142.3796	-270.019051	-270.028615	-269.975418	-270.002435	
142.3898	-270.019051	-270.028615	-269.975418	-270.002435	
142.4	-270.019051	-270.028615	-269.975418	-270.002435	
142.4101	-270.019051	-270.028615	-269.975418	-270.002435	
142.4202	-270.019051	-270.028615	-269.975418	-270.002435	
142.4306	-270.019051	-270.028615	-269.975418	-270.002435	
142.4406	-270.019051	-270.028615	-269.975418	-270.002435	
142.4508	-270.019051	-270.028615	-269.975418	-270.002435	
142.4608	-270.019051	-270.028615	-269.975418	-270.002435	
142.4712	-270.019051	-270.028615	-269.975418	-270.002435	
142.4814	-270.019051	-270.028615	-269.975418	-270.002435	
142.4914	-270.019051	-270.028615	-269.975418	-270.002435	
142.5016	-270.019051	-270.028615	-269.975418	-270.002435	
142.5117	-270.019051	-270.028615	-269.975418	-270.002435	
142.5218	-270.019051	-270.028615	-269.975418	-270.002435	
142.532	-270.019051	-270.028615	-269.975418	-270.002435	
142.5422	-270.019051	-270.028615	-269.975418	-270.002435	
142.5523	-270.019051	-270.028615	-269.975418	-270.002435	
142.5625	-270.019051	-270.028615	-269.975418	-270.002435	
142.5806	-270.019051	-270.028615	-269.975418	-270.002435	
142.5854	-270.019051	-270.028615	-269.975418	-270.002435	
142.5955	-270.019051	-270.028615	-269.975418	-270.002435	
142.6056	-270.019051	-270.028615	-269.975418	-270.002435	
142.6158	-270.019051	-270.028615	-269.975418	-270.002435	
142.6259	-270.019051	-270.028615	-269.975418	-270.002435	
142.6361	-270.019051	-270.028615	-269.975418	-270.002435	
142.6463	-270.019051	-270.028615	-269.975418	-270.002435	
142.6644	-270.019051	-270.028615	-269.975418	-270.002435	
142.669	-270.019051	-270.028615	-269.975418	-270.002435	
142.6792	-270.019051	-270.028615	-269.975418	-270.002435	
142.6894	-270.019051	-270.028615	-269.975418	-270.002435	
142.6995	-270.019051	-270.028615	-269.975418	-270.002435	
142.7097	-270.019051	-270.028615	-269.975418	-270.002435	
142.7199	-270.019051	-270.028615	-269.975418	-270.002435	
142.73	-270.019051	-270.028615	-269.975418	-270.002435	
142.7401	-270.019051	-270.028615	-269.975418	-270.002435	
142.7503	-270.019051	-270.028615	-269.975418	-270.002435	
142.7685	-270.019051	-270.028615	-269.975418	-270.002435	
142.7732	-270.019051	-270.028615	-269.975418	-270.002435	
142.7835	-270.019051	-270.028615	-269.975418	-270.002435	
142.7936	-270.019051	-270.028615	-269.975418	-270.002435	
142.8037	-270.019051	-270.028615	-269.975418	-270.002435	
142.8139	-270.019051	-270.028615	-269.975418	-270.002435	
142.8241	-270.019051	-270.028615	-269.975418	-270.002435	
142.8342	-270.019051	-270.028615	-269.975418	-270.002435	
142.8444	-270.019051	-270.028615	-269.975418	-270.002435	
142.8545	-270.019051	-270.028615	-269.975418	-270.002435	
142.8648	-270.019051	-270.028615	-269.975418	-270.002435	
142.8749	-270.019051	-270.028615	-269.975418	-270.002435	
142.8853	-270.019051	-270.028615	-269.975418	-270.002435	
142.8956	-270.019051	-270.028615	-269.975418	-270.002435	
142.9057	-270.019051	-270.028615	-269.975418	-270.002435	
142.9158	-270.019051	-270.028615	-269.975418	-270.002435	
142.9259	-270.019051	-270.028615	-269.975418	-270.002435	
142.9362	-270.019051	-270.028615	-269.975418	-270.002435	
142.9463	-270.019051	-270.028615	-269.975418	-270.002435	
142.9565	-270.019051	-270.028615	-269.975418	-270.002435	
142.9666	-270.019051	-270.028615	-269.975418	-270.002435	
142.9768	-270.019051	-270.028615	-269.975418	-270.002435	
142.987	-270.019051	-270.028615	-269.975418	-270.002435	
142.9971	-270.019051	-270.028615	-269.975418	-270.002435	
143.0073	-270.019051	-270.028615	-269.975418	-270.002435	
143.0174	-270.019051	-270.028615	-269.975418	-270.002435	
143.0276	-270.019051	-270.028615	-269.975418	-270.002435	
143.0378	-270.019051	-270.028615	-269.975418	-270.002435	
143.048	-270.019051	-270.028615	-269.975418	-270.002435	
143.058	-270.019051	-270.028615	-269.975418	-270.002435	
143.0682	-270.019051	-270.028615	-269.975418	-270.002435	
143.0784	-270.019051	-270.028615	-269.975418	-270.002435	
143.0966	-270.019051	-270.028615	-269.975418	-270.002435	
143.1012	-270.019051	-270.028615	-269.975418	-270.002435	
143.1114	-270.019051	-270.028615	-269.975418	-270.002435	
143.1215	-270.019051	-270.028615	-269.975418	-270.002435	
143.1317	-270.019051	-270.028615	-269.975418	-270.002435	
143.1418	-270.019051	-270.028615	-269.975418	-270.002435	
143.152	-270.019051	-270.028615	-269.975418	-270.002435	
143.1621	-270.019051	-270.028615	-269.975418	-270.002435	
143.1723	-270.019051	-270.028615	-269.975418	-270.002435	
143.1825	-270.019051	-270.028615	-269.975418	-270.002435	
143.1927	-270.019051	-270.028615	-269.975418	-270.002435	
143.2108	-270.019051	-270.028615	-269.975418	-270.002435	
143.2154	-270.019051	-270.028615	-269.975418	-270.002435	
143.2256	-270.019051	-270.028615	-269.975418	-270.002435	
143.2357	-270.019051	-270.028615	-269.975418	-270.002435	
143.2459	-270.019051	-270.028615	-269.975418	-270.002435	
143.256	-270.019051	-270.028615	-269.975418	-270.002435	
143.2662	-270.019051	-270.028615	-269.975418	-270.002435	
143.2764	-270.019051	-270.028615	-269.975418	-270.002435	
143.2866	-270.019051	-270.028615	-269.975418	-270.002435	
143.2967	-270.019051	-270.028615	-269.975418	-270.002435	
143.307	-270.019051	-270.028615	-269.975418	-270.002435	
143.3171	-270.019051	-270.028615	-269.975418	-270.002435	
143.3272	-270.019051	-270.028615	-269.975418	-270.002435	
143.3374	-270.019051	-270.028615	-269.975418	-270.002435	
143.3475	-270.019051	-270.028615	-269.975418	-270.002435	
143.3578	-270.019051	-270.028615	-269.975418	-270.002435	
143.3777	-270.019051	-270.028615	-269.975418	-270.002435	
143.3823	-270.019051	-270.028615	-269.975418	-270.002435	
143.3926	-270.019051	-270.028615	-269.975418	-270.002435	
143.4112	-270.019051	-270.028615	-269.975418	-270.002435	
143.4159	-270.019051	-270.028615	-269.975418	-270.002435	
143.4261	-270.019051	-270.028615	-269.975418	-270.002435	
143.4362	-270.019051	-270.028615	-269.975418	-270.002435	
143.4464	-270.019051	-270.028615	-269.975418	-270.002435	
143.4566	-270.019051	-270.028615	-269.975418	-270.002435	
143.4667	-270.019051	-270.028615	-269.975418	-270.002435	
143.4769	-270.019051	-270.028615	-269.975418	-270.002435	
143.4871	-270.019051	-270.028615	-269.975418	-270.002435	
143.4972	-270.019051	-270.028615	-269.975418	-270.002435	
143.5074	-270.019051	-270.028615	-269.975418	-270.002435	
143.5175	-270.019051	-270.028615	-269.975418	-270.002435	
143.5277	-270.019051	-270.028615	-269.975418	-270.002435	
143.5378	-270.019051	-270.028615	-269.975418	-270.002435	
143.548	-270.019051	-270.028615	-269.975418	-270.002435	
143.5582	-270.019051	-270.028615	-269.975418	-270.002435	
143.5684	-270.019051	-270.028615	-269.975418	-270.002435	
143.5785	-270.019051	-270.028615	-269.975418	-270.002435	
143.5887	-270.019051	-270.028615	-269.975418	-270.002435	
143.5989	-270.019051	-270.028615	-269.975418	-270.002435	
143.609	-270.019051	-270.028615	-269.975418	-270.002435	
143.6192	-270.019051	-270.028615	-269.975418	-270.002435	
143.6293	-270.019051	-270.028615	-269.975418	-270.002435	
143.6395	-270.019051	-270.028615	-269.975418	-270.002435	
143.6496	-270.019051	-270.028615	-269.975418	-270.002435	
143.6597	-270.019051	-270.028615	-269.975418	-270.002435	
143.6699	-270.019051	-270.028615	-269.975418	-270.002435	
143.6801	-270.019051	-270.028615	-269.975418	-270.002435	
143.6902	-270.019051	-270.028615	-269.975418	-270.002435	
143.7004	-270.019051	-270.028615	-269.975418	-270.002435	
143.7105	-270.019051	-270.028615	-269.975418	-270.002435	
143.7207	-270.019051	-270.028615	-269.975418	-270.002435	
143.731	-270.019051	-270.028615	-269.975418	-270.002435	
143.7411	-270.019051	-270.028615	-269.975418	-270.002435	
143.7513	-270.019051	-270.028615	-269.975418	-270.002435	
143.7615	-270.019051	-270.028615	-269.975418	-270.002435	
143.7715	-270.019051	-270.028615	-269.975418	-270.002435	
143.7817	-270.019051	-270.028615	-269.975418	-270.002435	
143.7919	-270.019051	-270.028615	-269.975418	-270.002435	
143.802	-270.019051	-270.028615	-269.975418	-270.002435	
143.8121	-270.019051	-270.028615	-269.975418	-270.002435	
143.8224	-270.019051	-270.028615	-269.975418	-270.002435	
143.8325	-270.019051	-270.028615	-269.975418	-270.002435	
143.8427	-270.019051	-270.028615	-269.975418	-270.002435	
143.8528	-270.019051	-270.028615	-269.975418	-270.002435	
143.8631	-270.019051	-270.028615	-269.975418	-270.002435	
143.8732	-270.019051	-270.028615	-269.975418	-270.002435	
143.8833	-270.019051	-270.028615	-269.975418	-270.002435	
143.8936	-270.019051	-270.028615	-269.975418	-270.002435	
143.9037	-270.019051	-270.028615	-269.975418	-270.002435	
143.9138	-270.019051	-270.028615	-269.975418	-270.002435	
143.924	-270.019051	-270.028615	-269.975418	-270.002435	
143.9342	-270.019051	-270.028615	-269.975418	-270.002435	
143.9443	-270.019051	-270.028615	-269.975418	-270.002435	
143.9545	-270.019051	-270.028615	-269.975418	-270.002435	
143.9647	-270.019051	-270.028615	-269.975418	-270.002435	
143.9748	-270.019051	-270.028615	-269.975418	-270.002435	
143.985	-270.019051	-270.028615	-269.975418	-270.002435	
143.9952	-270.019051	-270.028615	-269.975418	-270.002435	
144.0053	-270.019051	-270.028615	-269.975418	-270.002435	
144.0155	-270.019051	-270.028615	-269.975418	-270.002435	
144.0257	-270.019051	-270.028615	-269.975418	-270.002435	
144.0358	-270.019051	-270.028615	-269.975418	-270.002435	
144.046	-270.019051	-270.028615	-269.975418	-270.002435	
144.0561	-270.019051	-270.028615	-269.975418	-270.002435	
144.0663	-270.019051	-270.028615	-269.975418	-270.002435	
144.0764	-270.019051	-270.028615	-269.975418	-270.002435	
144.0866	-270.019051	-270.028615	-269.975418	-270.002435	
144.0968	-270.019051	-270.028615	-269.975418	-270.002435	
144.107	-270.019051	-270.028615	-269.975418	-270.002435	
144.1171	-270.019051	-270.028615	-269.975418	-270.002435	
144.1273	-270.019051	-270.028615	-269.975418	-270.002435	
144.1376	-270.019051	-270.028615	-269.975418	-270.002435	
144.1476	-270.019051	-270.028615	-269.975418	-270.002435	
144.1578	-270.019051	-270.028615	-269.975418	-270.002435	
144.168	-270.019051	-270.028615	-269.975418	-270.002435	
144.1781	-270.019051	-270.028615	-269.975418	-270.002435	
144.1883	-270.019051	-270.028615	-269.975418	-270.002435	
144.1984	-270.019051	-270.028615	-269.975418	-270.002435	
144.2165	-270.019051	-270.028615	-269.975418	-270.002435	
144.2212	-270.019051	-270.028615	-269.975418	-270.002435	
144.2314	-270.019051	-270.028615	-269.975418	-270.002435	
144.2416	-270.019051	-270.028615	-269.975418	-270.002435	
144.2516	-270.019051	-270.028615	-269.975418	-270.002435	
144.2618	-270.019051	-270.028615	-269.975418	-270.002435	
144.272	-270.019051	-270.028615	-269.975418	-270.002435	
144.2821	-270.019051	-270.028615	-269.975418	-270.002435	
144.2922	-270.019051	-270.028615	-269.975418	-270.002435	
144.3024	-270.019051	-270.028615	-269.975418	-270.002435	
144.3125	-270.019051	-270.028615	-269.975418	-270.002435	
144.3307	-270.019051	-270.028615	-269.975418	-270.002435	
144.3353	-270.019051	-270.028615	-269.975418	-270.002435	
144.3456	-270.019051	-270.028615	-269.975418	-270.002435	
144.3556	-270.019051	-270.028615	-269.975418	-270.002435	
144.3664	-270.019051	-270.028615	-269.975418	-270.002435	
144.376	-270.019051	-270.028615	-269.975418	-270.002435	
144.3861	-270.019051	-270.028615	-269.975418	-270.002435	
144.3962	-270.019051	-270.028615	-269.975418	-270.002435	
144.4065	-270.019051	-270.028615	-269.975418	-270.002435	
144.4168	-270.019051	-270.028615	-269.975418	-270.002435	
144.4268	-270.019051	-270.028615	-269.975418	-270.002435	
144.437	-270.019051	-270.028615	-269.975418	-270.002435	
144.4473	-270.019051	-270.028615	-269.975418	-270.002435	
144.4573	-270.019051	-270.028615	-269.975418	-270.002435	
144.4675	-270.019051	-270.028615	-269.975418	-270.002435	
144.4776	-270.019051	-270.028615	-269.975418	-270.002435	
144.4878	-270.019051	-270.028615	-269.975418	-270.002435	
144.4979	-270.019051	-270.028615	-269.975418	-270.002435	
144.5081	-270.019051	-270.028615	-269.975418	-270.002435	
144.5183	-270.019051	-270.028615	-269.975418	-270.002435	
144.5284	-270.019051	-270.028615	-269.975418	-270.002435	
144.5386	-270.019051	-270.028615	-269.975418	-270.002435	
144.5488	-270.019051	-270.028615	-269.975418	-270.002435	
144.559	-270.019051	-270.028615	-269.975418	-270.002435	
144.5692	-270.019051	-270.028615	-269.975418	-270.002435	
144.5792	-270.019051	-270.028615	-269.975418	-270.002435	
144.5894	-270.019051	-270.028615	-269.975418	-270.002435	
