26
26
26
26
26
26
26
26
26
26
26
26
26
26
26
26
27
26
27
27
27
27
27
27
27
28
28
28
28
29
29
29
29
30
30
30
30
30
255
255
255
255
255
255
255
255
255
255
255
255
255
255
255
255
255
255
255
255
255
255
255
255
255
255
255
255
255
255
255
255
255
255
255
255
255
255
255
255
255
255
255
255
255
255
255
255
255
255
255
255
255
255
255
255
255
255
255
255
255
255
255
255
255
255
255
255
255
255
255
255
255
255
255
255
255
255
255
255
255
255
255
255
255
255
255
255
255
255
255
255
255
255
255
255
255
255
255
255
255
255
255
255
255
255
255
255
255
255
58
255
59
255
58
57
59
57
58
57
56
57
56
56
56
56
56
56
55
55
55
55
55
55
55
55
55
55
55
55
55
55
55
55
55
55
54
55
55
55
55
55
55
55
55
55
55
55
55
55
55
55
55
55
55
55
55
55
55
55
56
56
56
56
56
56
56
56
57
57
58
57
58
58
58
70
70
70
70
70
70
70
70
70
70
70
70
70
70
44
70
70
45
43
43
43
42
42
42
42
42
42
42
42
41
41
41
41
41
41
41
41
41
40
40
40
40
40
40
40
40
40
40
40
40
40
40
40
40
40
40
40
40
40
40
40
40
40
40
40
40
40
40
40
40
40
40
40
40
40
40
40
41
41
41
41
41
41
41
41
41
42
42
43
42
43
31
31
30
30
30
29
29
29
29
29
29
28
28
28
28
28
28
28
27
27
27
27
27
27
26
27
27
26
26
26
26
26
26
26
26
26
26
26
26
26
26
26
26
26
26
26
