123
123
123
123
123
123
123
123
123
123
123
123
123
123
124
124
124
124
124
125
125
125
126
130
129
130
130
130
130
130
130
131
131
131
167
132
168
168
167
167
167
167
167
167
167
167
167
167
168
168
168
168
33
33
33
33
32
32
32
32
32
32
31
32
31
31
31
31
31
31
30
30
30
30
30
30
30
30
30
30
30
30
30
29
30
29
29
29
29
29
29
29
29
29
29
29
29
29
29
29
29
29
29
29
29
29
29
29
29
29
29
30
29
29
30
30
30
30
30
30
30
30
30
30
30
31
31
31
31
31
31
32
32
32
33
33
33
33
34
34
34
255
255
255
255
255
255
255
255
255
255
255
255
255
255
255
255
255
255
255
255
255
255
86
86
86
86
85
85
85
85
85
85
85
85
84
84
84
84
85
84
84
84
84
84
84
84
84
84
84
84
84
84
84
84
84
84
84
84
85
85
85
85
85
85
85
85
85
85
85
86
86
86
87
255
255
255
255
255
255
255
255
255
255
255
255
255
255
255
255
255
255
255
255
255
255
255
255
255
255
255
255
255
255
255
255
255
255
255
255
255
255
255
255
255
255
255
255
255
255
255
255
255
255
255
255
255
255
255
255
255
255
255
255
255
255
255
255
255
255
255
255
255
255
255
255
255
255
255
255
255
255
255
255
255
255
255
255
255
255
255
255
255
255
255
255
255
255
255
255
255
255
255
255
255
255
255
255
255
255
255
255
255
255
255
255
255
255
255
255
255
255
255
255
255
255
255
255
255
255
255
124
125
125
125
124
123
123
123
123
123
123
123
123
123
122
123
123
122
122
