69
69
69
69
69
69
69
69
69
69
69
69
69
69
70
69
70
70
70
70
70
70
70
70
71
70
71
72
71
72
89
89
89
89
89
89
89
89
89
89
89
89
89
89
89
89
89
89
89
89
89
89
89
89
89
89
90
90
90
89
90
90
90
90
90
91
91
90
55
55
55
55
55
55
55
55
54
54
54
54
54
54
54
54
54
53
53
53
53
53
53
53
53
53
53
53
53
53
53
53
53
53
53
53
53
53
53
53
53
53
53
54
53
53
54
54
54
54
54
54
54
54
54
54
55
55
55
56
56
56
56
56
57
255
255
255
255
255
255
255
255
255
255
255
255
255
255
255
255
255
255
255
255
255
255
255
255
255
255
255
255
255
255
255
255
255
255
255
255
255
255
255
255
255
255
255
255
139
255
138
138
138
138
138
138
138
138
138
138
138
138
138
138
138
138
138
138
138
138
138
138
139
139
255
255
255
255
255
255
255
255
255
255
255
255
255
255
255
255
255
255
255
255
255
255
255
255
255
255
255
255
255
255
255
255
255
255
255
255
255
255
255
255
255
255
255
255
255
255
255
255
255
255
255
255
255
255
255
255
255
255
255
255
255
255
157
156
156
156
156
155
155
155
155
155
155
155
155
155
155
154
155
155
155
155
155
155
155
155
155
155
155
155
155
156
156
156
156
156
157
255
255
255
255
255
255
255
255
255
255
255
255
255
255
255
78
78
77
77
77
76
76
76
76
76
76
76
76
76
76
76
76
75
76
76
76
76
76
75
72
71
72
71
70
70
70
70
70
70
70
69
69
69
69
69
69
69
69
69
69
