28
28
28
28
28
28
28
28
28
28
28
28
28
28
28
28
29
29
29
29
29
29
29
29
29
29
30
29
30
30
30
30
30
31
31
31
31
31
31
32
32
32
32
32
33
33
63
63
63
63
63
62
62
62
62
62
62
62
62
62
63
57
57
57
57
57
57
56
55
55
56
56
56
55
55
55
55
55
55
55
54
54
54
54
54
54
54
54
54
54
54
54
54
54
54
54
54
54
54
54
54
54
54
54
54
54
54
54
54
54
54
54
54
55
54
54
55
55
55
55
55
55
55
56
56
56
56
56
56
57
255
255
255
255
255
255
255
255
255
255
255
255
255
255
255
255
255
255
255
255
255
255
255
255
255
255
255
255
255
255
255
255
255
255
255
255
255
255
255
255
255
255
255
255
255
255
255
255
255
255
255
255
255
255
255
255
255
255
255
255
255
255
255
255
255
255
255
255
255
255
255
255
255
255
255
255
255
255
255
255
255
255
255
255
255
255
255
255
255
255
255
255
255
255
255
255
255
255
255
255
32
32
32
31
31
31
31
31
31
31
30
30
30
30
30
30
30
30
29
29
29
29
29
29
29
29
29
29
28
28
28
28
28
28
28
28
28
28
28
28
28
28
28
28
28
28
28
28
28
28
28
28
28
28
28
28
28
28
28
28
28
28
28
28
29
29
29
29
29
29
29
29
29
29
29
30
30
30
30
30
30
30
30
32
31
41
41
32
32
31
30
30
30
31
41
31
32
30
31
30
30
30
30
30
30
30
29
29
29
29
29
29
29
29
28
28
29
28
28
28
28
28
28
28
28
28
28
28
28
28
